1,1231006505,1231469665,463160
2,1231469665,1231469744,79
3,1231469665,1231470173,508
4,1231469744,1231470988,1244
5,1231469744,1231471428,1684
6,1231470173,1231471789,1616
7,1231470173,1231472369,2196
8,1231470988,1231472743,1755
9,1231470988,1231473279,2291
10,1231471428,1231473952,2524
11,1231471428,1231474360,2932
12,1231471789,1231474888,3099
13,1231472369,1231475020,2651
14,1231472743,1231475589,2846
15,1231473279,1231562746,89467
16,1231473952,1231562758,88806
17,1231474360,1231563791,89431
18,1231474888,1231564334,89446
19,1231475020,1231564974,89954
20,1231475589,1231565995,90406
21,1231562746,1231566553,3807
22,1231562758,1231567467,4709
23,1231563791,1231567611,3820
24,1231564334,1231568277,3943
25,1231564974,1231568646,3672
26,1231565995,1231570450,4455
27,1231566553,1231570573,4020
28,1231567467,1231601457,33990
29,1231567611,1231601503,33892
30,1231568277,1231602122,33845
31,1231568646,1231602736,34090
32,1231570450,1231603171,32721
33,1231570573,1231603939,33366
34,1231601457,1231604338,2881
35,1231601503,1231605153,3650
36,1231602122,1231605789,3667
37,1231602736,1231606762,4026
38,1231603171,1231607488,4317
39,1231603939,1231607511,3572
40,1231604338,1231608208,3870
41,1231605153,1231608903,3750
42,1231605789,1231609153,3364
43,1231606762,1231609477,2715
44,1231607488,1231610361,2873
45,1231607511,1231611068,3557
46,1231608208,1231611793,3585
47,1231608903,1231612888,3985
48,1231609153,1231613140,3987
49,1231609477,1231613802,4325
50,1231610361,1231614698,4337
51,1231611068,1231615503,4435
52,1231611793,1231616363,4570
53,1231612888,1231617190,4302
54,1231613140,1231617386,4246
55,1231613802,1231618509,4707
56,1231614698,1231618848,4150
57,1231615503,1231619676,4173
58,1231616363,1231620564,4201
59,1231617190,1231620928,3738
60,1231617386,1231621959,4573
61,1231618509,1231622445,3936
62,1231618848,1231623224,4376
63,1231619676,1231623880,4204
64,1231620564,1231624107,3543
65,1231620928,1231624503,3575
66,1231621959,1231625020,3061
67,1231622445,1231626072,3627
68,1231623224,1231626618,3394
69,1231623880,1231626979,3099
70,1231624107,1231627646,3539
71,1231624503,1231628459,3956
72,1231625020,1231629194,4174
73,1231626072,1231630288,4216
74,1231626618,1231631189,4571
75,1231626979,1231631822,4843
76,1231627646,1231632554,4908
77,1231628459,1231633184,4725
78,1231629194,1231635654,6460
79,1231630288,1231645607,15319
80,1231631189,1231646077,14888
81,1231631822,1231646456,14634
82,1231632554,1231647491,14937
83,1231633184,1231648583,15399
84,1231635654,1231649497,13843
85,1231645607,1231650483,4876
86,1231646077,1231650986,4909
87,1231646456,1231651888,5432
88,1231647491,1231652408,4917
89,1231648583,1231653209,4626
90,1231649497,1231653550,4053
91,1231650483,1231654229,3746
92,1231650986,1231654561,3575
93,1231651888,1231655037,3149
94,1231652408,1231655581,3173
95,1231653209,1231656204,2995
96,1231653550,1231657185,3635
97,1231654229,1231658068,3839
98,1231654561,1231659133,4572
99,1231655037,1231660146,5109
100,1231655581,1231660825,5244
101,1231656204,1231661741,5537
102,1231657185,1231662670,5485
103,1231658068,1231663467,5399
104,1231659133,1231664009,4876
105,1231660146,1231664567,4421
106,1231660825,1231665565,4740
107,1231661741,1231666285,4544
108,1231662670,1231667222,4552
109,1231663467,1231667774,4307
110,1231664009,1231668739,4730
111,1231664567,1231669673,5106
112,1231665565,1231670137,4572
113,1231666285,1231670975,4690
114,1231667222,1231671619,4397
115,1231667774,1231671963,4189
116,1231668739,1231672548,3809
117,1231669673,1231673147,3474
118,1231670137,1231673484,3347
119,1231670975,1231674557,3582
120,1231671619,1231675623,4004
121,1231671963,1231676281,4318
122,1231672548,1231676873,4325
123,1231673147,1231677823,4676
124,1231673484,1231678278,4794
125,1231674557,1231679255,4698
126,1231675623,1231679899,4276
127,1231676281,1231681965,5684
128,1231676873,1231682091,5218
129,1231677823,1231683160,5337
130,1231678278,1231684125,5847
131,1231679255,1231684725,5470
132,1231679899,1231685008,5109
133,1231681965,1231685667,3702
134,1231682091,1231686121,4030
135,1231683160,1231686376,3216
136,1231684125,1231686868,2743
137,1231684725,1231687155,2430
138,1231685008,1231687693,2685
139,1231685667,1231688158,2491
140,1231686121,1231689563,3442
141,1231686376,1231690260,3884
142,1231686868,1231691038,4170
143,1231687155,1231692104,4949
144,1231687693,1231693144,5451
145,1231688158,1231693700,5542
146,1231689563,1231694075,4512
147,1231690260,1231695120,4860
148,1231691038,1231695528,4490
149,1231692104,1231696366,4262
150,1231693144,1231696944,3800
151,1231693700,1231697621,3921
152,1231694075,1231698309,4234
153,1231695120,1231699081,3961
154,1231695528,1231700008,4480
155,1231696366,1231700434,4068
156,1231696944,1231700980,4036
157,1231697621,1231701538,3917
158,1231698309,1231702357,4048
159,1231699081,1231702618,3537
160,1231700008,1231703466,3458
161,1231700434,1231704197,3763
162,1231700980,1231704464,3484
163,1231701538,1231714917,13379
164,1231702357,1231715347,12990
165,1231702618,1231716245,13627
166,1231703466,1231716329,12863
167,1231704197,1231716711,12514
168,1231704464,1231717181,12717
169,1231714917,1231730523,15606
170,1231715347,1231731025,15678
171,1231716245,1231731401,15156
172,1231716329,1231731853,15524
173,1231716711,1231732245,15534
174,1231717181,1231732861,15680
175,1231730523,1231733876,3353
176,1231731025,1231735142,4117
177,1231731401,1231736557,5156
178,1231731853,1231737131,5278
179,1231732245,1231738005,5760
180,1231732861,1231739452,6591
181,1231733876,1231740133,6257
182,1231735142,1231740736,5594
183,1231736557,1231742062,5505
184,1231737131,1231742949,5818
185,1231738005,1231743578,5573
186,1231739452,1231743669,4217
187,1231740133,1231744600,4467
188,1231740736,1231744937,4201
189,1231742062,1231745189,3127
190,1231742949,1231745501,2552
191,1231743578,1231745534,1956
192,1231743669,1231747164,3495
193,1231744600,1231747455,2855
194,1231744937,1231747844,2907
195,1231745189,1231749225,4036
196,1231745501,1231750046,4545
197,1231745534,1231751312,5778
198,1231747164,1231752161,4997
199,1231747455,1231752757,5302
200,1231747844,1231753120,5276
201,1231749225,1231753837,4612
202,1231750046,1231754944,4898
203,1231751312,1231756296,4984
204,1231752161,1231756638,4477
205,1231752757,1231757171,4414
206,1231753120,1231757577,4457
207,1231753837,1231757909,4072
208,1231754944,1231758547,3603
209,1231756296,1231759316,3020
210,1231756638,1231759513,2875
211,1231757171,1231760107,2936
212,1231757577,1231760777,3200
213,1231757909,1231762221,4312
214,1231758547,1231762662,4115
215,1231759316,1231763114,3798
216,1231759513,1231764594,5081
217,1231760107,1231766029,5922
218,1231760777,1231766966,6189
219,1231762221,1231767990,5769
220,1231762662,1231768665,6003
221,1231763114,1231770060,6946
222,1231764594,1231770653,6059
223,1231766029,1231771213,5184
224,1231766966,1231771689,4723
225,1231767990,1231773076,5086
226,1231768665,1231773794,5129
227,1231770060,1231774735,4675
228,1231770653,1231775125,4472
229,1231771213,1231775577,4364
230,1231771689,1231776531,4842
231,1231773076,1231777403,4327
232,1231773794,1231778080,4286
233,1231774735,1231779468,4733
234,1231775125,1231780094,4969
235,1231775577,1231780771,5194
236,1231776531,1231781159,4628
237,1231777403,1231781185,3782
238,1231778080,1231782035,3955
239,1231779468,1231783052,3584
240,1231780094,1231783494,3400
241,1231780771,1231784201,3430
242,1231781159,1231785773,4614
243,1231781185,1231786898,5713
244,1231782035,1231787524,5489
245,1231783052,1231788397,5345
246,1231783494,1231788910,5416
247,1231784201,1231789563,5362
248,1231785773,1231790660,4887
249,1231786898,1231791095,4197
250,1231787524,1231792456,4932
251,1231788397,1231793759,5362
252,1231788910,1231795114,6204
253,1231789563,1231795882,6319
254,1231790660,1231796561,5901
255,1231791095,1231797290,6195
256,1231792456,1231798073,5617
257,1231793759,1231799163,5404
258,1231795114,1231800349,5235
259,1231795882,1231801541,5659
260,1231796561,1231802728,6167
261,1231797290,1231803223,5933
262,1231798073,1231803947,5874
263,1231799163,1231805421,6258
264,1231800349,1231805980,5631
265,1231801541,1231806051,4510
266,1231802728,1231806170,3442
267,1231803223,1231806964,3741
268,1231803947,1231807132,3185
269,1231805421,1231807293,1872
270,1231805980,1231808778,2798
271,1231806051,1231809900,3849
272,1231806170,1231810641,4471
273,1231806964,1231811219,4255
274,1231807132,1231811622,4490
275,1231807293,1231812926,5633
276,1231808778,1231813196,4418
277,1231809900,1231815025,5125
278,1231810641,1231815925,5284
279,1231811219,1231816169,4950
280,1231811622,1231817139,5517
281,1231812926,1231817659,4733
282,1231813196,1231818395,5199
283,1231815025,1231819157,4132
284,1231815925,1231820141,4216
285,1231816169,1231821417,5248
286,1231817139,1231822498,5359
287,1231817659,1231822967,5308
288,1231818395,1231823695,5300
289,1231819157,1231824272,5115
290,1231820141,1231825046,4905
291,1231821417,1231825707,4290
292,1231822498,1231826633,4135
293,1231822967,1231827489,4522
294,1231823695,1231828541,4846
295,1231824272,1231829183,4911
296,1231825046,1231829684,4638
297,1231825707,1231829772,4065
298,1231826633,1231830791,4158
299,1231827489,1231831694,4205
300,1231828541,1231832435,3894
301,1231829183,1231833175,3992
302,1231829684,1231833861,4177
303,1231829772,1231835108,5336
304,1231830791,1231835642,4851
305,1231831694,1231836755,5061
306,1231832435,1231837946,5511
307,1231833175,1231838493,5318
308,1231833861,1231839461,5600
309,1231835108,1231839504,4396
310,1231835642,1231840002,4360
311,1231836755,1231840140,3385
312,1231837946,1231841124,3178
313,1231838493,1231841699,3206
314,1231839461,1231842444,2983
315,1231839504,1231843597,4093
316,1231840002,1231844245,4243
317,1231840140,1231844715,4575
318,1231841124,1231845101,3977
319,1231841699,1231846048,4349
320,1231842444,1231846218,3774
321,1231843597,1231846990,3393
322,1231844245,1231847669,3424
323,1231844715,1231848372,3657
324,1231845101,1231849416,4315
325,1231846048,1231849987,3939
326,1231846218,1231850712,4494
327,1231846990,1231851531,4541
328,1231847669,1231851944,4275
329,1231848372,1231852306,3934
330,1231849416,1231853108,3692
331,1231849987,1231854172,4185
332,1231850712,1231854604,3892
333,1231851531,1231855081,3550
334,1231851944,1231855781,3837
335,1231852306,1231856031,3725
336,1231853108,1231856644,3536
337,1231854172,1231857108,2936
338,1231854604,1231857528,2924
339,1231855081,1231857859,2778
340,1231855781,1231858635,2854
341,1231856031,1231859159,3128
342,1231856644,1231860068,3424
343,1231857108,1231860987,3879
344,1231857528,1231861522,3994
345,1231857859,1231861893,4034
346,1231858635,1231862299,3664
347,1231859159,1231863290,4131
348,1231860068,1231864090,4022
349,1231860987,1231864857,3870
350,1231861522,1231865478,3956
351,1231861893,1231866358,4465
352,1231862299,1231866858,4559
353,1231863290,1231867963,4673
354,1231864090,1231868549,4459
355,1231864857,1231869577,4720
356,1231865478,1231870655,5177
357,1231866358,1231870808,4450
358,1231866858,1231871671,4813
359,1231867963,1231872516,4553
360,1231868549,1231872582,4033
361,1231869577,1231873025,3448
362,1231870655,1231873610,2955
363,1231870808,1231874201,3393
364,1231871671,1231875152,3481
365,1231872516,1231875837,3321
366,1231872582,1231876609,4027
367,1231873025,1231877248,4223
368,1231873610,1231878378,4768
369,1231874201,1231879535,5334
370,1231875152,1231879977,4825
371,1231875837,1231880431,4594
372,1231876609,1231880620,4011
373,1231877248,1231880887,3639
374,1231878378,1231881668,3290
375,1231879535,1231882823,3288
376,1231879977,1231883994,4017
377,1231880431,1231884950,4519
378,1231880620,1231885847,5227
379,1231880887,1231886424,5537
380,1231881668,1231886972,5304
381,1231882823,1231887806,4983
382,1231883994,1231888319,4325
383,1231884950,1231889357,4407
384,1231885847,1231890178,4331
385,1231886424,1231890970,4546
386,1231886972,1231891966,4994
387,1231887806,1231892936,5130
388,1231888319,1231893644,5325
389,1231889357,1231894426,5069
390,1231890178,1231895654,5476
391,1231890970,1231896614,5644
392,1231891966,1231897053,5087
393,1231892936,1231897603,4667
394,1231893644,1231897970,4326
395,1231894426,1231898331,3905
396,1231895654,1231898751,3097
397,1231896614,1231899618,3004
398,1231897053,1231900415,3362
399,1231897603,1231901339,3736
400,1231897970,1231902179,4209
401,1231898331,1231902868,4537
402,1231898751,1231903283,4532
403,1231899618,1231903835,4217
404,1231900415,1231904592,4177
405,1231901339,1231905679,4340
406,1231902179,1231906883,4704
407,1231902868,1231907580,4712
408,1231903283,1231907948,4665
409,1231903835,1231908863,5028
410,1231904592,1231909577,4985
411,1231905679,1231910433,4754
412,1231906883,1231910935,4052
413,1231907580,1231911838,4258
414,1231907948,1231912058,4110
415,1231908863,1231912565,3702
416,1231909577,1231912942,3365
417,1231910433,1231913658,3225
418,1231910935,1231914025,3090
419,1231911838,1231914168,2330
420,1231912058,1231914994,2936
421,1231912565,1231915415,2850
422,1231912942,1231915840,2898
423,1231913658,1231916533,2875
424,1231914025,1231917703,3678
425,1231914168,1231918065,3897
426,1231914994,1231919092,4098
427,1231915415,1231920354,4939
428,1231915840,1231920924,5084
429,1231916533,1231922041,5508
430,1231917703,1231922852,5149
431,1231918065,1231923141,5076
432,1231919092,1231923277,4185
433,1231920354,1231924258,3904
434,1231920924,1231924394,3470
435,1231922041,1231925298,3257
436,1231922852,1231926247,3395
437,1231923141,1231927300,4159
438,1231923277,1231927782,4505
439,1231924258,1231928740,4482
440,1231924394,1231928776,4382
441,1231925298,1231929745,4447
442,1231926247,1231930435,4188
443,1231927300,1231930862,3562
444,1231927782,1231931549,3767
445,1231928740,1231932001,3261
446,1231928776,1231932921,4145
447,1231929745,1231933666,3921
448,1231930435,1231934513,4078
449,1231930862,1231935119,4257
450,1231931549,1231936030,4481
451,1231932001,1231936485,4484
452,1231932921,1231937405,4484
453,1231933666,1231938459,4793
454,1231934513,1231939525,5012
455,1231935119,1231940169,5050
456,1231936030,1231941022,4992
457,1231936485,1231942187,5702
458,1231937405,1231942726,5321
459,1231938459,1231943274,4815
460,1231939525,1231943631,4106
461,1231940169,1231943876,3707
462,1231941022,1231944234,3212
463,1231942187,1231944562,2375
464,1231942726,1231944640,1914
465,1231943274,1231944968,1694
466,1231943631,1231945725,2094
467,1231943876,1231946092,2216
468,1231944234,1231947213,2979
469,1231944562,1231948092,3530
470,1231944640,1231948637,3997
471,1231944968,1231949596,4628
472,1231945725,1231950232,4507
473,1231946092,1231950272,4180
474,1231947213,1231950841,3628
475,1231948092,1231951310,3218
476,1231948637,1231952108,3471
477,1231949596,1231953157,3561
478,1231950232,1231953545,3313
479,1231950272,1231954777,4505
480,1231950841,1231955305,4464
481,1231951310,1231956588,5278
482,1231952108,1231957046,4938
483,1231953157,1231958131,4974
484,1231953545,1231958892,5347
485,1231954777,1231958995,4218
486,1231955305,1231959366,4061
487,1231956588,1231959983,3395
488,1231957046,1231961090,4044
489,1231958131,1231962187,4056
490,1231958892,1231962298,3406
491,1231958995,1231962666,3671
492,1231959366,1231963006,3640
493,1231959983,1231963103,3120
494,1231961090,1231963503,2413
495,1231962187,1231964596,2409
496,1231962298,1231965655,3357
497,1231962666,1231966316,3650
498,1231963006,1231966976,3970
499,1231963103,1231967680,4577
500,1231963503,1231968449,4946
501,1231964596,1231969111,4515
502,1231965655,1231969575,3920
503,1231966316,1231970693,4377
504,1231966976,1231971788,4812
505,1231967680,1231972858,5178
506,1231968449,1231973609,5160
507,1231969111,1231973656,4545
508,1231969575,1231974724,5149
509,1231970693,1231975112,4419
510,1231971788,1231975169,3381
511,1231972858,1231975547,2689
512,1231973609,1231975750,2141
513,1231973656,1231976547,2891
514,1231974724,1231977072,2348
515,1231975112,1231978202,3090
516,1231975169,1231979190,4021
517,1231975547,1231979559,4012
518,1231975750,1231980679,4929
519,1231976547,1231981816,5269
520,1231977072,1231982359,5287
521,1231978202,1231982645,4443
522,1231979190,1231983047,3857
523,1231979559,1231983513,3954
524,1231980679,1231983986,3307
525,1231981816,1231984996,3180
526,1231982359,1231985645,3286
527,1231982645,1231986079,3434
528,1231983047,1231986958,3911
529,1231983513,1231987028,3515
530,1231983986,1231988141,4155
531,1231984996,1231989040,4044
532,1231985645,1231989398,3753
533,1231986079,1231989852,3773
534,1231986958,1231991091,4133
535,1231987028,1231991724,4696
536,1231988141,1231992546,4405
537,1231989040,1231992912,3872
538,1231989398,1231993954,4556
539,1231989852,1231994794,4942
540,1231991091,1231995328,4237
541,1231991724,1231995747,4023
542,1231992546,1231995860,3314
543,1231992912,1231996652,3740
544,1231993954,1231997349,3395
545,1231994794,1231998512,3718
546,1231995328,1231999700,4372
547,1231995747,1232000330,4583
548,1231995860,1232001087,5227
549,1231996652,1232002235,5583
550,1231997349,1232002581,5232
551,1231998512,1232003453,4941
552,1231999700,1232004122,4422
553,1232000330,1232005462,5132
554,1232001087,1232006385,5298
555,1232002235,1232007119,4884
556,1232002581,1232008124,5543
557,1232003453,1232008622,5169
558,1232004122,1232009292,5170
559,1232005462,1232010280,4818
560,1232006385,1232010874,4489
561,1232007119,1232011955,4836
562,1232008124,1232012146,4022
563,1232008622,1232012402,3780
564,1232009292,1232012460,3168
565,1232010280,1232013560,3280
566,1232010874,1232014595,3721
567,1232011955,1232014906,2951
568,1232012146,1232015450,3304
569,1232012402,1232015762,3360
570,1232012460,1232016648,4188
571,1232013560,1232017034,3474
572,1232014595,1232018217,3622
573,1232014906,1232018781,3875
574,1232015450,1232019144,3694
575,1232015762,1232020171,4409
576,1232016648,1232020303,3655
577,1232017034,1232021565,4531
578,1232018217,1232022521,4304
579,1232018781,1232023318,4537
580,1232019144,1232024017,4873
581,1232020171,1232024561,4390
582,1232020303,1232025374,5071
583,1232021565,1232026445,4880
584,1232022521,1232027566,5045
585,1232023318,1232028405,5087
586,1232024017,1232029520,5503
587,1232024561,1232030354,5793
588,1232025374,1232031265,5891
589,1232026445,1232032416,5971
590,1232027566,1232032931,5365
591,1232028405,1232033622,5217
592,1232029520,1232033858,4338
593,1232030354,1232034716,4362
594,1232031265,1232035463,4198
595,1232032416,1232036324,3908
596,1232032931,1232036500,3569
597,1232033622,1232036790,3168
598,1232033858,1232037121,3263
599,1232034716,1232038030,3314
600,1232035463,1232038747,3284
601,1232036324,1232039247,2923
602,1232036500,1232040312,3812
603,1232036790,1232041314,4524
604,1232037121,1232041344,4223
605,1232038030,1232041720,3690
606,1232038747,1232042240,3493
607,1232039247,1232042393,3146
608,1232040312,1232043026,2714
609,1232041314,1232043349,2035
610,1232041344,1232044039,2695
611,1232041720,1232044594,2874
612,1232042240,1232045313,3073
613,1232042393,1232045372,2979
614,1232043026,1232045504,2478
615,1232043349,1232046290,2941
616,1232044039,1232046839,2800
617,1232044594,1232047418,2824
618,1232045313,1232048357,3044
619,1232045372,1232049139,3767
620,1232045504,1232050140,4636
621,1232046290,1232050537,4247
622,1232046839,1232051001,4162
623,1232047418,1232051797,4379
624,1232048357,1232052697,4340
625,1232049139,1232052762,3623
626,1232050140,1232053261,3121
627,1232050537,1232054174,3637
628,1232051001,1232054999,3998
629,1232051797,1232055703,3906
630,1232052697,1232056478,3781
631,1232052762,1232057250,4488
632,1232053261,1232057835,4574
633,1232054174,1232058216,4042
634,1232054999,1232058407,3408
635,1232055703,1232059171,3468
636,1232056478,1232060248,3770
637,1232057250,1232060865,3615
638,1232057835,1232061462,3627
639,1232058216,1232062277,4061
640,1232058407,1232063044,4637
641,1232059171,1232064028,4857
642,1232060248,1232064487,4239
643,1232060865,1232064985,4120
644,1232061462,1232065311,3849
645,1232062277,1232065648,3371
646,1232063044,1232066137,3093
647,1232064028,1232066628,2600
648,1232064487,1232067816,3329
649,1232064985,1232068634,3649
650,1232065311,1232069443,4132
651,1232065648,1232070406,4758
652,1232066137,1232070480,4343
653,1232066628,1232070880,4252
654,1232067816,1232071761,3945
655,1232068634,1232072093,3459
656,1232069443,1232072812,3369
657,1232070406,1232073815,3409
658,1232070480,1232073893,3413
659,1232070880,1232074147,3267
660,1232071761,1232074673,2912
661,1232072093,1232075360,3267
662,1232072812,1232076911,4099
663,1232073815,1232077965,4150
664,1232073893,1232078396,4503
665,1232074147,1232078458,4311
666,1232074673,1232079036,4363
667,1232075360,1232079598,4238
668,1232076911,1232080611,3700
669,1232077965,1232081542,3577
670,1232078396,1232083261,4865
671,1232078458,1232084566,6108
672,1232079036,1232085703,6667
673,1232079598,1232086216,6618
674,1232080611,1232087115,6504
675,1232081542,1232088311,6769
676,1232083261,1232089660,6399
677,1232084566,1232090447,5881
678,1232085703,1232091328,5625
679,1232086216,1232092225,6009
680,1232087115,1232092650,5535
681,1232088311,1232093273,4962
682,1232089660,1232094155,4495
683,1232090447,1232095430,4983
684,1232091328,1232096885,5557
685,1232092225,1232097041,4816
686,1232092650,1232098329,5679
687,1232093273,1232098386,5113
688,1232094155,1232098802,4647
689,1232095430,1232099502,4072
690,1232096885,1232100266,3381
691,1232097041,1232100803,3762
692,1232098329,1232101972,3643
693,1232098386,1232103320,4934
694,1232098802,1232103990,5188
695,1232099502,1232104729,5227
696,1232100266,1232106114,5848
697,1232100803,1232107288,6485
698,1232101972,1232107813,5841
699,1232103320,1232108064,4744
700,1232103990,1232108688,4698
701,1232104729,1232109864,5135
702,1232106114,1232110073,3959
703,1232107288,1232110280,2992
704,1232107813,1232111152,3339
705,1232108064,1232111780,3716
706,1232108688,1232112566,3878
707,1232109864,1232113906,4042
708,1232110073,1232114037,3964
709,1232110280,1232115216,4936
710,1232111152,1232116727,5575
711,1232111780,1232118179,6399
712,1232112566,1232119286,6720
713,1232113906,1232119341,5435
714,1232114037,1232119917,5880
715,1232115216,1232120951,5735
716,1232116727,1232122161,5434
717,1232118179,1232122736,4557
718,1232119286,1232124164,4878
719,1232119341,1232125432,6091
720,1232119917,1232125633,5716
721,1232120951,1232126326,5375
722,1232122161,1232127258,5097
723,1232122736,1232128717,5981
724,1232124164,1232129602,5438
725,1232125432,1232131033,5601
726,1232125633,1232132250,6617
727,1232126326,1232132515,6189
728,1232127258,1232133515,6257
729,1232128717,1232133558,4841
730,1232129602,1232134449,4847
731,1232131033,1232134905,3872
732,1232132250,1232135969,3719
733,1232132515,1232136547,4032
734,1232133515,1232137444,3929
735,1232133558,1232138546,4988
736,1232134449,1232139204,4755
737,1232134905,1232139727,4822
738,1232135969,1232140366,4397
739,1232136547,1232141054,4507
740,1232137444,1232141960,4516
741,1232138546,1232142119,3573
742,1232139204,1232143308,4104
743,1232139727,1232144951,5224
744,1232140366,1232146460,6094
745,1232141054,1232147265,6211
746,1232141960,1232148780,6820
747,1232142119,1232150041,7922
748,1232143308,1232150102,6794
749,1232144951,1232151146,6195
750,1232146460,1232152343,5883
751,1232147265,1232152910,5645
752,1232148780,1232153225,4445
753,1232150041,1232153864,3823
754,1232150102,1232154634,4532
755,1232151146,1232155719,4573
756,1232152343,1232156539,4196
757,1232152910,1232156739,3829
758,1232153225,1232157221,3996
759,1232153864,1232158170,4306
760,1232154634,1232158840,4206
761,1232155719,1232159437,3718
762,1232156539,1232160698,4159
763,1232156739,1232161744,5005
764,1232157221,1232162276,5055
765,1232158170,1232163166,4996
766,1232158840,1232164242,5402
767,1232159437,1232164279,4842
768,1232160698,1232165677,4979
769,1232161744,1232166977,5233
770,1232162276,1232168140,5864
771,1232163166,1232168513,5347
772,1232164242,1232168636,4394
773,1232164279,1232169303,5024
774,1232165677,1232169696,4019
775,1232166977,1232171060,4083
776,1232168140,1232171865,3725
777,1232168513,1232171948,3435
778,1232168636,1232172535,3899
779,1232169303,1232173741,4438
780,1232169696,1232174964,5268
781,1232171060,1232175823,4763
782,1232171865,1232177092,5227
783,1232171948,1232177364,5416
784,1232172535,1232179003,6468
785,1232173741,1232180282,6541
786,1232174964,1232180428,5464
787,1232175823,1232180879,5056
788,1232177092,1232180896,3804
789,1232177364,1232181334,3970
790,1232179003,1232182083,3080
791,1232180282,1232183635,3353
792,1232180428,1232184950,4522
793,1232180879,1232186294,5415
794,1232180896,1232187625,6729
795,1232181334,1232188579,7245
796,1232182083,1232189223,7140
797,1232183635,1232190699,7064
798,1232184950,1232192234,7284
799,1232186294,1232193674,7380
800,1232187625,1232194705,7080
801,1232188579,1232195440,6861
802,1232189223,1232195855,6632
803,1232190699,1232196066,5367
804,1232192234,1232196222,3988
805,1232193674,1232196637,2963
806,1232194705,1232198028,3323
807,1232195440,1232198652,3212
808,1232195855,1232199450,3595
809,1232196066,1232199992,3926
810,1232196222,1232200390,4168
811,1232196637,1232201404,4767
812,1232198028,1232201792,3764
813,1232198652,1232201977,3325
814,1232199450,1232202799,3349
815,1232199992,1232203123,3131
816,1232200390,1232204591,4201
817,1232201404,1232205957,4553
818,1232201792,1232206467,4675
819,1232201977,1232206702,4725
820,1232202799,1232207788,4989
821,1232203123,1232208241,5118
822,1232204591,1232208484,3893
823,1232205957,1232209980,4023
824,1232206467,1232210734,4267
825,1232206702,1232211036,4334
826,1232207788,1232211605,3817
827,1232208241,1232212551,4310
828,1232208484,1232213029,4545
829,1232209980,1232213194,3214
830,1232210734,1232213554,2820
831,1232211036,1232214634,3598
832,1232211605,1232215545,3940
833,1232212551,1232216501,3950
834,1232213029,1232217508,4479
835,1232213194,1232218747,5553
836,1232213554,1232219534,5980
837,1232214634,1232219953,5319
838,1232215545,1232220551,5006
839,1232216501,1232221146,4645
840,1232217508,1232222636,5128
841,1232218747,1232223492,4745
842,1232219534,1232223930,4396
843,1232219953,1232224123,4170
844,1232220551,1232224537,3986
845,1232221146,1232224643,3497
846,1232222636,1232225685,3049
847,1232223492,1232226781,3289
848,1232223930,1232227629,3699
849,1232224123,1232228695,4572
850,1232224537,1232229891,5354
851,1232224643,1232230156,5513
852,1232225685,1232230602,4917
853,1232226781,1232231701,4920
854,1232227629,1232233355,5726
855,1232228695,1232234595,5900
856,1232229891,1232235821,5930
857,1232230156,1232236630,6474
858,1232230602,1232237414,6812
859,1232231701,1232238172,6471
860,1232233355,1232239516,6161
861,1232234595,1232240418,5823
862,1232235821,1232241151,5330
863,1232236630,1232242395,5765
864,1232237414,1232243472,6058
865,1232238172,1232243873,5701
866,1232239516,1232244658,5142
867,1232240418,1232244991,4573
868,1232241151,1232246210,5059
869,1232242395,1232247229,4834
870,1232243472,1232247477,4005
871,1232243873,1232249078,5205
872,1232244658,1232250005,5347
873,1232244991,1232250742,5751
874,1232246210,1232252254,6044
875,1232247229,1232252663,5434
876,1232247477,1232253850,6373
877,1232249078,1232254751,5673
878,1232250005,1232256159,6154
879,1232250742,1232257224,6482
880,1232252254,1232258441,6187
881,1232252663,1232259101,6438
882,1232253850,1232260301,6451
883,1232254751,1232261425,6674
884,1232256159,1232261799,5640
885,1232257224,1232262359,5135
886,1232258441,1232262719,4278
887,1232259101,1232262926,3825
888,1232260301,1232263401,3100
889,1232261425,1232264942,3517
890,1232261799,1232266126,4327
891,1232262359,1232267105,4746
892,1232262719,1232268076,5357
893,1232262926,1232269231,6305
894,1232263401,1232270118,6717
895,1232264942,1232271496,6554
896,1232266126,1232272930,6804
897,1232267105,1232273473,6368
898,1232268076,1232274205,6129
899,1232269231,1232275311,6080
900,1232270118,1232275729,5611
901,1232271496,1232277180,5684
902,1232272930,1232278193,5263
903,1232273473,1232279463,5990
904,1232274205,1232280145,5940
905,1232275311,1232280459,5148
906,1232275729,1232281585,5856
907,1232277180,1232281621,4441
908,1232278193,1232282025,3832
909,1232279463,1232282850,3387
910,1232280145,1232284184,4039
911,1232280459,1232285076,4617
912,1232281585,1232286406,4821
913,1232281621,1232286892,5271
914,1232282025,1232287750,5725
915,1232282850,1232288629,5779
916,1232284184,1232288674,4490
917,1232285076,1232289711,4635
918,1232286406,1232290270,3864
919,1232286892,1232290924,4032
920,1232287750,1232291413,3663
921,1232288629,1232292231,3602
922,1232288674,1232293348,4674
923,1232289711,1232294096,4385
924,1232290270,1232294687,4417
925,1232290924,1232295430,4506
926,1232291413,1232296490,5077
927,1232292231,1232296937,4706
928,1232293348,1232298030,4682
929,1232294096,1232298650,4554
930,1232294687,1232299798,5111
931,1232295430,1232301208,5778
932,1232296490,1232301593,5103
933,1232296937,1232302140,5203
934,1232298030,1232303074,5044
935,1232298650,1232303210,4560
936,1232299798,1232303636,3838
937,1232301208,1232304668,3460
938,1232301593,1232306174,4581
939,1232302140,1232306686,4546
940,1232303074,1232306853,3779
941,1232303210,1232307189,3979
942,1232303636,1232307944,4308
943,1232304668,1232308979,4311
944,1232306174,1232309501,3327
945,1232306686,1232309637,2951
946,1232306853,1232309875,3022
947,1232307189,1232311132,3943
948,1232307944,1232312064,4120
949,1232308979,1232312474,3495
950,1232309501,1232313148,3647
951,1232309637,1232313891,4254
952,1232309875,1232315215,5340
953,1232311132,1232315776,4644
954,1232312064,1232316261,4197
955,1232312474,1232316437,3963
956,1232313148,1232316957,3809
957,1232313891,1232317580,3689
958,1232315215,1232317818,2603
959,1232315776,1232318024,2248
960,1232316261,1232319062,2801
961,1232316437,1232319910,3473
962,1232316957,1232321408,4451
963,1232317580,1232321869,4289
964,1232317818,1232322800,4982
965,1232318024,1232323275,5251
966,1232319062,1232323703,4641
967,1232319910,1232323869,3959
968,1232321408,1232325165,3757
969,1232321869,1232325821,3952
970,1232322800,1232326840,4040
971,1232323275,1232327230,3955
972,1232323703,1232328352,4649
973,1232323869,1232329010,5141
974,1232325165,1232329529,4364
975,1232325821,1232330208,4387
976,1232326840,1232331030,4190
977,1232327230,1232332553,5323
978,1232328352,1232333325,4973
979,1232329010,1232334078,5068
980,1232329529,1232334867,5338
981,1232330208,1232335733,5525
982,1232331030,1232336991,5961
983,1232332553,1232338277,5724
984,1232333325,1232338844,5519
985,1232334078,1232339172,5094
986,1232334867,1232339501,4634
987,1232335733,1232340412,4679
988,1232336991,1232340645,3654
989,1232338277,1232341883,3606
990,1232338844,1232342619,3775
991,1232339172,1232343383,4211
992,1232339501,1232343956,4455
993,1232340412,1232344227,3815
994,1232340645,1232344489,3844
995,1232341883,1232344831,2948
996,1232342619,1232345150,2531
997,1232343383,1232345400,2017
998,1232343956,1232345881,1925
999,1232344227,1232346443,2216
1000,1232344489,1232346882,2393
1001,1232344831,1232347786,2955
1002,1232345150,1232348906,3756
1003,1232345400,1232349972,4572
1004,1232345881,1232350152,4271
1005,1232346443,1232351523,5080
1006,1232346882,1232352703,5821
1007,1232347786,1232353666,5880
1008,1232348906,1232354420,5514
1009,1232349972,1232355137,5165
1010,1232350152,1232355307,5155
1011,1232351523,1232356168,4645
1012,1232352703,1232357462,4759
1013,1232353666,1232358388,4722
1014,1232354420,1232359280,4860
1015,1232355137,1232359489,4352
1016,1232355307,1232360852,5545
1017,1232356168,1232361382,5214
1018,1232357462,1232361706,4244
1019,1232358388,1232363330,4942
1020,1232359280,1232364571,5291
1021,1232359489,1232365709,6220
1022,1232360852,1232366060,5208
1023,1232361382,1232366096,4714
1024,1232361706,1232367378,5672
1025,1232363330,1232367968,4638
1026,1232364571,1232368368,3797
1027,1232365709,1232368720,3011
1028,1232366060,1232369020,2960
1029,1232366096,1232369217,3121
1030,1232367378,1232370113,2735
1031,1232367968,1232370432,2464
1032,1232368368,1232371508,3140
1033,1232368720,1232372928,4208
1034,1232369020,1232373619,4599
1035,1232369217,1232374825,5608
1036,1232370113,1232376067,5954
1037,1232370432,1232376733,6301
1038,1232371508,1232377504,5996
1039,1232372928,1232378244,5316
1040,1232373619,1232379081,5462
1041,1232374825,1232380221,5396
1042,1232376067,1232380348,4281
1043,1232376733,1232381185,4452
1044,1232377504,1232382527,5023
1045,1232378244,1232383834,5590
1046,1232379081,1232384317,5236
1047,1232380221,1232385004,4783
1048,1232380348,1232385556,5208
1049,1232381185,1232386339,5154
1050,1232382527,1232387586,5059
1051,1232383834,1232388432,4598
1052,1232384317,1232388789,4472
1053,1232385004,1232389749,4745
1054,1232385556,1232390294,4738
1055,1232386339,1232391642,5303
1056,1232387586,1232392372,4786
1057,1232388432,1232393819,5387
1058,1232388789,1232394221,5432
1059,1232389749,1232395609,5860
1060,1232390294,1232395715,5421
1061,1232391642,1232396552,4910
1062,1232392372,1232396840,4468
1063,1232393819,1232397012,3193
1064,1232394221,1232397730,3509
1065,1232395609,1232398150,2541
1066,1232395715,1232398573,2858
1067,1232396552,1232399182,2630
1068,1232396840,1232399947,3107
1069,1232397012,1232399994,2982
1070,1232397730,1232401220,3490
1071,1232398150,1232402234,4084
1072,1232398573,1232402972,4399
1073,1232399182,1232403570,4388
1074,1232399947,1232404725,4778
1075,1232399994,1232404884,4890
1076,1232401220,1232406007,4787
1077,1232402234,1232406728,4494
1078,1232402972,1232407662,4690
1079,1232403570,1232408570,5000
1080,1232404725,1232409668,4943
1081,1232404884,1232410217,5333
1082,1232406007,1232410784,4777
1083,1232406728,1232411392,4664
1084,1232407662,1232411662,4000
1085,1232408570,1232412891,4321
1086,1232409668,1232413730,4062
1087,1232410217,1232414993,4776
1088,1232410784,1232415023,4239
1089,1232411392,1232415903,4511
1090,1232411662,1232416696,5034
1091,1232412891,1232417465,4574
1092,1232413730,1232417578,3848
1093,1232414993,1232418698,3705
1094,1232415023,1232418765,3742
1095,1232415903,1232419059,3156
1096,1232416696,1232419724,3028
1097,1232417465,1232420523,3058
1098,1232417578,1232421724,4146
1099,1232418698,1232423197,4499
1100,1232418765,1232424389,5624
1101,1232419059,1232425169,6110
1102,1232419724,1232425368,5644
1103,1232420523,1232425891,5368
1104,1232421724,1232426395,4671
1105,1232423197,1232427022,3825
1106,1232424389,1232427360,2971
1107,1232425169,1232427447,2278
1108,1232425368,1232427802,2434
1109,1232425891,1232428878,2987
1110,1232426395,1232429699,3304
1111,1232427022,1232431122,4100
1112,1232427360,1232431779,4419
1113,1232427447,1232431889,4442
1114,1232427802,1232432828,5026
1115,1232428878,1232432915,4037
1116,1232429699,1232434247,4548
1117,1232431122,1232434318,3196
1118,1232431779,1232434771,2992
1119,1232431889,1232435075,3186
1120,1232432828,1232436132,3304
1121,1232432915,1232436493,3578
1122,1232434247,1232437702,3455
1123,1232434318,1232437709,3391
1124,1232434771,1232438477,3706
1125,1232435075,1232439045,3970
1126,1232436132,1232439599,3467
1127,1232436493,1232440636,4143
1128,1232437702,1232441857,4155
1129,1232437709,1232443220,5511
1130,1232438477,1232443888,5411
1131,1232439045,1232444353,5308
1132,1232439599,1232445128,5529
1133,1232440636,1232446711,6075
1134,1232441857,1232448076,6219
1135,1232443220,1232448994,5774
1136,1232443888,1232449155,5267
1137,1232444353,1232449624,5271
1138,1232445128,1232450639,5511
1139,1232446711,1232451465,4754
1140,1232448076,1232452108,4032
1141,1232448994,1232453184,4190
1142,1232449155,1232454225,5070
1143,1232449624,1232454851,5227
1144,1232450639,1232455094,4455
1145,1232451465,1232455240,3775
1146,1232452108,1232456479,4371
1147,1232453184,1232457025,3841
1148,1232454225,1232458200,3975
1149,1232454851,1232459287,4436
1150,1232455094,1232459495,4401
1151,1232455240,1232460645,5405
1152,1232456479,1232461912,5433
1153,1232457025,1232462603,5578
1154,1232458200,1232463379,5179
1155,1232459287,1232463836,4549
1156,1232459495,1232465269,5774
1157,1232460645,1232466217,5572
1158,1232461912,1232466915,5003
1159,1232462603,1232467760,5157
1160,1232463379,1232467835,4456
1161,1232463836,1232468329,4493
1162,1232465269,1232469448,4179
1163,1232466217,1232469804,3587
1164,1232466915,1232470806,3891
1165,1232467760,1232472056,4296
1166,1232467835,1232473286,5451
1167,1232468329,1232474035,5706
1168,1232469448,1232474926,5478
1169,1232469804,1232476054,6250
1170,1232470806,1232476860,6054
1171,1232472056,1232477955,5899
1172,1232473286,1232478569,5283
1173,1232474035,1232479216,5181
1174,1232474926,1232480358,5432
1175,1232476054,1232481678,5624
1176,1232476860,1232482818,5958
1177,1232477955,1232483653,5698
1178,1232478569,1232483950,5381
1179,1232479216,1232484296,5080
1180,1232480358,1232484648,4290
1181,1232481678,1232485760,4082
1182,1232482818,1232486925,4107
1183,1232483653,1232487639,3986
1184,1232483950,1232488392,4442
1185,1232484296,1232489051,4755
1186,1232484648,1232489717,5069
1187,1232485760,1232490443,4683
1188,1232486925,1232490969,4044
1189,1232487639,1232492251,4612
1190,1232488392,1232493570,5178
1191,1232489051,1232494808,5757
1192,1232489717,1232495125,5408
1193,1232490443,1232495699,5256
1194,1232490969,1232496082,5113
1195,1232492251,1232496380,4129
1196,1232493570,1232497364,3794
1197,1232494808,1232497626,2818
1198,1232495125,1232498519,3394
1199,1232495699,1232498953,3254
1200,1232496082,1232500435,4353
1201,1232496380,1232501684,5304
1202,1232497364,1232502483,5119
1203,1232497626,1232503773,6147
1204,1232498519,1232504229,5710
1205,1232498953,1232505060,6107
1206,1232500435,1232505102,4667
1207,1232501684,1232505800,4116
1208,1232502483,1232506171,3688
1209,1232503773,1232506968,3195
1210,1232504229,1232507902,3673
1211,1232505060,1232509364,4304
1212,1232505102,1232510363,5261
1213,1232505800,1232510782,4982
1214,1232506171,1232511863,5692
1215,1232506968,1232512266,5298
1216,1232507902,1232512290,4388
1217,1232509364,1232513029,3665
1218,1232510363,1232513643,3280
1219,1232510782,1232514395,3613
1220,1232511863,1232515122,3259
1221,1232512266,1232515789,3523
1222,1232512290,1232517300,5010
1223,1232513029,1232518399,5370
1224,1232513643,1232519561,5918
1225,1232514395,1232520307,5912
1226,1232515122,1232521228,6106
1227,1232515789,1232521768,5979
1228,1232517300,1232521905,4605
1229,1232518399,1232522562,4163
1230,1232519561,1232523624,4063
1231,1232520307,1232524332,4025
1232,1232521228,1232525373,4145
1233,1232521768,1232526312,4544
1234,1232521905,1232526531,4626
1235,1232522562,1232527002,4440
1236,1232523624,1232528367,4743
1237,1232524332,1232529202,4870
1238,1232525373,1232530568,5195
1239,1232526312,1232530978,4666
1240,1232526531,1232531092,4561
1241,1232527002,1232532040,5038
1242,1232528367,1232533088,4721
1243,1232529202,1232533191,3989
1244,1232530568,1232534263,3695
1245,1232530978,1232534559,3581
1246,1232531092,1232534903,3811
1247,1232532040,1232536053,4013
1248,1232533088,1232537103,4015
1249,1232533191,1232537608,4417
1250,1232534263,1232538338,4075
1251,1232534559,1232539161,4602
1252,1232534903,1232540048,5145
1253,1232536053,1232541482,5429
1254,1232537103,1232541682,4579
1255,1232537608,1232542450,4842
1256,1232538338,1232542744,4406
1257,1232539161,1232543180,4019
1258,1232540048,1232544393,4345
1259,1232541482,1232544902,3420
1260,1232541682,1232544961,3279
1261,1232542450,1232546133,3683
1262,1232542744,1232547461,4717
1263,1232543180,1232548009,4829
1264,1232544393,1232548606,4213
1265,1232544902,1232550102,5200
1266,1232544961,1232550879,5918
1267,1232546133,1232551290,5157
1268,1232547461,1232551405,3944
1269,1232548009,1232551496,3487
1270,1232548606,1232551580,2974
1271,1232550102,1232552428,2326
1272,1232550879,1232553288,2409
1273,1232551290,1232553971,2681
1274,1232551405,1232554909,3504
1275,1232551496,1232555808,4312
1276,1232551580,1232556771,5191
1277,1232552428,1232557240,4812
1278,1232553288,1232558225,4937
1279,1232553971,1232558706,4735
1280,1232554909,1232560088,5179
1281,1232555808,1232560551,4743
1282,1232556771,1232561773,5002
1283,1232557240,1232562833,5593
1284,1232558225,1232563152,4927
1285,1232558706,1232563860,5154
1286,1232560088,1232564096,4008
1287,1232560551,1232564683,4132
1288,1232561773,1232566050,4277
1289,1232562833,1232566646,3813
1290,1232563152,1232566708,3556
1291,1232563860,1232567652,3792
1292,1232564096,1232568080,3984
1293,1232564683,1232569600,4917
1294,1232566050,1232570736,4686
1295,1232566646,1232571438,4792
1296,1232566708,1232582734,16026
1297,1232567652,1232587968,20316
1298,1232568080,1232591800,23720
1299,1232569600,1232592232,22632
1300,1232570736,1232594123,23387
1301,1232571438,1232594915,23477
1302,1232582734,1232595648,12914
1303,1232587968,1232596362,8394
1304,1232591800,1232597716,5916
1305,1232592232,1232598859,6627
1306,1232594123,1232599853,5730
1307,1232594915,1232600439,5524
1308,1232595648,1232601901,6253
1309,1232596362,1232602728,6366
1310,1232597716,1232603229,5513
1311,1232598859,1232604290,5431
1312,1232599853,1232605860,6007
1313,1232600439,1232606990,6551
1314,1232601901,1232607419,5518
1315,1232602728,1232608332,5604
1316,1232603229,1232609442,6213
1317,1232604290,1232609747,5457
1318,1232605860,1232610329,4469
1319,1232606990,1232611761,4771
1320,1232607419,1232612478,5059
1321,1232608332,1232613826,5494
1322,1232609442,1232615288,5846
1323,1232609747,1232615832,6085
1324,1232610329,1232617333,7004
1325,1232611761,1232618740,6979
1326,1232612478,1232619577,7099
1327,1232613826,1232620132,6306
1328,1232615288,1232620874,5586
1329,1232615832,1232621997,6165
1330,1232617333,1232623267,5934
1331,1232618740,1232623960,5220
1332,1232619577,1232625123,5546
1333,1232620132,1232626023,5891
1334,1232620874,1232626632,5758
1335,1232621997,1232627210,5213
1336,1232623267,1232628826,5559
1337,1232623960,1232629728,5768
1338,1232625123,1232631018,5895
1339,1232626023,1232631547,5524
1340,1232626632,1232632496,5864
1341,1232627210,1232633711,6501
1342,1232628826,1232633898,5072
1343,1232629728,1232634666,4938
1344,1232631018,1232635880,4862
1345,1232631547,1232637235,5688
1346,1232632496,1232638301,5805
1347,1232633711,1232639155,5444
1348,1232633898,1232640471,6573
1349,1232634666,1232641365,6699
1350,1232635880,1232641950,6070
1351,1232637235,1232642922,5687
1352,1232638301,1232643036,4735
1353,1232639155,1232643990,4835
1354,1232640471,1232645196,4725
1355,1232641365,1232646520,5155
1356,1232641950,1232647460,5510
1357,1232642922,1232648310,5388
1358,1232643036,1232649772,6736
1359,1232643990,1232650273,6283
1360,1232645196,1232650833,5637
1361,1232646520,1232652104,5584
1362,1232647460,1232652455,4995
1363,1232648310,1232653621,5311
1364,1232649772,1232654110,4338
1365,1232650273,1232654654,4381
1366,1232650833,1232655076,4243
1367,1232652104,1232655600,3496
1368,1232652455,1232656107,3652
1369,1232653621,1232657552,3931
1370,1232654110,1232658776,4666
1371,1232654654,1232659717,5063
1372,1232655076,1232660232,5156
1373,1232655600,1232661715,6115
1374,1232656107,1232662125,6018
1375,1232657552,1232663126,5574
1376,1232658776,1232663205,4429
1377,1232659717,1232664261,4544
1378,1232660232,1232664345,4113
1379,1232661715,1232665064,3349
1380,1232662125,1232666052,3927
1381,1232663126,1232666501,3375
1382,1232663205,1232667108,3903
1383,1232664261,1232667399,3138
1384,1232664345,1232668013,3668
1385,1232665064,1232668039,2975
1386,1232666052,1232668740,2688
1387,1232666501,1232669186,2685
1388,1232667108,1232673973,6865
1389,1232667399,1232682580,15181
1390,1232668013,1232696035,28022
1391,1232668039,1232696915,28876
1392,1232668740,1232697911,29171
1393,1232669186,1232698876,29690
1394,1232673973,1232703311,29338
1395,1232682580,1232707975,25395
1396,1232696035,1232708727,12692
1397,1232696915,1232709019,12104
1398,1232697911,1232721688,23777
1399,1232698876,1232723624,24748
1400,1232703311,1232726353,23042
1401,1232707975,1232726498,18523
1402,1232708727,1232726853,18126
1403,1232709019,1232727181,18162
1404,1232721688,1232728212,6524
1405,1232723624,1232728278,4654
1406,1232726353,1232728810,2457
1407,1232726498,1232728843,2345
1408,1232726853,1232729089,2236
1409,1232727181,1232729315,2134
1410,1232728212,1232729603,1391
1411,1232728278,1232729636,1358
1412,1232728810,1232730677,1867
1413,1232728843,1232730965,2122
1414,1232729089,1232731121,2032
1415,1232729315,1232731481,2166
1416,1232729603,1232732329,2726
1417,1232729636,1232732444,2808
1418,1232730677,1232732779,2102
1419,1232730965,1232732834,1869
1420,1232731121,1232733269,2148
1421,1232731481,1232733831,2350
1422,1232732329,1232734008,1679
1423,1232732444,1232734485,2041
1424,1232732779,1232735014,2235
1425,1232732834,1232735260,2426
1426,1232733269,1232735393,2124
1427,1232733831,1232736096,2265
1428,1232734008,1232736460,2452
1429,1232734485,1232736691,2206
1430,1232735014,1232737826,2812
1431,1232735260,1232738035,2775
1432,1232735393,1232738782,3389
1433,1232736096,1232739170,3074
1434,1232736460,1232739702,3242
1435,1232736691,1232740288,3597
1436,1232737826,1232741127,3301
1437,1232738035,1232741180,3145
1438,1232738782,1232741593,2811
1439,1232739170,1232741710,2540
1440,1232739702,1232742205,2503
1441,1232740288,1232742800,2512
1442,1232741127,1232742894,1767
1443,1232741180,1232743265,2085
1444,1232741593,1232743750,2157
1445,1232741710,1232743852,2142
1446,1232742205,1232744713,2508
1447,1232742800,1232745465,2665
1448,1232742894,1232745880,2986
1449,1232743265,1232746252,2987
1450,1232743750,1232746600,2850
1451,1232743852,1232747439,3587
1452,1232744713,1232747990,3277
1453,1232745465,1232748088,2623
1454,1232745880,1232748657,2777
1455,1232746252,1232749060,2808
1456,1232746600,1232749475,2875
1457,1232747439,1232749987,2548
1458,1232747990,1232750164,2174
1459,1232748088,1232750857,2769
1460,1232748657,1232751181,2524
1461,1232749060,1232751868,2808
1462,1232749475,1232752262,2787
1463,1232749987,1232752553,2566
1464,1232750164,1232752933,2769
1465,1232750857,1232753217,2360
1466,1232751181,1232753594,2413
1467,1232751868,1232753723,1855
1468,1232752262,1232754681,2419
1469,1232752553,1232754989,2436
1470,1232752933,1232755162,2229
1471,1232753217,1232755796,2579
1472,1232753594,1232755814,2220
1473,1232753723,1232756228,2505
1474,1232754681,1232756930,2249
1475,1232754989,1232757381,2392
1476,1232755162,1232757937,2775
1477,1232755796,1232758347,2551
1478,1232755814,1232758586,2772
1479,1232756228,1232759135,2907
1480,1232756930,1232759222,2292
1481,1232757381,1232759294,1913
1482,1232757937,1232760507,2570
1483,1232758347,1232760541,2194
1484,1232758586,1232761479,2893
1485,1232759135,1232761623,2488
1486,1232759222,1232761985,2763
1487,1232759294,1232762084,2790
1488,1232760507,1232762360,1853
1489,1232760541,1232762404,1863
1490,1232761479,1232763131,1652
1491,1232761623,1232763740,2117
1492,1232761985,1232763992,2007
1493,1232762084,1232764687,2603
1494,1232762360,1232765208,2848
1495,1232762404,1232765401,2997
1496,1232763131,1232766170,3039
1497,1232763740,1232766818,3078
1498,1232763992,1232767188,3196
1499,1232764687,1232767809,3122
1500,1232765208,1232768195,2987
1501,1232765401,1232768255,2854
1502,1232766170,1232769322,3152
1503,1232766818,1232769467,2649
1504,1232767188,1232770617,3429
1505,1232767809,1232770666,2857
1506,1232768195,1232771110,2915
1507,1232768255,1232771304,3049
1508,1232769322,1232771489,2167
1509,1232769467,1232771864,2397
1510,1232770617,1232772755,2138
1511,1232770666,1232772878,2212
1512,1232771110,1232773213,2103
1513,1232771304,1232773342,2038
1514,1232771489,1232773505,2016
1515,1232771864,1232773859,1995
1516,1232772755,1232774370,1615
1517,1232772878,1232774634,1756
1518,1232773213,1232775734,2521
1519,1232773342,1232775905,2563
1520,1232773505,1232776000,2495
1521,1232773859,1232776139,2280
1522,1232774370,1232776178,1808
1523,1232774634,1232776660,2026
1524,1232775734,1232777194,1460
1525,1232775905,1232777689,1784
1526,1232776000,1232778050,2050
1527,1232776139,1232778415,2276
1528,1232776178,1232778966,2788
1529,1232776660,1232779033,2373
1530,1232777194,1232780414,3220
1531,1232777689,1232780448,2759
1532,1232778050,1232781335,3285
1533,1232778415,1232781835,3420
1534,1232778966,1232781891,2925
1535,1232779033,1232782275,3242
1536,1232780414,1232782688,2274
1537,1232780448,1232783207,2759
1538,1232781335,1232783391,2056
1539,1232781835,1232783826,1991
1540,1232781891,1232784389,2498
1541,1232782275,1232784479,2204
1542,1232782688,1232785180,2492
1543,1232783207,1232785470,2263
1544,1232783391,1232786182,2791
1545,1232783826,1232786571,2745
1546,1232784389,1232787191,2802
1547,1232784479,1232787575,3096
1548,1232785180,1232787707,2527
1549,1232785470,1232788103,2633
1550,1232786182,1232789228,3046
1551,1232786571,1232789366,2795
1552,1232787191,1232790057,2866
1553,1232787575,1232790640,3065
1554,1232787707,1232790785,3078
1555,1232788103,1232791374,3271
1556,1232789228,1232792026,2798
1557,1232789366,1232792285,2919
1558,1232790057,1232793306,3249
1559,1232790640,1232793809,3169
1560,1232790785,1232793929,3144
1561,1232791374,1232794965,3591
1562,1232792026,1232795437,3411
1563,1232792285,1232796127,3842
1564,1232793306,1232796149,2843
1565,1232793809,1232796353,2544
1566,1232793929,1232796676,2747
1567,1232794965,1232797254,2289
1568,1232795437,1232797567,2130
1569,1232796127,1232797851,1724
1570,1232796149,1232797921,1772
1571,1232796353,1232798540,2187
1572,1232796676,1232798648,1972
1573,1232797254,1232799318,2064
1574,1232797567,1232799566,1999
1575,1232797851,1232800033,2182
1576,1232797921,1232800443,2522
1577,1232798540,1232800567,2027
1578,1232798648,1232801442,2794
1579,1232799318,1232801781,2463
1580,1232799566,1232801868,2302
1581,1232800033,1232802907,2874
1582,1232800443,1232803272,2829
1583,1232800567,1232803931,3364
1584,1232801442,1232804026,2584
1585,1232801781,1232804667,2886
1586,1232801868,1232805403,3535
1587,1232802907,1232805920,3013
1588,1232803272,1232806753,3481
1589,1232803931,1232807150,3219
1590,1232804026,1232807280,3254
1591,1232804667,1232807458,2791
1592,1232805403,1232808014,2611
1593,1232805920,1232808373,2453
1594,1232806753,1232809000,2247
1595,1232807150,1232809391,2241
1596,1232807280,1232810343,3063
1597,1232807458,1232810554,3096
1598,1232808014,1232810846,2832
1599,1232808373,1232811054,2681
1600,1232809000,1232811403,2403
1601,1232809391,1232811837,2446
1602,1232810343,1232811911,1568
1603,1232810554,1232812543,1989
1604,1232810846,1232812933,2087
1605,1232811054,1232813503,2449
1606,1232811403,1232813902,2499
1607,1232811837,1232814046,2209
1608,1232811911,1232814699,2788
1609,1232812543,1232815318,2775
1610,1232812933,1232816026,3093
1611,1232813503,1232816202,2699
1612,1232813902,1232816384,2482
1613,1232814046,1232816840,2794
1614,1232814699,1232817138,2439
1615,1232815318,1232817462,2144
1616,1232816026,1232818104,2078
1617,1232816202,1232818591,2389
1618,1232816384,1232819209,2825
1619,1232816840,1232819555,2715
1620,1232817138,1232820029,2891
1621,1232817462,1232820444,2982
1622,1232818104,1232820620,2516
1623,1232818591,1232820953,2362
1624,1232819209,1232821124,1915
1625,1232819555,1232821811,2256
1626,1232820029,1232821979,1950
1627,1232820444,1232822428,1984
1628,1232820620,1232823104,2484
1629,1232820953,1232823489,2536
1630,1232821124,1232824248,3124
1631,1232821811,1232824557,2746
1632,1232821979,1232824705,2726
1633,1232822428,1232825250,2822
1634,1232823104,1232825531,2427
1635,1232823489,1232825619,2130
1636,1232824248,1232826987,2739
1637,1232824557,1232827014,2457
1638,1232824705,1232827973,3268
1639,1232825250,1232828475,3225
1640,1232825531,1232829097,3566
1641,1232825619,1232829764,4145
1642,1232826987,1232829787,2800
1643,1232827014,1232830642,3628
1644,1232827973,1232830901,2928
1645,1232828475,1232831327,2852
1646,1232829097,1232831854,2757
1647,1232829764,1232832150,2386
1648,1232829787,1232832723,2936
1649,1232830642,1232833428,2786
1650,1232830901,1232833559,2658
1651,1232831327,1232833881,2554
1652,1232831854,1232834181,2327
1653,1232832150,1232834269,2119
1654,1232832723,1232835124,2401
1655,1232833428,1232835381,1953
1656,1232833559,1232835785,2226
1657,1232833881,1232836202,2321
1658,1232834181,1232836677,2496
1659,1232834269,1232836905,2636
1660,1232835124,1232836928,1804
1661,1232835381,1232837279,1898
1662,1232835785,1232837484,1699
1663,1232836202,1232837961,1759
1664,1232836677,1232838415,1738
1665,1232836905,1232838553,1648
1666,1232836928,1232838737,1809
1667,1232837279,1232839007,1728
1668,1232837484,1232839574,2090
1669,1232837961,1232839762,1801
1670,1232838415,1232840964,2549
1671,1232838553,1232841371,2818
1672,1232838737,1232841849,3112
1673,1232839007,1232841922,2915
1674,1232839574,1232842109,2535
1675,1232839762,1232842441,2679
1676,1232840964,1232842734,1770
1677,1232841371,1232842943,1572
1678,1232841849,1232842995,1146
1679,1232841922,1232843673,1751
1680,1232842109,1232844161,2052
1681,1232842441,1232844253,1812
1682,1232842734,1232845258,2524
1683,1232842943,1232845577,2634
1684,1232842995,1232845992,2997
1685,1232843673,1232846597,2924
1686,1232844161,1232846619,2458
1687,1232844253,1232847495,3242
1688,1232845258,1232847539,2281
1689,1232845577,1232848378,2801
1690,1232845992,1232848484,2492
1691,1232846597,1232849444,2847
1692,1232846619,1232849688,3069
1693,1232847495,1232850182,2687
1694,1232847539,1232850362,2823
1695,1232848378,1232850896,2518
1696,1232848484,1232851095,2611
1697,1232849444,1232852058,2614
1698,1232849688,1232852525,2837
1699,1232850182,1232852609,2427
1700,1232850362,1232853066,2704
1701,1232850896,1232853740,2844
1702,1232851095,1232854048,2953
1703,1232852058,1232854459,2401
1704,1232852525,1232854493,1968
1705,1232852609,1232855270,2661
1706,1232853066,1232855600,2534
1707,1232853740,1232856560,2820
1708,1232854048,1232856752,2704
1709,1232854459,1232857245,2786
1710,1232854493,1232857303,2810
1711,1232855270,1232858001,2731
1712,1232855600,1232858168,2568
1713,1232856560,1232858396,1836
1714,1232856752,1232858509,1757
1715,1232857245,1232858543,1298
1716,1232857303,1232858639,1336
1717,1232858001,1232858888,887
1718,1232858168,1232859938,1770
1719,1232858396,1232860046,1650
1720,1232858509,1232860318,1809
1721,1232858543,1232860485,1942
1722,1232858639,1232861276,2637
1723,1232858888,1232861562,2674
1724,1232859938,1232862066,2128
1725,1232860046,1232862513,2467
1726,1232860318,1232862892,2574
1727,1232860485,1232863386,2901
1728,1232861276,1232863843,2567
1729,1232861562,1232864255,2693
1730,1232862066,1232864396,2330
1731,1232862513,1232865177,2664
1732,1232862892,1232865328,2436
1733,1232863386,1232866247,2861
1734,1232863843,1232866719,2876
1735,1232864255,1232867061,2806
1736,1232864396,1232867239,2843
1737,1232865177,1232867752,2575
1738,1232865328,1232868076,2748
1739,1232866247,1232868962,2715
1740,1232866719,1232869567,2848
1741,1232867061,1232870333,3272
1742,1232867239,1232871091,3852
1743,1232867752,1232871155,3403
1744,1232868076,1232871305,3229
1745,1232868962,1232872523,3561
1746,1232869567,1232872780,3213
1747,1232870333,1232873510,3177
1748,1232871091,1232874053,2962
1749,1232871155,1232874314,3159
1750,1232871305,1232874427,3122
1751,1232872523,1232875103,2580
1752,1232872780,1232875621,2841
1753,1232873510,1232875638,2128
1754,1232874053,1232876353,2300
1755,1232874314,1232876386,2072
1756,1232874427,1232877332,2905
1757,1232875103,1232877629,2526
1758,1232875621,1232878590,2969
1759,1232875638,1232878712,3074
1760,1232876353,1232878822,2469
1761,1232876386,1232879365,2979
1762,1232877332,1232879731,2399
1763,1232877629,1232880259,2630
1764,1232878590,1232880599,2009
1765,1232878712,1232881342,2630
1766,1232878822,1232881769,2947
1767,1232879365,1232882841,3476
1768,1232879731,1232883142,3411
1769,1232880259,1232883495,3236
1770,1232880599,1232883618,3019
1771,1232881342,1232884310,2968
1772,1232881769,1232884421,2652
1773,1232882841,1232885095,2254
1774,1232883142,1232885293,2151
1775,1232883495,1232885768,2273
1776,1232883618,1232886407,2789
1777,1232884310,1232886578,2268
1778,1232884421,1232887213,2792
1779,1232885095,1232887868,2773
1780,1232885293,1232888092,2799
1781,1232885768,1232888375,2607
1782,1232886407,1232889114,2707
1783,1232886578,1232889417,2839
1784,1232887213,1232889706,2493
1785,1232887868,1232890344,2476
1786,1232888092,1232890993,2901
1787,1232888375,1232891366,2991
1788,1232889114,1232891596,2482
1789,1232889417,1232892359,2942
1790,1232889706,1232892878,3172
1791,1232890344,1232893003,2659
1792,1232890993,1232893362,2369
1793,1232891366,1232894461,3095
1794,1232891596,1232894821,3225
1795,1232892359,1232895832,3473
1796,1232892878,1232896069,3191
1797,1232893003,1232896695,3692
1798,1232893362,1232897146,3784
1799,1232894461,1232898124,3663
1800,1232894821,1232898170,3349
1801,1232895832,1232899409,3577
1802,1232896069,1232899717,3648
1803,1232896695,1232900291,3596
1804,1232897146,1232900700,3554
1805,1232898124,1232901704,3580
1806,1232898170,1232901798,3628
1807,1232899409,1232902463,3054
1808,1232899717,1232903032,3315
1809,1232900291,1232903268,2977
1810,1232900700,1232903973,3273
1811,1232901704,1232904796,3092
1812,1232901798,1232905381,3583
1813,1232902463,1232905818,3355
1814,1232903032,1232906742,3710
1815,1232903268,1232907213,3945
1816,1232903973,1232907302,3329
1817,1232904796,1232908333,3537
1818,1232905381,1232908821,3440
1819,1232905818,1232908937,3119
1820,1232906742,1232909136,2394
1821,1232907213,1232909239,2026
1822,1232907302,1232909279,1977
1823,1232908333,1232909634,1301
1824,1232908821,1232909862,1041
1825,1232908937,1232910591,1654
1826,1232909136,1232911155,2019
1827,1232909239,1232911376,2137
1828,1232909279,1232911850,2571
1829,1232909634,1232912933,3299
1830,1232909862,1232913022,3160
1831,1232910591,1232913846,3255
1832,1232911155,1232914343,3188
1833,1232911376,1232914637,3261
1834,1232911850,1232915500,3650
1835,1232912933,1232915701,2768
1836,1232913022,1232916282,3260
1837,1232913846,1232916341,2495
1838,1232914343,1232917006,2663
1839,1232914637,1232917351,2714
1840,1232915500,1232917655,2155
1841,1232915701,1232917716,2015
1842,1232916282,1232917812,1530
1843,1232916341,1232919013,2672
1844,1232917006,1232919338,2332
1845,1232917351,1232919999,2648
1846,1232917655,1232920337,2682
1847,1232917716,1232920737,3021
1848,1232917812,1232920843,3031
1849,1232919013,1232921243,2230
1850,1232919338,1232922081,2743
1851,1232919999,1232922677,2678
1852,1232920337,1232923424,3087
1853,1232920737,1232923646,2909
1854,1232920843,1232923798,2955
1855,1232921243,1232924068,2825
1856,1232922081,1232924487,2406
1857,1232922677,1232924933,2256
1858,1232923424,1232925274,1850
1859,1232923646,1232925824,2178
1860,1232923798,1232925868,2070
1861,1232924068,1232927244,3176
1862,1232924487,1232927475,2988
1863,1232924933,1232928199,3266
1864,1232925274,1232928363,3089
1865,1232925824,1232928841,3017
1866,1232925868,1232929063,3195
1867,1232927244,1232929492,2248
1868,1232927475,1232929570,2095
1869,1232928199,1232930881,2682
1870,1232928363,1232930957,2594
1871,1232928841,1232931441,2600
1872,1232929063,1232931571,2508
1873,1232929492,1232931726,2234
1874,1232929570,1232932639,3069
1875,1232930881,1232932913,2032
1876,1232930957,1232933626,2669
1877,1232931441,1232934047,2606
1878,1232931571,1232934385,2814
1879,1232931726,1232934584,2858
1880,1232932639,1232935690,3051
1881,1232932913,1232936052,3139
1882,1232933626,1232936568,2942
1883,1232934047,1232937232,3185
1884,1232934385,1232938161,3776
1885,1232934584,1232938715,4131
1886,1232935690,1232938776,3086
1887,1232936052,1232939796,3744
1888,1232936568,1232940072,3504
1889,1232937232,1232940382,3150
1890,1232938161,1232940695,2534
1891,1232938715,1232940769,2054
1892,1232938776,1232941430,2654
1893,1232939796,1232941928,2132
1894,1232940072,1232942118,2046
1895,1232940382,1232942668,2286
1896,1232940695,1232943270,2575
1897,1232940769,1232943420,2651
1898,1232941430,1232944634,3204
1899,1232941928,1232944679,2751
1900,1232942118,1232944937,2819
1901,1232942668,1232945096,2428
1902,1232943270,1232946035,2765
1903,1232943420,1232946068,2648
1904,1232944634,1232946143,1509
1905,1232944679,1232947277,2598
1906,1232944937,1232947417,2480
1907,1232945096,1232948565,3469
1908,1232946035,1232948917,2882
1909,1232946068,1232948973,2905
1910,1232946143,1232949913,3770
1911,1232947277,1232950013,2736
1912,1232947417,1232950123,2706
1913,1232948565,1232950298,1733
1914,1232948917,1232950822,1905
1915,1232948973,1232951326,2353
1916,1232949913,1232960632,10719
1917,1232950013,1232972398,22385
1918,1232950123,1232974414,24291
1919,1232950298,1232976840,26542
1920,1232950822,1232979519,28697
1921,1232951326,1232982699,31373
1922,1232960632,1232983925,23293
1923,1232972398,1232984571,12173
1924,1232974414,1232985359,10945
1925,1232976840,1232986001,9161
1926,1232979519,1232986974,7455
1927,1232982699,1232987968,5269
1928,1232983925,1232989459,5534
1929,1232984571,1232990915,6344
1930,1232985359,1232990956,5597
1931,1232986001,1232991559,5558
1932,1232986974,1232993005,6031
1933,1232987968,1232994159,6191
1934,1232989459,1232995642,6183
1935,1232990915,1232996097,5182
1936,1232990956,1232996393,5437
1937,1232991559,1232996999,5440
1938,1232993005,1232997468,4463
1939,1232994159,1232998139,3980
1940,1232995642,1232998843,3201
1941,1232996097,1232999321,3224
1942,1232996393,1233000704,4311
1943,1232996999,1233001397,4398
1944,1232997468,1233002751,5283
1945,1232998139,1233004161,6022
1946,1232998843,1233004797,5954
1947,1232999321,1233005690,6369
1948,1233000704,1233005789,5085
1949,1233001397,1233007101,5704
1950,1233002751,1233007640,4889
1951,1233004161,1233008892,4731
1952,1233004797,1233009315,4518
1953,1233005690,1233010123,4433
1954,1233005789,1233010905,5116
1955,1233007101,1233011449,4348
1956,1233007640,1233012526,4886
1957,1233008892,1233013503,4611
1958,1233009315,1233014006,4691
1959,1233010123,1233015153,5030
1960,1233010905,1233016590,5685
1961,1233011449,1233018069,6620
1962,1233012526,1233018927,6401
1963,1233013503,1233019380,5877
1964,1233014006,1233019411,5405
1965,1233015153,1233020036,4883
1966,1233016590,1233021443,4853
1967,1233018069,1233021449,3380
1968,1233018927,1233022673,3746
1969,1233019380,1233023875,4495
1970,1233019411,1233023940,4529
1971,1233020036,1233024771,4735
1972,1233021443,1233025028,3585
1973,1233021449,1233025446,3997
1974,1233022673,1233026468,3795
1975,1233023875,1233027026,3151
1976,1233023940,1233027974,4034
1977,1233024771,1233028543,3772
1978,1233025028,1233029092,4064
1979,1233025446,1233029617,4171
1980,1233026468,1233030130,3662
1981,1233027026,1233030521,3495
1982,1233027974,1233030995,3021
1983,1233028543,1233031902,3359
1984,1233029092,1233032710,3618
1985,1233029617,1233033868,4251
1986,1233030130,1233034738,4608
1987,1233030521,1233036022,5501
1988,1233030995,1233036778,5783
1989,1233031902,1233037179,5277
1990,1233032710,1233037928,5218
1991,1233033868,1233038572,4704
1992,1233034738,1233040087,5349
1993,1233036022,1233040455,4433
1994,1233036778,1233041720,4942
1995,1233037179,1233042909,5730
1996,1233037928,1233043745,5817
1997,1233038572,1233044368,5796
1998,1233040087,1233044877,4790
1999,1233040455,1233046339,5884
2000,1233041720,1233046715,4995
2001,1233042909,1233047861,4952
2002,1233043745,1233049009,5264
2003,1233044368,1233049321,4953
2004,1233044877,1233050243,5366
2005,1233046339,1233051397,5058
2006,1233046715,1233051777,5062
2007,1233047861,1233052325,4464
2008,1233049009,1233053576,4567
2009,1233049321,1233055146,5825
2010,1233050243,1233056326,6083
2011,1233051397,1233057128,5731
2012,1233051777,1233058577,6800
2013,1233052325,1233060081,7756
2014,1233053576,1233061610,8034
2015,1233055146,1233061996,6850
2016,1233056326,1233063531,7205
2017,1233057128,1233064909,7781
2018,1233058577,1233065969,7392
2019,1233060081,1233067200,7119
2020,1233061610,1233067896,6286
2021,1233061996,1233069492,7496
2022,1233063531,1233070577,7046
2023,1233064909,1233071124,6215
2024,1233065969,1233071846,5877
2025,1233067200,1233072349,5149
2026,1233067896,1233072736,4840
2027,1233069492,1233073401,3909
2028,1233070577,1233074381,3804
2029,1233071124,1233075396,4272
2030,1233071846,1233076194,4348
2031,1233072349,1233076902,4553
2032,1233072736,1233077647,4911
2033,1233073401,1233077691,4290
2034,1233074381,1233079177,4796
2035,1233075396,1233079704,4308
2036,1233076194,1233080449,4255
2037,1233076902,1233081411,4509
2038,1233077647,1233082090,4443
2039,1233077691,1233082787,5096
2040,1233079177,1233083496,4319
2041,1233079704,1233084760,5056
2042,1233080449,1233086256,5807
2043,1233081411,1233087451,6040
2044,1233082090,1233088782,6692
2045,1233082787,1233090084,7297
2046,1233083496,1233090420,6924
2047,1233084760,1233091616,6856
2048,1233086256,1233092834,6578
2049,1233087451,1233094197,6746
2050,1233088782,1233094970,6188
2051,1233090084,1233096784,6700
2052,1233090420,1233097264,6844
2053,1233091616,1233098300,6684
2054,1233092834,1233099762,6928
2055,1233094197,1233100473,6276
2056,1233094970,1233101195,6225
2057,1233096784,1233101789,5005
2058,1233097264,1233103080,5816
2059,1233098300,1233104457,6157
2060,1233099762,1233105973,6211
2061,1233100473,1233106479,6006
2062,1233101195,1233106632,5437
2063,1233101789,1233107385,5596
2064,1233103080,1233108319,5239
2065,1233104457,1233109856,5399
2066,1233105973,1233111222,5249
2067,1233106479,1233112769,6290
2068,1233106632,1233113945,7313
2069,1233107385,1233114626,7241
2070,1233108319,1233114740,6421
2071,1233109856,1233115662,5806
2072,1233111222,1233116687,5465
2073,1233112769,1233117486,4717
2074,1233113945,1233118271,4326
2075,1233114626,1233118992,4366
2076,1233114740,1233120156,5416
2077,1233115662,1233121259,5597
2078,1233116687,1233122293,5606
2079,1233117486,1233122770,5284
2080,1233118271,1233123994,5723
2081,1233118992,1233124789,5797
2082,1233120156,1233125385,5229
2083,1233121259,1233126722,5463
2084,1233122293,1233127451,5158
2085,1233122770,1233127813,5043
2086,1233123994,1233127920,3926
2087,1233124789,1233128242,3453
2088,1233125385,1233128367,2982
2089,1233126722,1233128620,1898
2090,1233127451,1233129201,1750
2091,1233127813,1233130235,2422
2092,1233127920,1233131690,3770
2093,1233128242,1233132655,4413
2094,1233128367,1233133172,4805
2095,1233128620,1233133818,5198
2096,1233129201,1233134558,5357
2097,1233130235,1233135169,4934
2098,1233131690,1233136510,4820
2099,1233132655,1233136693,4038
2100,1233133172,1233136967,3795
2101,1233133818,1233137736,3918
2102,1233134558,1233138292,3734
2103,1233135169,1233138860,3691
2104,1233136510,1233138968,2458
2105,1233136693,1233139393,2700
2106,1233136967,1233140826,3859
2107,1233137736,1233142232,4496
2108,1233138292,1233142955,4663
2109,1233138860,1233143102,4242
2110,1233138968,1233144297,5329
2111,1233139393,1233145769,6376
2112,1233140826,1233146515,5689
2113,1233142232,1233147840,5608
2114,1233142955,1233148853,5898
2115,1233143102,1233149308,6206
2116,1233144297,1233149370,5073
2117,1233145769,1233149937,4168
2118,1233146515,1233150472,3957
2119,1233147840,1233150956,3116
2120,1233148853,1233151346,2493
2121,1233149308,1233151723,2415
2122,1233149370,1233152466,3096
2123,1233149937,1233153416,3479
2124,1233150472,1233154299,3827
2125,1233150956,1233155233,4277
2126,1233151346,1233155676,4330
2127,1233151723,1233156053,4330
2128,1233152466,1233157885,5419
2129,1233153416,1233158639,5223
2130,1233154299,1233159248,4949
2131,1233155233,1233159589,4356
2132,1233155676,1233161093,5417
2133,1233156053,1233161650,5597
2134,1233157885,1233162493,4608
2135,1233158639,1233163997,5358
2136,1233159248,1233164141,4893
2137,1233159589,1233165291,5702
2138,1233161093,1233166253,5160
2139,1233161650,1233166970,5320
2140,1233162493,1233168441,5948
2141,1233163997,1233169885,5888
2142,1233164141,1233170232,6091
2143,1233165291,1233171142,5851
2144,1233166253,1233171952,5699
2145,1233166970,1233172816,5846
2146,1233168441,1233173885,5444
2147,1233169885,1233174154,4269
2148,1233170232,1233174253,4021
2149,1233171142,1233174913,3771
2150,1233171952,1233175845,3893
2151,1233172816,1233176191,3375
2152,1233173885,1233177534,3649
2153,1233174154,1233177747,3593
2154,1233174253,1233177935,3682
2155,1233174913,1233178111,3198
2156,1233175845,1233179117,3272
2157,1233176191,1233180432,4241
2158,1233177534,1233180845,3311
2159,1233177747,1233181411,3664
2160,1233177935,1233182051,4116
2161,1233178111,1233182212,4101
2162,1233179117,1233183087,3970
2163,1233180432,1233183709,3277
2164,1233180845,1233184687,3842
2165,1233181411,1233184909,3498
2166,1233182051,1233185499,3448
2167,1233182212,1233187130,4918
2168,1233183087,1233187661,4574
2169,1233183709,1233188285,4576
2170,1233184687,1233189587,4900
2171,1233184909,1233190781,5872
2172,1233185499,1233192518,7019
2173,1233187130,1233193724,6594
2174,1233187661,1233194849,7188
2175,1233188285,1233195288,7003
2176,1233189587,1233195905,6318
2177,1233190781,1233196058,5277
2178,1233192518,1233197315,4797
2179,1233193724,1233197335,3611
2180,1233194849,1233198715,3866
2181,1233195288,1233200051,4763
2182,1233195905,1233201115,5210
2183,1233196058,1233202433,6375
2184,1233197315,1233202869,5554
2185,1233197335,1233203788,6453
2186,1233198715,1233204480,5765
2187,1233200051,1233205135,5084
2188,1233201115,1233206473,5358
2189,1233202433,1233207532,5099
2190,1233202869,1233207720,4851
2191,1233203788,1233207804,4016
2192,1233204480,1233208978,4498
2193,1233205135,1233209561,4426
2194,1233206473,1233209937,3464
2195,1233207532,1233211327,3795
2196,1233207720,1233212106,4386
2197,1233207804,1233213283,5479
2198,1233208978,1233213742,4764
2199,1233209561,1233214942,5381
2200,1233209937,1233215459,5522
2201,1233211327,1233216865,5538
2202,1233212106,1233217662,5556
2203,1233213283,1233217787,4504
2204,1233213742,1233218305,4563
2205,1233214942,1233219365,4423
2206,1233215459,1233219428,3969
2207,1233216865,1233219856,2991
2208,1233217662,1233221099,3437
2209,1233217787,1233222060,4273
2210,1233218305,1233222165,3860
2211,1233219365,1233222492,3127
2212,1233219428,1233222520,3092
2213,1233219856,1233223216,3360
2214,1233221099,1233223458,2359
2215,1233222060,1233223603,1543
2216,1233222165,1233224434,2269
2217,1233222492,1233225567,3075
2218,1233222520,1233227044,4524
2219,1233223216,1233227246,4030
2220,1233223458,1233228427,4969
2221,1233223603,1233228873,5270
2222,1233224434,1233229465,5031
2223,1233225567,1233229961,4394
2224,1233227044,1233229987,2943
2225,1233227246,1233230467,3221
2226,1233228427,1233231341,2914
2227,1233228873,1233232637,3764
2228,1233229465,1233234130,4665
2229,1233229961,1233234173,4212
2230,1233229987,1233235063,5076
2231,1233230467,1233235340,4873
2232,1233231341,1233235713,4372
2233,1233232637,1233236546,3909
2234,1233234130,1233236815,2685
2235,1233234173,1233237180,3007
2236,1233235063,1233237603,2540
2237,1233235340,1233238084,2744
2238,1233235713,1233238400,2687
2239,1233236546,1233239252,2706
2240,1233236815,1233240494,3679
2241,1233237180,1233241398,4218
2242,1233237603,1233242823,5220
2243,1233238084,1233242933,4849
2244,1233238400,1233244418,6018
2245,1233239252,1233244812,5560
2246,1233240494,1233245079,4585
2247,1233241398,1233245164,3766
2248,1233242823,1233246251,3428
2249,1233242933,1233246870,3937
2250,1233244418,1233246986,2568
2251,1233244812,1233247146,2334
2252,1233245079,1233247374,2295
2253,1233245164,1233248119,2955
2254,1233246251,1233248343,2092
2255,1233246870,1233248715,1845
2256,1233246986,1233248908,1922
2257,1233247146,1233250299,3153
2258,1233247374,1233251285,3911
2259,1233248119,1233251693,3574
2260,1233248343,1233252794,4451
2261,1233248715,1233253128,4413
2262,1233248908,1233253190,4282
2263,1233250299,1233254057,3758
2264,1233251285,1233255392,4107
2265,1233251693,1233256199,4506
2266,1233252794,1233257424,4630
2267,1233253128,1233257635,4507
2268,1233253190,1233258943,5753
2269,1233254057,1233259348,5291
2270,1233255392,1233259788,4396
2271,1233256199,1233260303,4104
2272,1233257424,1233261250,3826
2273,1233257635,1233261848,4213
2274,1233258943,1233262711,3768
2275,1233259348,1233262774,3426
2276,1233259788,1233263841,4053
2277,1233260303,1233264990,4687
2278,1233261250,1233265782,4532
2279,1233261848,1233266839,4991
2280,1233262711,1233266962,4251
2281,1233262774,1233268037,5263
2282,1233263841,1233268548,4707
2283,1233264990,1233269700,4710
2284,1233265782,1233269891,4109
2285,1233266839,1233270775,3936
2286,1233266962,1233271777,4815
2287,1233268037,1233272316,4279
2288,1233268548,1233273125,4577
2289,1233269700,1233273883,4183
2290,1233269891,1233274333,4442
2291,1233270775,1233274670,3895
2292,1233271777,1233274769,2992
2293,1233272316,1233275497,3181
2294,1233273125,1233275907,2782
2295,1233273883,1233277239,3356
2296,1233274333,1233277280,2947
2297,1233274670,1233277983,3313
2298,1233274769,1233277937,3168
2299,1233275497,1233278545,3048
2300,1233275907,1233279118,3211
2301,1233277239,1233280035,2796
2302,1233277280,1233280383,3103
2303,1233277937,1233281887,3950
2304,1233277983,1233283051,5068
2305,1233278545,1233283066,4521
2306,1233279118,1233283614,4496
2307,1233280035,1233283986,3951
2308,1233280383,1233285293,4910
2309,1233281887,1233285837,3950
2310,1233283051,1233287416,4365
2311,1233283066,1233288050,4984
2312,1233283614,1233289492,5878
2313,1233283986,1233290104,6118
2314,1233285293,1233290818,5525
2315,1233285837,1233291214,5377
2316,1233287416,1233291610,4194
2317,1233288050,1233292771,4721
2318,1233289492,1233294034,4542
2319,1233290104,1233294675,4571
2320,1233290818,1233295202,4384
2321,1233291214,1233295681,4467
2322,1233291610,1233296767,5157
2323,1233292771,1233296826,4055
2324,1233294034,1233297246,3212
2325,1233294675,1233298610,3935
2326,1233295202,1233299299,4097
2327,1233295681,1233300285,4604
2328,1233296767,1233300515,3748
2329,1233296826,1233301019,4193
2330,1233297246,1233301391,4145
2331,1233298610,1233302359,3749
2332,1233299299,1233302764,3465
2333,1233300285,1233304178,3893
2334,1233300515,1233304331,3816
2335,1233301019,1233304941,3922
2336,1233301391,1233306504,5113
2337,1233302359,1233307475,5116
2338,1233302764,1233308258,5494
2339,1233304178,1233308687,4509
2340,1233304331,1233308894,4563
2341,1233304941,1233310222,5281
2342,1233306504,1233310882,4378
2343,1233307475,1233310956,3481
2344,1233308258,1233312251,3993
2345,1233308687,1233313208,4521
2346,1233308894,1233314376,5482
2347,1233310222,1233315226,5004
2348,1233310882,1233315661,4779
2349,1233310956,1233316553,5597
2350,1233312251,1233317259,5008
2351,1233313208,1233318079,4871
2352,1233314376,1233318413,4037
2353,1233315226,1233318546,3320
2354,1233315661,1233319769,4108
2355,1233316553,1233320064,3511
2356,1233317259,1233320510,3251
2357,1233318079,1233320648,2569
2358,1233318413,1233321007,2594
2359,1233318546,1233321637,3091
2360,1233319769,1233321795,2026
2361,1233320064,1233322450,2386
2362,1233320510,1233322797,2287
2363,1233320648,1233323810,3162
2364,1233321007,1233324226,3219
2365,1233321637,1233324849,3212
2366,1233321795,1233325272,3477
2367,1233322450,1233325675,3225
2368,1233322797,1233326806,4009
2369,1233323810,1233328326,4516
2370,1233324226,1233328994,4768
2371,1233324849,1233330317,5468
2372,1233325272,1233331961,6689
2373,1233325675,1233332825,7150
2374,1233326806,1233333720,6914
2375,1233328326,1233334939,6613
2376,1233328994,1233335502,6508
2377,1233330317,1233336378,6061
2378,1233331961,1233337616,5655
2379,1233332825,1233337915,5090
2380,1233333720,1233338546,4826
2381,1233334939,1233339250,4311
2382,1233335502,1233340229,4727
2383,1233336378,1233340696,4318
2384,1233337616,1233341638,4022
2385,1233337915,1233342970,5055
2386,1233338546,1233343630,5084
2387,1233339250,1233344206,4956
2388,1233340229,1233344703,4474
2389,1233340696,1233345496,4800
2390,1233341638,1233346275,4637
2391,1233342970,1233347106,4136
2392,1233343630,1233347828,4198
2393,1233344206,1233348439,4233
2394,1233344703,1233349155,4452
2395,1233345496,1233350210,4714
2396,1233346275,1233350963,4688
2397,1233347106,1233352257,5151
2398,1233347828,1233355442,7614
2399,1233348439,1233355774,7335
2400,1233349155,1233355850,6695
2401,1233350210,1233355986,5776
2402,1233350963,1233356505,5542
2403,1233352257,1233357411,5154
2404,1233355442,1233358899,3457
2405,1233355774,1233359337,3563
2406,1233355850,1233360098,4248
2407,1233355986,1233360910,4924
2408,1233356505,1233361131,4626
2409,1233357411,1233361358,3947
2410,1233358899,1233362307,3408
2411,1233359337,1233362855,3518
2412,1233360098,1233363475,3377
2413,1233360910,1233364566,3656
2414,1233361131,1233366107,4976
2415,1233361358,1233367250,5892
2416,1233362307,1233367995,5688
2417,1233362855,1233368704,5849
2418,1233363475,1233369028,5553
2419,1233364566,1233369789,5223
2420,1233366107,1233370144,4037
2421,1233367250,1233370317,3067
2422,1233367995,1233370992,2997
2423,1233368704,1233371264,2560
2424,1233369028,1233372587,3559
2425,1233369789,1233373129,3340
2426,1233370144,1233373489,3345
2427,1233370317,1233374826,4509
2428,1233370992,1233375387,4395
2429,1233371264,1233376208,4944
2430,1233372587,1233377400,4813
2431,1233373129,1233378164,5035
2432,1233373489,1233379552,6063
2433,1233374826,1233380038,5212
2434,1233375387,1233380497,5110
2435,1233376208,1233381091,4883
2436,1233377400,1233381760,4360
2437,1233378164,1233383180,5016
2438,1233379552,1233383847,4295
2439,1233380038,1233385305,5267
2440,1233380497,1233385844,5347
2441,1233381091,1233386287,5196
2442,1233381760,1233386916,5156
2443,1233383180,1233387696,4516
2444,1233383847,1233388584,4737
2445,1233385305,1233389217,3912
2446,1233385844,1233389946,4102
2447,1233386287,1233391044,4757
2448,1233386916,1233391238,4322
2449,1233387696,1233391651,3955
2450,1233388584,1233392709,4125
2451,1233389217,1233393762,4545
2452,1233389946,1233394600,4654
2453,1233391044,1233395159,4115
2454,1233391238,1233395636,4398
2455,1233391651,1233396353,4702
2456,1233392709,1233396663,3954
2457,1233393762,1233396932,3170
2458,1233394600,1233397432,2832
2459,1233395159,1233398636,3477
2460,1233395636,1233399182,3546
2461,1233396353,1233399927,3574
2462,1233396663,1233400547,3884
2463,1233396932,1233401176,4244
2464,1233397432,1233401729,4297
2465,1233398636,1233401748,3112
2466,1233399182,1233401991,2809
2467,1233399927,1233402657,2730
2468,1233400547,1233402878,2331
2469,1233401176,1233403799,2623
2470,1233401729,1233404769,3040
2471,1233401748,1233404813,3065
2472,1233401991,1233405296,3305
2473,1233402657,1233406073,3416
2474,1233402878,1233406751,3873
2475,1233403799,1233407138,3339
2476,1233404769,1233407374,2605
2477,1233404813,1233408365,3552
2478,1233405296,1233409151,3855
2479,1233406073,1233409932,3859
2480,1233406751,1233410203,3452
2481,1233407138,1233411180,4042
2482,1233407374,1233411304,3930
2483,1233408365,1233412537,4172
2484,1233409151,1233412920,3769
2485,1233409932,1233413501,3569
2486,1233410203,1233413882,3679
2487,1233411180,1233414452,3272
2488,1233411304,1233414798,3494
2489,1233412537,1233415407,2870
2490,1233412920,1233415848,2928
2491,1233413501,1233417115,3614
2492,1233413882,1233417484,3602
2493,1233414452,1233417537,3085
2494,1233414798,1233418441,3643
2495,1233415407,1233418917,3510
2496,1233415848,1233419446,3598
2497,1233417115,1233419998,2883
2498,1233417484,1233420885,3401
2499,1233417537,1233421196,3659
2500,1233418441,1233421233,2792
2501,1233418917,1233421620,2703
2502,1233419446,1233421641,2195
2503,1233419998,1233421975,1977
2504,1233420885,1233422559,1674
2505,1233421196,1233422605,1409
2506,1233421233,1233423161,1928
2507,1233421620,1233423772,2152
2508,1233421641,1233424184,2543
2509,1233421975,1233424419,2444
2510,1233422559,1233425571,3012
2511,1233422605,1233426718,4113
2512,1233423161,1233427056,3895
2513,1233423772,1233427047,3275
2514,1233424184,1233427676,3492
2515,1233424419,1233427791,3372
2516,1233425571,1233428244,2673
2517,1233426718,1233428358,1640
2518,1233427047,1233428912,1865
2519,1233427056,1233429555,2499
2520,1233427676,1233430684,3008
2521,1233427791,1233431205,3414
2522,1233428244,1233432030,3786
2523,1233428358,1233432682,4324
2524,1233428912,1233433093,4181
2525,1233429555,1233434034,4479
2526,1233430684,1233434357,3673
2527,1233431205,1233435034,3829
2528,1233432030,1233435545,3515
2529,1233432682,1233436290,3608
2530,1233433093,1233437080,3987
2531,1233434034,1233437971,3937
2532,1233434357,1233438589,4232
2533,1233435034,1233440022,4988
2534,1233435545,1233440429,4884
2535,1233436290,1233441464,5174
2536,1233437080,1233442026,4946
2537,1233437971,1233442096,4125
2538,1233438589,1233442629,4040
2539,1233440022,1233444068,4046
2540,1233440429,1233444755,4326
2541,1233441464,1233445356,3892
2542,1233442026,1233445540,3514
2543,1233442096,1233446375,4279
2544,1233442629,1233446920,4291
2545,1233444068,1233448111,4043
2546,1233444755,1233449296,4541
2547,1233445356,1233450262,4906
2548,1233445540,1233451816,6276
2549,1233446375,1233452942,6567
2550,1233446920,1233453846,6926
2551,1233448111,1233454707,6596
2552,1233449296,1233456157,6861
2553,1233450262,1233457527,7265
2554,1233451816,1233458169,6353
2555,1233452942,1233458518,5576
2556,1233453846,1233458564,4718
2557,1233454707,1233459347,4640
2558,1233456157,1233459785,3628
2559,1233457527,1233460511,2984
2560,1233458169,1233461378,3209
2561,1233458518,1233462555,4037
2562,1233458564,1233463596,5032
2563,1233459347,1233464326,4979
2564,1233459785,1233465478,5693
2565,1233460511,1233465512,5001
2566,1233461378,1233466796,5418
2567,1233462555,1233467474,4919
2568,1233463596,1233467683,4087
2569,1233464326,1233468945,4619
2570,1233465478,1233470027,4549
2571,1233465512,1233470463,4951
2572,1233466796,1233471039,4243
2573,1233467474,1233471972,4498
2574,1233467683,1233473263,5580
2575,1233468945,1233473816,4871
2576,1233470027,1233474131,4104
2577,1233470463,1233474503,4040
2578,1233471039,1233476055,5016
2579,1233471972,1233477316,5344
2580,1233473263,1233477840,4577
2581,1233473816,1233478612,4796
2582,1233474131,1233479298,5167
2583,1233474503,1233480544,6041
2584,1233476055,1233481390,5335
2585,1233477316,1233482482,5166
2586,1233477840,1233483665,5825
2587,1233478612,1233484318,5706
2588,1233479298,1233484871,5573
2589,1233480544,1233486497,5953
2590,1233481390,1233487968,6578
2591,1233482482,1233488617,6135
2592,1233483665,1233488998,5333
2593,1233484318,1233489325,5007
2594,1233484871,1233490713,5842
2595,1233486497,1233492101,5604
2596,1233487968,1233493394,5426
2597,1233488617,1233493514,4897
2598,1233488998,1233494893,5895
2599,1233489325,1233495354,6029
2600,1233490713,1233495650,4937
2601,1233492101,1233496260,4159
2602,1233493394,1233496388,2994
2603,1233493514,1233496990,3476
2604,1233494893,1233497528,2635
2605,1233495354,1233498453,3099
2606,1233495650,1233499099,3449
2607,1233496260,1233499481,3221
2608,1233496388,1233499536,3148
2609,1233496990,1233500653,3663
2610,1233497528,1233501406,3878
2611,1233498453,1233501853,3400
2612,1233499099,1233502540,3441
2613,1233499481,1233502760,3279
2614,1233499536,1233503197,3661
2615,1233500653,1233504057,3404
2616,1233501406,1233505512,4106
2617,1233501853,1233506144,4291
2618,1233502540,1233506200,3660
2619,1233502760,1233507653,4893
2620,1233503197,1233508512,5315
2621,1233504057,1233508607,4550
2622,1233505512,1233509224,3712
2623,1233506144,1233509416,3272
2624,1233506200,1233509865,3665
2625,1233507653,1233510578,2925
2626,1233508512,1233511208,2696
2627,1233508607,1233512124,3517
2628,1233509224,1233512251,3027
2629,1233509416,1233512706,3290
2630,1233509865,1233512811,2946
2631,1233510578,1233513983,3405
2632,1233511208,1233514203,2995
2633,1233512124,1233515684,3560
2634,1233512251,1233516014,3763
2635,1233512706,1233516399,3693
2636,1233512811,1233516676,3865
2637,1233513983,1233517869,3886
2638,1233514203,1233518352,4149
2639,1233515684,1233519000,3316
2640,1233516014,1233519880,3866
2641,1233516399,1233520986,4587
2642,1233516676,1233521499,4823
2643,1233517869,1233522061,4192
2644,1233518352,1233522513,4161
2645,1233519000,1233522724,3724
2646,1233519880,1233523407,3527
2647,1233520986,1233523978,2992
2648,1233521499,1233525380,3881
2649,1233522061,1233526817,4756
2650,1233522513,1233528344,5831
2651,1233522724,1233529248,6524
2652,1233523407,1233529795,6388
2653,1233523978,1233530560,6582
2654,1233525380,1233530640,5260
2655,1233526817,1233531399,4582
2656,1233528344,1233532287,3943
2657,1233529248,1233532992,3744
2658,1233529795,1233533219,3424
2659,1233530560,1233533236,2676
2660,1233530640,1233534202,3562
2661,1233531399,1233535311,3912
2662,1233532287,1233535803,3516
2663,1233532992,1233536428,3436
2664,1233533219,1233537086,3867
2665,1233533236,1233537748,4512
2666,1233534202,1233537869,3667
2667,1233535311,1233538781,3470
2668,1233535803,1233540280,4477
2669,1233536428,1233540804,4376
2670,1233537086,1233541511,4425
2671,1233537748,1233542925,5177
2672,1233537869,1233543677,5808
2673,1233538781,1233544083,5302
2674,1233540280,1233544160,3880
2675,1233540804,1233545310,4506
2676,1233541511,1233545370,3859
2677,1233542925,1233546423,3498
2678,1233543677,1233547404,3727
2679,1233544083,1233547938,3855
2680,1233544160,1233549163,5003
2681,1233545310,1233550589,5279
2682,1233545370,1233551575,6205
2683,1233546423,1233552172,5749
2684,1233547404,1233552221,4817
2685,1233547938,1233552536,4598
2686,1233549163,1233552936,3773
2687,1233550589,1233553358,2769
2688,1233551575,1233554263,2688
2689,1233552172,1233554542,2370
2690,1233552221,1233554880,2659
2691,1233552536,1233555604,3068
2692,1233552936,1233556092,3156
2693,1233553358,1233556270,2912
2694,1233554263,1233557017,2754
2695,1233554542,1233557507,2965
2696,1233554880,1233557681,2801
2697,1233555604,1233558176,2572
2698,1233556092,1233559016,2924
2699,1233556270,1233559326,3056
2700,1233557017,1233560734,3717
2701,1233557507,1233562015,4508
2702,1233557681,1233562157,4476
2703,1233558176,1233563268,5092
2704,1233559016,1233563982,4966
2705,1233559326,1233564705,5379
2706,1233560734,1233564822,4088
2707,1233562015,1233565865,3850
2708,1233562157,1233567265,5108
2709,1233563268,1233568449,5181
2710,1233563982,1233569285,5303
2711,1233564705,1233570715,6010
2712,1233564822,1233572031,7209
2713,1233565865,1233573491,7626
2714,1233567265,1233574099,6834
2715,1233568449,1233574829,6380
2716,1233569285,1233574860,5575
2717,1233570715,1233574954,4239
2718,1233572031,1233575666,3635
2719,1233573491,1233576204,2713
2720,1233574099,1233576661,2562
2721,1233574829,1233577502,2673
2722,1233574860,1233578799,3939
2723,1233574954,1233579324,4370
2724,1233575666,1233580063,4397
2725,1233576204,1233581000,4796
2726,1233576661,1233582135,5474
2727,1233577502,1233582954,5452
2728,1233578799,1233583305,4506
2729,1233579324,1233583314,3990
2730,1233580063,1233584247,4184
2731,1233581000,1233584634,3634
2732,1233582135,1233585579,3444
2733,1233582954,1233585720,2766
2734,1233583305,1233586931,3626
2735,1233583314,1233587483,4169
2736,1233584247,1233587742,3495
2737,1233584634,1233588129,3495
2738,1233585579,1233588703,3124
2739,1233585720,1233588909,3189
2740,1233586931,1233589478,2547
2741,1233587483,1233589485,2002
2742,1233587742,1233590708,2966
2743,1233588129,1233591087,2958
2744,1233588703,1233591468,2765
2745,1233588909,1233592278,3369
2746,1233589478,1233593862,4384
2747,1233589485,1233595159,5674
2748,1233590708,1233595331,4623
2749,1233591087,1233595900,4813
2750,1233591468,1233596314,4846
2751,1233592278,1233596989,4711
2752,1233593862,1233597884,4022
2753,1233595159,1233598354,3195
2754,1233595331,1233598896,3565
2755,1233595900,1233598932,3032
2756,1233596314,1233599468,3154
2757,1233596989,1233600674,3685
2758,1233597884,1233602312,4428
2759,1233598354,1233602397,4043
2760,1233598896,1233602636,3740
2761,1233598932,1233603093,4161
2762,1233599468,1233604262,4794
2763,1233600674,1233604406,3732
2764,1233602312,1233604691,2379
2765,1233602397,1233605821,3424
2766,1233602636,1233606941,4305
2767,1233603093,1233608135,5042
2768,1233604262,1233608273,4011
2769,1233604406,1233609350,4944
2770,1233604691,1233610582,5891
2771,1233605821,1233611136,5315
2772,1233606941,1233611257,4316
2773,1233608135,1233611980,3845
2774,1233608273,1233612836,4563
2775,1233609350,1233613227,3877
2776,1233610582,1233613896,3314
2777,1233611136,1233615305,4169
2778,1233611257,1233615690,4433
2779,1233611980,1233616114,4134
2780,1233612836,1233616675,3839
2781,1233613227,1233617835,4608
2782,1233613896,1233618209,4313
2783,1233615305,1233618414,3109
2784,1233615690,1233618919,3229
2785,1233616114,1233620088,3974
2786,1233616675,1233620634,3959
2787,1233617835,1233620939,3104
2788,1233618209,1233621279,3070
2789,1233618414,1233622094,3680
2790,1233618919,1233622188,3269
2791,1233620088,1233622925,2837
2792,1233620634,1233624139,3505
2793,1233620939,1233625316,4377
2794,1233621279,1233625675,4396
2795,1233622094,1233625742,3648
2796,1233622188,1233626445,4257
2797,1233622925,1233627348,4423
2798,1233624139,1233627560,3421
2799,1233625316,1233627898,2582
2800,1233625675,1233628495,2820
2801,1233625742,1233628776,3034
2802,1233626445,1233629440,2995
2803,1233627348,1233630672,3324
2804,1233627560,1233631403,3843
2805,1233627898,1233631701,3803
2806,1233628495,1233631802,3307
2807,1233628776,1233632766,3990
2808,1233629440,1233632893,3453
2809,1233630672,1233634344,3672
2810,1233631403,1233634893,3490
2811,1233631701,1233635951,4250
2812,1233631802,1233636459,4657
2813,1233632766,1233636834,4068
2814,1233632893,1233636916,4023
2815,1233634344,1233637083,2739
2816,1233634893,1233637184,2291
2817,1233635951,1233638202,2251
2818,1233636459,1233638709,2250
2819,1233636834,1233639127,2293
2820,1233636916,1233639192,2276
2821,1233637083,1233639427,2344
2822,1233637184,1233640612,3428
2823,1233638202,1233641557,3355
2824,1233638709,1233642808,4099
2825,1233639127,1233642828,3701
2826,1233639192,1233643075,3883
2827,1233639427,1233643227,3800
2828,1233640612,1233643589,2977
2829,1233641557,1233644396,2839
2830,1233642808,1233645082,2274
2831,1233642828,1233645504,2676
2832,1233643075,1233646074,2999
2833,1233643227,1233646712,3485
2834,1233643589,1233647223,3634
2835,1233644396,1233648172,3776
2836,1233645082,1233648778,3696
2837,1233645504,1233649286,3782
2838,1233646074,1233650820,4746
2839,1233646712,1233652167,5455
2840,1233647223,1233652620,5397
2841,1233648172,1233653970,5798
2842,1233648778,1233654999,6221
2843,1233649286,1233655385,6099
2844,1233650820,1233655583,4763
2845,1233652167,1233656267,4100
2846,1233652620,1233656722,4102
2847,1233653970,1233657223,3253
2848,1233654999,1233657702,2703
2849,1233655385,1233657725,2340
2850,1233655583,1233658032,2449
2851,1233656267,1233658146,1879
2852,1233656722,1233659353,2631
2853,1233657223,1233659437,2214
2854,1233657702,1233660016,2314
2855,1233657725,1233660553,2828
2856,1233658032,1233661341,3309
2857,1233658146,1233661964,3818
2858,1233659353,1233662516,3163
2859,1233659437,1233663360,3923
2860,1233660016,1233664875,4859
2861,1233660553,1233665932,5379
2862,1233661341,1233666084,4743
2863,1233661964,1233666967,5003
2864,1233662516,1233667989,5473
2865,1233663360,1233668501,5141
2866,1233664875,1233669097,4222
2867,1233665932,1233669680,3748
2868,1233666084,1233670521,4437
2869,1233666967,1233671315,4348
2870,1233667989,1233671549,3560
2871,1233668501,1233672309,3808
2872,1233669097,1233672495,3398
2873,1233669680,1233673511,3831
2874,1233670521,1233673827,3306
2875,1233671315,1233674517,3202
2876,1233671549,1233675786,4237
2877,1233672309,1233676732,4423
2878,1233672495,1233677362,4867
2879,1233673511,1233677873,4362
2880,1233673827,1233678555,4728
2881,1233674517,1233679751,5234
2882,1233675786,1233679888,4102
2883,1233676732,1233680354,3622
2884,1233677362,1233680501,3139
2885,1233677873,1233681014,3141
2886,1233678555,1233681331,2776
2887,1233679751,1233682275,2524
2888,1233679888,1233683611,3723
2889,1233680354,1233684700,4346
2890,1233680501,1233685532,5031
2891,1233681014,1233686355,5341
2892,1233681331,1233686611,5280
2893,1233682275,1233686996,4721
2894,1233683611,1233687668,4057
2895,1233684700,1233689051,4351
2896,1233685532,1233689139,3607
2897,1233686355,1233690629,4274
2898,1233686611,1233691982,5371
2899,1233686996,1233692120,5124
2900,1233687668,1233693317,5649
2901,1233689051,1233693445,4394
2902,1233689139,1233693905,4766
2903,1233690629,1233695255,4626
2904,1233691982,1233695329,3347
2905,1233692120,1233695381,3261
2906,1233693317,1233695486,2169
2907,1233693445,1233696595,3150
2908,1233693905,1233697110,3205
2909,1233695255,1233697905,2650
2910,1233695329,1233698506,3177
2911,1233695381,1233699151,3770
2912,1233695486,1233699846,4360
2913,1233696595,1233701033,4438
2914,1233697110,1233701758,4648
2915,1233697905,1233702292,4387
2916,1233698506,1233703275,4769
2917,1233699151,1233703467,4316
2918,1233699846,1233704478,4632
2919,1233701033,1233704592,3559
2920,1233701758,1233704643,2885
2921,1233702292,1233704807,2515
2922,1233703275,1233704929,1654
2923,1233703467,1233705540,2073
2924,1233704478,1233706586,2108
2925,1233704592,1233707055,2463
2926,1233704643,1233708027,3384
2927,1233704807,1233708693,3886
2928,1233704929,1233709520,4591
2929,1233705540,1233710646,5106
2930,1233706586,1233710874,4288
2931,1233707055,1233711440,4385
2932,1233708027,1233712565,4538
2933,1233708693,1233713090,4397
2934,1233709520,1233713948,4428
2935,1233710646,1233714592,3946
2936,1233710874,1233715064,4190
2937,1233711440,1233715573,4133
2938,1233712565,1233715884,3319
2939,1233713090,1233717110,4020
2940,1233713948,1233717911,3963
2941,1233714592,1233718562,3970
2942,1233715064,1233719325,4261
2943,1233715573,1233719791,4218
2944,1233715884,1233720555,4671
2945,1233717110,1233721457,4347
2946,1233717911,1233721812,3901
2947,1233718562,1233722935,4373
2948,1233719325,1233724010,4685
2949,1233719791,1233724391,4600
2950,1233720555,1233725172,4617
2951,1233721457,1233726421,4964
2952,1233721812,1233726911,5099
2953,1233722935,1233728416,5481
2954,1233724010,1233729155,5145
2955,1233724391,1233729920,5529
2956,1233725172,1233730047,4875
2957,1233726421,1233731205,4784
2958,1233726911,1233731640,4729
2959,1233728416,1233731884,3468
2960,1233729155,1233732647,3492
2961,1233729920,1233734037,4117
2962,1233730047,1233735073,5026
2963,1233731205,1233735407,4202
2964,1233731640,1233735932,4292
2965,1233731884,1233737391,5507
2966,1233732647,1233738615,5968
2967,1233734037,1233739076,5039
2968,1233735073,1233739643,4570
2969,1233735407,1233740277,4870
2970,1233735932,1233741343,5411
2971,1233737391,1233742063,4672
2972,1233738615,1233742726,4111
2973,1233739076,1233743419,4343
2974,1233739643,1233744348,4705
2975,1233740277,1233745475,5198
2976,1233741343,1233746777,5434
2977,1233742063,1233747043,4980
2978,1233742726,1233747450,4724
2979,1233743419,1233747637,4218
2980,1233744348,1233748129,3781
2981,1233745475,1233748790,3315
2982,1233746777,1233749788,3011
2983,1233747043,1233750202,3159
2984,1233747450,1233750665,3215
2985,1233747637,1233751572,3935
2986,1233748129,1233752104,3975
2987,1233748790,1233752545,3755
2988,1233749788,1233753128,3340
2989,1233750202,1233753509,3307
2990,1233750665,1233753984,3319
2991,1233751572,1233754777,3205
2992,1233752104,1233756316,4212
2993,1233752545,1233756445,3900
2994,1233753128,1233756963,3835
2995,1233753509,1233757102,3593
2996,1233753984,1233758050,4066
2997,1233754777,1233758727,3950
2998,1233756316,1233759601,3285
2999,1233756445,1233760999,4554
3000,1233756963,1233761870,4907
3001,1233757102,1233762657,5555
3002,1233758050,1233763257,5207
3003,1233758727,1233764480,5753
3004,1233759601,1233765836,6235
3005,1233760999,1233765972,4973
3006,1233761870,1233766538,4668
3007,1233762657,1233766955,4298
3008,1233763257,1233767738,4481
3009,1233764480,1233768745,4265
3010,1233765836,1233769134,3298
3011,1233765972,1233769584,3612
3012,1233766538,1233770281,3743
3013,1233766955,1233771533,4578
3014,1233767738,1233772277,4539
3015,1233768745,1233772986,4241
3016,1233769134,1233773698,4564
3017,1233769584,1233774371,4787
3018,1233770281,1233774446,4165
3019,1233771533,1233775785,4252
3020,1233772277,1233776683,4406
3021,1233772986,1233777104,4118
3022,1233773698,1233777578,3880
3023,1233774371,1233777957,3586
3024,1233774446,1233778857,4411
3025,1233775785,1233779690,3905
3026,1233776683,1233780106,3423
3027,1233777104,1233780660,3556
3028,1233777578,1233781219,3641
3029,1233777957,1233781644,3687
3030,1233778857,1233782378,3521
3031,1233779690,1233783103,3413
3032,1233780106,1233783271,3165
3033,1233780660,1233783500,2840
3034,1233781219,1233784407,3188
3035,1233781644,1233785999,4355
3036,1233782378,1233786054,3676
3037,1233783103,1233786965,3862
3038,1233783271,1233787449,4178
3039,1233783500,1233789413,5913
3040,1233784407,1233790027,5620
3041,1233785999,1233790750,4751
3042,1233786054,1233791654,5600
3043,1233786965,1233792501,5536
3044,1233787449,1233792927,5478
3045,1233789413,1233792939,3526
3046,1233790027,1233793412,3385
3047,1233790750,1233793609,2859
3048,1233791654,1233794163,2509
3049,1233792501,1233795081,2580
3050,1233792927,1233796564,3637
3051,1233792939,1233797191,4252
3052,1233793412,1233797956,4544
3053,1233793609,1233798979,5370
3054,1233794163,1233799208,5045
3055,1233795081,1233799864,4783
3056,1233796564,1233800403,3839
3057,1233797191,1233800425,3234
3058,1233797956,1233800669,2713
3059,1233798979,1233800934,1955
3060,1233799208,1233801803,2595
3061,1233799864,1233802394,2530
3062,1233800403,1233803378,2975
3063,1233800425,1233803897,3472
3064,1233800669,1233804371,3702
3065,1233800934,1233804863,3929
3066,1233801803,1233806009,4206
3067,1233802394,1233807443,5049
3068,1233803378,1233808468,5090
3069,1233803897,1233808712,4815
3070,1233804371,1233809130,4759
3071,1233804863,1233810083,5220
3072,1233806009,1233810799,4790
3073,1233807443,1233812264,4821
3074,1233808468,1233813718,5250
3075,1233808712,1233814545,5833
3076,1233809130,1233815252,6122
3077,1233810083,1233816522,6439
3078,1233810799,1233816972,6173
3079,1233812264,1233817506,5242
3080,1233813718,1233817927,4209
3081,1233814545,1233818492,3947
3082,1233815252,1233819556,4304
3083,1233816522,1233820392,3870
3084,1233816972,1233821090,4118
3085,1233817506,1233821835,4329
3086,1233817927,1233822971,5044
3087,1233818492,1233823926,5434
3088,1233819556,1233825099,5543
3089,1233820392,1233826570,6178
3090,1233821090,1233826959,5869
3091,1233821835,1233827180,5345
3092,1233822971,1233828263,5292
3093,1233823926,1233829150,5224
3094,1233825099,1233830101,5002
3095,1233826570,1233830687,4117
3096,1233826959,1233831430,4471
3097,1233827180,1233831876,4696
3098,1233828263,1233832989,4726
3099,1233829150,1233833383,4233
3100,1233830101,1233833636,3535
3101,1233830687,1233834827,4140
3102,1233831430,1233836303,4873
3103,1233831876,1233837098,5222
3104,1233832989,1233837695,4706
3105,1233833383,1233839042,5659
3106,1233833636,1233839523,5887
3107,1233834827,1233839832,5005
3108,1233836303,1233840717,4414
3109,1233837098,1233841349,4251
3110,1233837695,1233842808,5113
3111,1233839042,1233843831,4789
3112,1233839523,1233844268,4745
3113,1233839832,1233844702,4870
3114,1233840717,1233846172,5455
3115,1233841349,1233846524,5175
3116,1233842808,1233846956,4148
3117,1233843831,1233847151,3320
3118,1233844268,1233847305,3037
3119,1233844702,1233848375,3673
3120,1233846172,1233848837,2665
3121,1233846524,1233849585,3061
3122,1233846956,1233849949,2993
3123,1233847151,1233850733,3582
3124,1233847305,1233851160,3855
3125,1233848375,1233851256,2881
3126,1233848837,1233852048,3211
3127,1233849585,1233852159,2574
3128,1233849949,1233852470,2521
3129,1233850733,1233852888,2155
3130,1233851160,1233854290,3130
3131,1233851256,1233855810,4554
3132,1233852048,1233856444,4396
3133,1233852159,1233856991,4832
3134,1233852470,1233857734,5264
3135,1233852888,1233859128,6240
3136,1233854290,1233859519,5229
3137,1233855810,1233860045,4235
3138,1233856444,1233860585,4141
3139,1233856991,1233860653,3662
3140,1233857734,1233861837,4103
3141,1233859128,1233862550,3422
3142,1233859519,1233862631,3112
3143,1233860045,1233862678,2633
3144,1233860585,1233863795,3210
3145,1233860653,1233864577,3924
3146,1233861837,1233865417,3580
3147,1233862550,1233865495,2945
3148,1233862631,1233865542,2911
3149,1233862678,1233866152,3474
3150,1233863795,1233867744,3949
3151,1233864577,1233868025,3448
3152,1233865417,1233868588,3171
3153,1233865495,1233869322,3827
3154,1233865542,1233869554,4012
3155,1233866152,1233869854,3702
3156,1233867744,1233870655,2911
3157,1233868025,1233871603,3578
3158,1233868588,1233872544,3956
3159,1233869322,1233872974,3652
3160,1233869554,1233873296,3742
3161,1233869854,1233873749,3895
3162,1233870655,1233874520,3865
3163,1233871603,1233875721,4118
3164,1233872544,1233875778,3234
3165,1233872974,1233876388,3414
3166,1233873296,1233877200,3904
3167,1233873749,1233877789,4040
3168,1233874520,1233878327,3807
3169,1233875721,1233879455,3734
3170,1233875778,1233880255,4477
3171,1233876388,1233880288,3900
3172,1233877200,1233880658,3458
3173,1233877789,1233881498,3709
3174,1233878327,1233882016,3689
3175,1233879455,1233882832,3377
3176,1233880255,1233883878,3623
3177,1233880288,1233884272,3984
3178,1233880658,1233885494,4836
3179,1233881498,1233885941,4443
3180,1233882016,1233886267,4251
3181,1233882832,1233887452,4620
3182,1233883878,1233887562,3684
3183,1233884272,1233888302,4030
3184,1233885494,1233889195,3701
3185,1233885941,1233890082,4141
3186,1233886267,1233890328,4061
3187,1233887452,1233890974,3522
3188,1233887562,1233891352,3790
3189,1233888302,1233891611,3309
3190,1233889195,1233892376,3181
3191,1233890082,1233892781,2699
3192,1233890328,1233893476,3148
3193,1233890974,1233894298,3324
3194,1233891352,1233894615,3263
3195,1233891611,1233895767,4156
3196,1233892376,1233896460,4084
3197,1233892781,1233897351,4570
3198,1233893476,1233898905,5429
3199,1233894298,1233899869,5571
3200,1233894615,1233901171,6556
3201,1233895767,1233902189,6422
3202,1233896460,1233902612,6152
3203,1233897351,1233903069,5718
3204,1233898905,1233903539,4634
3205,1233899869,1233904572,4703
3206,1233901171,1233904675,3504
3207,1233902189,1233905546,3357
3208,1233902612,1233905627,3015
3209,1233903069,1233906655,3586
3210,1233903539,1233907438,3899
3211,1233904572,1233908427,3855
3212,1233904675,1233909676,5001
3213,1233905546,1233911128,5582
3214,1233905627,1233911507,5880
3215,1233906655,1233912192,5537
3216,1233907438,1233912335,4897
3217,1233908427,1233913528,5101
3218,1233909676,1233914225,4549
3219,1233911128,1233915228,4100
3220,1233911507,1233915473,3966
3221,1233912192,1233916520,4328
3222,1233912335,1233917324,4989
3223,1233913528,1233917637,4109
3224,1233914225,1233917678,3453
3225,1233915228,1233917703,2475
3226,1233915473,1233918385,2912
3227,1233916520,1233918902,2382
3228,1233917324,1233919549,2225
3229,1233917637,1233920518,2881
3230,1233917678,1233920701,3023
3231,1233917703,1233921395,3692
3232,1233918385,1233922488,4103
3233,1233918902,1233923070,4168
3234,1233919549,1233923672,4123
3235,1233920518,1233925185,4667
3236,1233920701,1233925796,5095
3237,1233921395,1233927008,5613
3238,1233922488,1233928115,5627
3239,1233923070,1233928835,5765
3240,1233923672,1233928888,5216
3241,1233925185,1233929188,4003
3242,1233925796,1233930464,4668
3243,1233927008,1233931849,4841
3244,1233928115,1233932412,4297
3245,1233928835,1233933150,4315
3246,1233928888,1233934521,5633
3247,1233929188,1233935520,6332
3248,1233930464,1233936064,5600
3249,1233931849,1233936462,4613
3250,1233932412,1233936543,4131
3251,1233933150,1233937243,4093
3252,1233934521,1233937671,3150
3253,1233935520,1233938502,2982
3254,1233936064,1233938789,2725
3255,1233936462,1233939004,2542
3256,1233936543,1233939949,3406
3257,1233937243,1233940010,2767
3258,1233937671,1233940354,2683
3259,1233938502,1233941936,3434
3260,1233938789,1233942683,3894
3261,1233939004,1233943475,4471
3262,1233939949,1233943588,3639
3263,1233940010,1233944227,4217
3264,1233940354,1233944994,4640
3265,1233941936,1233945737,3801
3266,1233942683,1233945891,3208
3267,1233943475,1233946487,3012
3268,1233943588,1233947616,4028
3269,1233944227,1233947985,3758
3270,1233944994,1233949215,4221
3271,1233945737,1233950059,4322
3272,1233945891,1233951365,5474
3273,1233946487,1233951999,5512
3274,1233947616,1233952877,5261
3275,1233947985,1233952899,4914
3276,1233949215,1233953514,4299
3277,1233950059,1233953938,3879
3278,1233951365,1233954419,3054
3279,1233951999,1233955523,3524
3280,1233952877,1233956115,3238
3281,1233952899,1233956252,3353
3282,1233953514,1233956776,3262
3283,1233953938,1233958257,4319
3284,1233954419,1233959670,5251
3285,1233955523,1233960614,5091
3286,1233956115,1233961976,5861
3287,1233956252,1233962857,6605
3288,1233956776,1233963799,7023
3289,1233958257,1233964135,5878
3290,1233959670,1233964566,4896
3291,1233960614,1233965480,4866
3292,1233961976,1233965983,4007
3293,1233962857,1233966217,3360
3294,1233963799,1233966537,2738
3295,1233964135,1233966571,2436
3296,1233964566,1233966740,2174
3297,1233965480,1233967632,2152
3298,1233965983,1233967835,1852
3299,1233966217,1233968260,2043
3300,1233966537,1233969746,3209
3301,1233966571,1233970379,3808
3302,1233966740,1233970751,4011
3303,1233967632,1233970781,3149
3304,1233967835,1233971360,3525
3305,1233968260,1233972552,4292
3306,1233969746,1233972824,3078
3307,1233970379,1233973867,3488
3308,1233970751,1233973980,3229
3309,1233970781,1233975266,4485
3310,1233971360,1233975890,4530
3311,1233972552,1233976337,3785
3312,1233972824,1233976892,4068
3313,1233973867,1233977534,3667
3314,1233973980,1233977962,3982
3315,1233975266,1233978446,3180
3316,1233975890,1233979158,3268
3317,1233976337,1233980151,3814
3318,1233976892,1233980753,3861
3319,1233977534,1233980997,3463
3320,1233977962,1233981520,3558
3321,1233978446,1233981903,3457
3322,1233979158,1233982300,3142
3323,1233980151,1233982705,2554
3324,1233980753,1233983298,2545
3325,1233980997,1233983729,2732
3326,1233981520,1233984314,2794
3327,1233981903,1233984904,3001
3328,1233982300,1233984947,2647
3329,1233982705,1233986407,3702
3330,1233983298,1233987408,4110
3331,1233983729,1233987689,3960
3332,1233984314,1233988038,3724
3333,1233984904,1233988845,3941
3334,1233984947,1233988858,3911
3335,1233986407,1233990024,3617
3336,1233987408,1233990302,2894
3337,1233987689,1233991463,3774
3338,1233988038,1233992830,4792
3339,1233988845,1233993319,4474
3340,1233988858,1233994917,6059
3341,1233990024,1233995847,5823
3342,1233990302,1233997155,6853
3343,1233991463,1233998376,6913
3344,1233992830,1233999807,6977
3345,1233993319,1234000874,7555
3346,1233994917,1234001243,6326
3347,1233995847,1234002336,6489
3348,1233997155,1234002674,5519
3349,1233998376,1234003092,4716
3350,1233999807,1234003232,3425
3351,1234000874,1234004212,3338
3352,1234001243,1234005680,4437
3353,1234002336,1234006253,3917
3354,1234002674,1234006992,4318
3355,1234003092,1234007997,4905
3356,1234003232,1234008148,4916
3357,1234004212,1234008261,4049
3358,1234005680,1234008525,2845
3359,1234006253,1234009664,3411
3360,1234006992,1234009927,2935
3361,1234007997,1234010382,2385
3362,1234008148,1234011206,3058
3363,1234008261,1234011604,3343
3364,1234008525,1234012935,4410
3365,1234009664,1234013649,3985
3366,1234009927,1234014434,4507
3367,1234010382,1234015625,5243
3368,1234011206,1234015656,4450
3369,1234011604,1234016153,4549
3370,1234012935,1234017542,4607
3371,1234013649,1234017797,4148
3372,1234014434,1234017992,3558
3373,1234015625,1234019099,3474
3374,1234015656,1234019250,3594
3375,1234016153,1234019775,3622
3376,1234017542,1234020165,2623
3377,1234017797,1234020735,2938
3378,1234017992,1234022135,4143
3379,1234019099,1234023109,4010
3380,1234019250,1234024313,5063
3381,1234019775,1234024416,4641
3382,1234020165,1234025243,5078
3383,1234020735,1234025504,4769
3384,1234022135,1234025801,3666
3385,1234023109,1234027307,4198
3386,1234024313,1234028640,4327
3387,1234024416,1234028771,4355
3388,1234025243,1234029306,4063
3389,1234025504,1234030794,5290
3390,1234025801,1234031681,5880
3391,1234027307,1234031925,4618
3392,1234028640,1234032303,3663
3393,1234028771,1234032954,4183
3394,1234029306,1234033726,4420
3395,1234030794,1234035271,4477
3396,1234031681,1234036115,4434
3397,1234031925,1234036286,4361
3398,1234032303,1234036352,4049
3399,1234032954,1234036786,3832
3400,1234033726,1234038283,4557
3401,1234035271,1234039326,4055
3402,1234036115,1234039911,3796
3403,1234036286,1234041211,4925
3404,1234036352,1234041270,4918
3405,1234036786,1234042299,5513
3406,1234038283,1234042544,4261
3407,1234039326,1234042584,3258
3408,1234039911,1234043250,3339
3409,1234041211,1234044169,2958
3410,1234041270,1234044272,3002
3411,1234042299,1234045561,3262
3412,1234042544,1234046127,3583
3413,1234042584,1234047166,4582
3414,1234043250,1234047565,4315
3415,1234044169,1234048593,4424
3416,1234044272,1234048878,4606
3417,1234045561,1234049963,4402
3418,1234046127,1234050608,4481
3419,1234047166,1234050787,3621
3420,1234047565,1234051435,3870
3421,1234048593,1234052640,4047
3422,1234048878,1234053705,4827
3423,1234049963,1234054634,4671
3424,1234050608,1234055575,4967
3425,1234050787,1234055792,5005
3426,1234051435,1234056386,4951
3427,1234052640,1234056810,4170
3428,1234053705,1234057001,3296
3429,1234054634,1234057626,2992
3430,1234055575,1234058155,2580
3431,1234055792,1234059037,3245
3432,1234056386,1234059805,3419
3433,1234056810,1234060781,3971
3434,1234057001,1234062168,5167
3435,1234057626,1234062658,5032
3436,1234058155,1234063155,5000
3437,1234059037,1234064586,5549
3438,1234059805,1234065689,5884
3439,1234060781,1234065983,5202
3440,1234062168,1234066082,3914
3441,1234062658,1234066802,4144
3442,1234063155,1234067213,4058
3443,1234064586,1234068241,3655
3444,1234065689,1234068713,3024
3445,1234065983,1234068814,2831
3446,1234066082,1234069174,3092
3447,1234066802,1234069729,2927
3448,1234067213,1234070482,3269
3449,1234068241,1234070906,2665
3450,1234068713,1234071253,2540
3451,1234068814,1234071409,2595
3452,1234069174,1234072021,2847
3453,1234069729,1234073323,3594
3454,1234070482,1234073911,3429
3455,1234070906,1234074608,3702
3456,1234071253,1234075580,4327
3457,1234071409,1234075693,4284
3458,1234072021,1234075719,3698
3459,1234073323,1234076483,3160
3460,1234073911,1234077135,3224
3461,1234074608,1234077488,2880
3462,1234075580,1234078159,2579
3463,1234075693,1234078555,2862
3464,1234075719,1234080012,4293
3465,1234076483,1234080529,4046
3466,1234077135,1234081022,3887
3467,1234077488,1234081352,3864
3468,1234078159,1234082192,4033
3469,1234078555,1234082450,3895
3470,1234080012,1234083538,3526
3471,1234080529,1234084678,4149
3472,1234081022,1234084826,3804
3473,1234081352,1234085033,3681
3474,1234082192,1234085129,2937
3475,1234082450,1234085861,3411
3476,1234083538,1234086664,3126
3477,1234084678,1234087395,2717
3478,1234084826,1234087641,2815
3479,1234085033,1234088581,3548
3480,1234085129,1234089031,3902
3481,1234085861,1234089157,3296
3482,1234086664,1234089591,2927
3483,1234087395,1234089843,2448
3484,1234087641,1234089997,2356
3485,1234088581,1234091124,2543
3486,1234089031,1234092157,3126
3487,1234089157,1234093640,4483
3488,1234089591,1234093654,4063
3489,1234089843,1234094072,4229
3490,1234089997,1234094615,4618
3491,1234091124,1234095924,4800
3492,1234092157,1234097275,5118
3493,1234093640,1234098065,4425
3494,1234093654,1234098963,5309
3495,1234094072,1234099534,5462
3496,1234094615,1234100891,6276
3497,1234095924,1234101537,5613
3498,1234097275,1234101893,4618
3499,1234098065,1234102381,4316
3500,1234098963,1234103440,4477
3501,1234099534,1234104282,4748
3502,1234100891,1234104867,3976
3503,1234101537,1234104943,3406
3504,1234101893,1234104963,3070
3505,1234102381,1234105211,2830
3506,1234103440,1234106521,3081
3507,1234104282,1234106725,2443
3508,1234104867,1234107610,2743
3509,1234104943,1234108024,3081
3510,1234104963,1234108300,3337
3511,1234105211,1234109209,3998
3512,1234106521,1234110185,3664
3513,1234106725,1234110234,3509
3514,1234107610,1234110878,3268
3515,1234108024,1234111569,3545
3516,1234108300,1234112159,3859
3517,1234109209,1234113634,4425
3518,1234110185,1234114634,4449
3519,1234110234,1234115019,4785
3520,1234110878,1234116293,5415
3521,1234111569,1234116784,5215
3522,1234112159,1234116894,4735
3523,1234113634,1234117510,3876
3524,1234114634,1234118046,3412
3525,1234115019,1234119644,4625
3526,1234116293,1234120063,3770
3527,1234116784,1234121167,4383
3528,1234116894,1234122197,5303
3529,1234117510,1234123643,6133
3530,1234118046,1234124126,6080
3531,1234119644,1234124185,4541
3532,1234120063,1234124751,4688
3533,1234121167,1234124868,3701
3534,1234122197,1234125544,3347
3535,1234123643,1234126435,2792
3536,1234124126,1234126537,2411
3537,1234124185,1234126921,2736
3538,1234124751,1234127399,2648
3539,1234124868,1234127716,2848
3540,1234125544,1234127873,2329
3541,1234126435,1234129242,2807
3542,1234126537,1234130741,4204
3543,1234126921,1234131189,4268
3544,1234127399,1234131768,4369
3545,1234127716,1234132152,4436
3546,1234127873,1234132927,5054
3547,1234129242,1234133866,4624
3548,1234130741,1234135307,4566
3549,1234131189,1234136210,5021
3550,1234131768,1234136728,4960
3551,1234132152,1234137358,5206
3552,1234132927,1234137874,4947
3553,1234133866,1234138581,4715
3554,1234135307,1234139695,4388
3555,1234136210,1234140576,4366
3556,1234136728,1234141107,4379
3557,1234137358,1234141933,4575
3558,1234137874,1234142329,4455
3559,1234138581,1234143737,5156
3560,1234139695,1234144587,4892
3561,1234140576,1234145909,5333
3562,1234141107,1234146067,4960
3563,1234141933,1234146328,4395
3564,1234142329,1234146489,4160
3565,1234143737,1234146892,3155
3566,1234144587,1234147346,2759
3567,1234145909,1234147856,1947
3568,1234146067,1234147895,1828
3569,1234146328,1234148935,2607
3570,1234146489,1234150204,3715
3571,1234146892,1234151065,4173
3572,1234147346,1234152162,4816
3573,1234147856,1234152354,4498
3574,1234147895,1234153617,5722
3575,1234148935,1234154084,5149
3576,1234150204,1234155459,5255
3577,1234151065,1234156105,5040
3578,1234152162,1234156706,4544
3579,1234152354,1234158080,5726
3580,1234153617,1234158701,5084
3581,1234154084,1234159211,5127
3582,1234155459,1234159802,4343
3583,1234156105,1234160668,4563
3584,1234156706,1234161871,5165
3585,1234158080,1234162941,4861
3586,1234158701,1234163342,4641
3587,1234159211,1234163837,4626
3588,1234159802,1234164819,5017
3589,1234160668,1234165722,5054
3590,1234161871,1234165781,3910
3591,1234162941,1234166192,3251
3592,1234163342,1234167580,4238
3593,1234163837,1234168375,4538
3594,1234164819,1234168938,4119
3595,1234165722,1234169895,4173
3596,1234165781,1234169928,4147
3597,1234166192,1234170745,4553
3598,1234167580,1234171099,3519
3599,1234168375,1234171205,2830
3600,1234168938,1234172560,3622
3601,1234169895,1234173337,3442
3602,1234169928,1234173989,4061
3603,1234170745,1234174030,3285
3604,1234171099,1234174753,3654
3605,1234171205,1234175423,4218
3606,1234172560,1234176404,3844
3607,1234173337,1234176730,3393
3608,1234173989,1234177640,3651
3609,1234174030,1234178479,4449
3610,1234174753,1234178692,3939
3611,1234175423,1234179939,4516
3612,1234176404,1234180528,4124
3613,1234176730,1234181013,4283
3614,1234177640,1234181150,3510
3615,1234178479,1234181704,3225
3616,1234178692,1234183217,4525
3617,1234179939,1234183274,3335
3618,1234180528,1234183855,3327
3619,1234181013,1234183909,2896
3620,1234181150,1234184052,2902
3621,1234181704,1234185310,3606
3622,1234183217,1234186442,3225
3623,1234183274,1234186721,3447
3624,1234183855,1234187662,3807
3625,1234183909,1234188020,4111
3626,1234184052,1234188727,4675
3627,1234185310,1234188887,3577
3628,1234186442,1234189903,3461
3629,1234186721,1234190066,3345
3630,1234187662,1234190161,2499
3631,1234188020,1234191613,3593
3632,1234188727,1234192369,3642
3633,1234188887,1234192747,3860
3634,1234189903,1234192768,2865
3635,1234190066,1234193986,3920
3636,1234190161,1234194840,4679
3637,1234191613,1234195065,3452
3638,1234192369,1234195171,2802
3639,1234192747,1234195969,3222
3640,1234192768,1234196370,3602
3641,1234193986,1234197024,3038
3642,1234194840,1234198445,3605
3643,1234195065,1234199506,4441
3644,1234195171,1234199771,4600
3645,1234195969,1234200634,4665
3646,1234196370,1234201024,4654
3647,1234197024,1234201541,4517
3648,1234198445,1234201959,3514
3649,1234199506,1234202599,3093
3650,1234199771,1234202984,3213
3651,1234200634,1234203989,3355
3652,1234201024,1234204426,3402
3653,1234201541,1234204529,2988
3654,1234201959,1234205715,3756
3655,1234202599,1234205994,3395
3656,1234202984,1234206136,3152
3657,1234203989,1234206417,2428
3658,1234204426,1234206631,2205
3659,1234204529,1234207599,3070
3660,1234205715,1234207671,1956
3661,1234205994,1234208336,2342
3662,1234206136,1234208880,2744
3663,1234206417,1234209949,3532
3664,1234206631,1234210499,3868
3665,1234207599,1234210831,3232
3666,1234207671,1234211328,3657
3667,1234208336,1234212277,3941
3668,1234208880,1234213216,4336
3669,1234209949,1234213495,3546
3670,1234210499,1234213815,3316
3671,1234210831,1234214646,3815
3672,1234211328,1234215256,3928
3673,1234212277,1234215924,3647
3674,1234213216,1234217016,3800
3675,1234213495,1234218159,4664
3676,1234213815,1234219423,5608
3677,1234214646,1234219902,5256
3678,1234215256,1234220756,5500
3679,1234215924,1234220920,4996
3680,1234217016,1234221701,4685
3681,1234218159,1234222318,4159
3682,1234219423,1234222985,3562
3683,1234219902,1234223383,3481
3684,1234220756,1234223646,2890
3685,1234220920,1234223938,3018
3686,1234221701,1234224307,2606
3687,1234222318,1234224492,2174
3688,1234222985,1234224760,1775
3689,1234223383,1234225373,1990
3690,1234223646,1234226277,2631
3691,1234223938,1234227476,3538
3692,1234224307,1234228238,3931
3693,1234224492,1234228587,4095
3694,1234224760,1234229170,4410
3695,1234225373,1234230250,4877
3696,1234226277,1234230298,4021
3697,1234227476,1234230683,3207
3698,1234228238,1234231799,3561
3699,1234228587,1234232735,4148
3700,1234229170,1234232960,3790
3701,1234230250,1234233492,3242
3702,1234230298,1234233649,3351
3703,1234230683,1234234024,3341
3704,1234231799,1234234476,2677
3705,1234232735,1234235886,3151
3706,1234232960,1234236217,3257
3707,1234233492,1234237551,4059
3708,1234233649,1234238073,4424
3709,1234234024,1234239313,5289
3710,1234234476,1234239774,5298
3711,1234235886,1234240347,4461
3712,1234236217,1234240581,4364
3713,1234237551,1234241834,4283
3714,1234238073,1234242242,4169
3715,1234239313,1234242915,3602
3716,1234239774,1234243285,3511
3717,1234240347,1234244211,3864
3718,1234240581,1234245202,4621
3719,1234241834,1234246629,4795
3720,1234242242,1234247138,4896
3721,1234242915,1234248131,5216
3722,1234243285,1234248464,5179
3723,1234244211,1234249578,5367
3724,1234245202,1234250040,4838
3725,1234246629,1234251356,4727
3726,1234247138,1234251984,4846
3727,1234248131,1234252472,4341
3728,1234248464,1234253118,4654
3729,1234249578,1234253602,4024
3730,1234250040,1234254324,4284
3731,1234251356,1234255855,4499
3732,1234251984,1234256314,4330
3733,1234252472,1234257108,4636
3734,1234253118,1234257619,4501
3735,1234253602,1234258049,4447
3736,1234254324,1234259354,5030
3737,1234255855,1234259518,3663
3738,1234256314,1234260744,4430
3739,1234257108,1234261618,4510
3740,1234257619,1234261774,4155
3741,1234258049,1234262812,4763
3742,1234259354,1234263314,3960
3743,1234259518,1234264404,4886
3744,1234260744,1234264807,4063
3745,1234261618,1234266213,4595
3746,1234261774,1234266869,5095
3747,1234262812,1234268012,5200
3748,1234263314,1234269025,5711
3749,1234264404,1234270439,6035
3750,1234264807,1234271230,6423
3751,1234266213,1234272095,5882
3752,1234266869,1234273347,6478
3753,1234268012,1234273858,5846
3754,1234269025,1234274248,5223
3755,1234270439,1234275407,4968
3756,1234271230,1234276708,5478
3757,1234272095,1234277044,4949
3758,1234273347,1234277860,4513
3759,1234273858,1234278010,4152
3760,1234274248,1234278196,3948
3761,1234275407,1234278873,3466
3762,1234276708,1234279306,2598
3763,1234277044,1234280045,3001
3764,1234277860,1234281392,3532
3765,1234278010,1234282038,4028
3766,1234278196,1234282813,4617
3767,1234278873,1234283550,4677
3768,1234279306,1234284895,5589
3769,1234280045,1234284985,4940
3770,1234281392,1234286334,4942
3771,1234282038,1234286914,4876
3772,1234282813,1234287167,4354
3773,1234283550,1234287468,3918
3774,1234284895,1234287614,2719
3775,1234284985,1234288347,3362
3776,1234286334,1234288977,2643
3777,1234286914,1234289398,2484
3778,1234287167,1234290892,3725
3779,1234287468,1234290923,3455
3780,1234287614,1234291754,4140
3781,1234288347,1234293260,4913
3782,1234288977,1234294070,5093
3783,1234289398,1234295154,5756
3784,1234290892,1234295207,4315
3785,1234290923,1234295500,4577
3786,1234291754,1234296171,4417
3787,1234293260,1234296792,3532
3788,1234294070,1234297193,3123
3789,1234295154,1234297752,2598
3790,1234295207,1234299095,3888
3791,1234295500,1234300250,4750
3792,1234296171,1234301727,5556
3793,1234296792,1234302639,5847
3794,1234297193,1234303295,6102
3795,1234297752,1234303902,6150
3796,1234299095,1234304861,5766
3797,1234300250,1234305092,4842
3798,1234301727,1234305485,3758
3799,1234302639,1234306965,4326
3800,1234303295,1234307016,3721
3801,1234303902,1234307354,3452
3802,1234304861,1234308663,3802
3803,1234305092,1234309233,4141
3804,1234305485,1234309553,4068
3805,1234306965,1234310003,3038
3806,1234307016,1234310592,3576
3807,1234307354,1234311554,4200
3808,1234308663,1234312442,3779
3809,1234309233,1234313036,3803
3810,1234309553,1234313385,3832
3811,1234310003,1234313422,3419
3812,1234310592,1234313624,3032
3813,1234311554,1234314035,2481
3814,1234312442,1234314217,1775
3815,1234313036,1234314237,1201
3816,1234313385,1234314876,1491
3817,1234313422,1234315237,1815
3818,1234313624,1234315907,2283
3819,1234314035,1234316901,2866
3820,1234314217,1234317405,3188
3821,1234314237,1234317678,3441
3822,1234314876,1234317873,2997
3823,1234315237,1234318530,3293
3824,1234315907,1234319719,3812
3825,1234316901,1234320757,3856
3826,1234317405,1234320919,3514
3827,1234317678,1234321729,4051
3828,1234317873,1234322028,4155
3829,1234318530,1234322431,3901
3830,1234319719,1234322820,3101
3831,1234320757,1234324218,3461
3832,1234320919,1234325106,4187
3833,1234321729,1234326126,4397
3834,1234322028,1234326232,4204
3835,1234322431,1234326868,4437
3836,1234322820,1234326968,4148
3837,1234324218,1234327274,3056
3838,1234325106,1234327639,2533
3839,1234326126,1234328155,2029
3840,1234326232,1234328425,2193
3841,1234326868,1234329415,2547
3842,1234326968,1234329924,2956
3843,1234327274,1234330648,3374
3844,1234327639,1234330803,3164
3845,1234328155,1234331205,3050
3846,1234328425,1234332142,3717
3847,1234329415,1234332710,3295
3848,1234329924,1234333482,3558
3849,1234330648,1234334004,3356
3850,1234330803,1234334166,3363
3851,1234331205,1234334602,3397
3852,1234332142,1234334848,2706
3853,1234332710,1234335250,2540
3854,1234333482,1234335799,2317
3855,1234334004,1234336421,2417
3856,1234334166,1234337928,3762
3857,1234334602,1234338414,3812
3858,1234334848,1234338553,3705
3859,1234335250,1234339244,3994
3860,1234335799,1234339646,3847
3861,1234336421,1234340546,4125
3862,1234337928,1234340781,2853
3863,1234338414,1234340912,2498
3864,1234338553,1234341465,2912
3865,1234339244,1234342968,3724
3866,1234339646,1234343465,3819
3867,1234340546,1234344038,3492
3868,1234340781,1234344569,3788
3869,1234340912,1234344997,4085
3870,1234341465,1234345998,4533
3871,1234342968,1234346207,3239
3872,1234343465,1234346829,3364
3873,1234344038,1234347747,3709
3874,1234344569,1234348533,3964
3875,1234344997,1234349425,4428
3876,1234345998,1234350473,4475
3877,1234346207,1234351910,5703
3878,1234346829,1234352809,5980
3879,1234347747,1234352956,5209
3880,1234348533,1234354241,5708
3881,1234349425,1234354781,5356
3882,1234350473,1234355269,4796
3883,1234351910,1234355314,3404
3884,1234352809,1234356537,3728
3885,1234352956,1234357206,4250
3886,1234354241,1234357505,3264
3887,1234354781,1234358283,3502
3888,1234355269,1234358444,3175
3889,1234355314,1234359997,4683
3890,1234356537,1234360887,4350
3891,1234357206,1234362172,4966
3892,1234357505,1234363571,6066
3893,1234358283,1234363815,5532
3894,1234358444,1234364055,5611
3895,1234359997,1234365278,5281
3896,1234360887,1234366302,5415
3897,1234362172,1234367353,5181
3898,1234363571,1234367805,4234
3899,1234363815,1234368024,4209
3900,1234364055,1234369073,5018
3901,1234365278,1234369466,4188
3902,1234366302,1234370831,4529
3903,1234367353,1234371537,4184
3904,1234367805,1234372144,4339
3905,1234368024,1234372268,4244
3906,1234369073,1234373650,4577
3907,1234369466,1234375379,5913
3908,1234370831,1234376012,5181
3909,1234371537,1234376630,5093
3910,1234372144,1234377553,5409
3911,1234372268,1234377912,5644
3912,1234373650,1234378508,4858
3913,1234375379,1234380035,4656
3914,1234376012,1234380941,4929
3915,1234376630,1234382502,5872
3916,1234377553,1234383723,6170
3917,1234377912,1234384265,6353
3918,1234378508,1234384953,6445
3919,1234380035,1234385639,5604
3920,1234380941,1234386247,5306
3921,1234382502,1234386686,4184
3922,1234383723,1234387628,3905
3923,1234384265,1234388170,3905
3924,1234384953,1234388265,3312
3925,1234385639,1234389278,3639
3926,1234386247,1234389907,3660
3927,1234386686,1234390908,4222
3928,1234387628,1234391149,3521
3929,1234388170,1234391796,3626
3930,1234388265,1234392210,3945
3931,1234389278,1234393319,4041
3932,1234389907,1234393786,3879
3933,1234390908,1234394030,3122
3934,1234391149,1234394692,3543
3935,1234391796,1234395040,3244
3936,1234392210,1234395168,2958
3937,1234393319,1234396409,3090
3938,1234393786,1234396457,2671
3939,1234394030,1234397933,3903
3940,1234394692,1234398817,4125
3941,1234395040,1234400254,5214
3942,1234395168,1234400928,5760
3943,1234396409,1234401068,4659
3944,1234396457,1234402402,5945
3945,1234397933,1234402671,4738
3946,1234398817,1234402889,4072
3947,1234400254,1234403995,3741
3948,1234400928,1234404508,3580
3949,1234401068,1234404674,3606
3950,1234402402,1234405729,3327
3951,1234402671,1234406413,3742
3952,1234402889,1234407388,4499
3953,1234403995,1234407691,3696
3954,1234404508,1234408919,4411
3955,1234404674,1234409490,4816
3956,1234405729,1234410175,4446
3957,1234406413,1234411535,5122
3958,1234407388,1234411673,4285
3959,1234407691,1234412337,4646
3960,1234408919,1234413035,4116
3961,1234409490,1234413555,4065
3962,1234410175,1234413854,3679
3963,1234411535,1234415293,3758
3964,1234411673,1234416299,4626
3965,1234412337,1234416656,4319
3966,1234413035,1234417426,4391
3967,1234413555,1234417856,4301
3968,1234413854,1234418748,4894
3969,1234415293,1234419303,4010
3970,1234416299,1234420330,4031
3971,1234416656,1234420359,3703
3972,1234417426,1234421520,4094
3973,1234417856,1234422167,4311
3974,1234418748,1234423027,4279
3975,1234419303,1234423375,4072
3976,1234420330,1234424186,3856
3977,1234420359,1234425095,4736
3978,1234421520,1234426529,5009
3979,1234422167,1234427334,5167
3980,1234423027,1234427531,4504
3981,1234423375,1234428351,4976
3982,1234424186,1234428906,4720
3983,1234425095,1234430044,4949
3984,1234426529,1234430570,4041
3985,1234427334,1234431623,4289
3986,1234427531,1234431775,4244
3987,1234428351,1234431868,3517
3988,1234428906,1234432142,3236
3989,1234430044,1234432765,2721
3990,1234430570,1234433672,3102
3991,1234431623,1234434028,2405
3992,1234431775,1234434248,2473
3993,1234431868,1234434615,2747
3994,1234432142,1234434919,2777
3995,1234432765,1234435662,2897
3996,1234433672,1234436131,2459
3997,1234434028,1234436640,2612
3998,1234434248,1234436894,2646
3999,1234434615,1234437875,3260
4000,1234434919,1234438726,3807
4001,1234435662,1234439247,3585
4002,1234436131,1234440447,4316
4003,1234436640,1234440716,4076
4004,1234436894,1234440990,4096
4005,1234437875,1234442017,4142
4006,1234438726,1234442756,4030
4007,1234439247,1234443549,4302
4008,1234440447,1234444710,4263
4009,1234440716,1234445477,4761
4010,1234440990,1234446914,5924
4011,1234442017,1234448240,6223
4012,1234442756,1234449783,7027
4013,1234443549,1234450447,6898
4014,1234444710,1234451490,6780
4015,1234445477,1234451809,6332
4016,1234446914,1234452520,5606
4017,1234448240,1234453553,5313
4018,1234449783,1234454006,4223
4019,1234450447,1234454732,4285
4020,1234451490,1234455492,4002
4021,1234451809,1234456119,4310
4022,1234452520,1234457427,4907
4023,1234453553,1234459919,6366
4024,1234454006,1234461463,7457
4025,1234454732,1234462024,7292
4026,1234455492,1234462028,6536
4027,1234456119,1234462546,6427
4028,1234457427,1234464101,6674
4029,1234459919,1234464589,4670
4030,1234461463,1234465035,3572
4031,1234462024,1234465122,3098
4032,1234462028,1234466190,4162
4033,1234462546,1234467519,4973
4034,1234464101,1234467576,3475
4035,1234464589,1234468779,4190
4036,1234465035,1234469801,4766
4037,1234465122,1234470475,5353
4038,1234466190,1234470630,4440
4039,1234467519,1234470866,3347
4040,1234467576,1234471234,3658
4041,1234468779,1234471535,2756
4042,1234469801,1234472420,2619
4043,1234470475,1234472872,2397
4044,1234470630,1234473335,2705
4045,1234470866,1234474356,3490
4046,1234471234,1234474703,3469
4047,1234471535,1234475676,4141
4048,1234472420,1234475759,3339
4049,1234472872,1234476922,4050
4050,1234473335,1234477000,3665
4051,1234474356,1234478208,3852
4052,1234474703,1234479005,4302
4053,1234475676,1234479542,3866
4054,1234475759,1234480942,5183
4055,1234476922,1234481310,4388
4056,1234477000,1234481879,4879
4057,1234478208,1234482320,4112
4058,1234479005,1234483269,4264
4059,1234479542,1234483368,3826
4060,1234480942,1234483832,2890
4061,1234481310,1234484398,3088
4062,1234481879,1234485819,3940
4063,1234482320,1234487375,5055
4064,1234483269,1234488195,4926
4065,1234483368,1234488978,5610
4066,1234483832,1234489440,5608
4067,1234484398,1234490086,5688
4068,1234485819,1234490164,4345
4069,1234487375,1234490992,3617
4070,1234488195,1234491130,2935
4071,1234488978,1234491511,2533
4072,1234489440,1234492555,3115
4073,1234490086,1234492829,2743
4074,1234490164,1234493759,3595
4075,1234490992,1234493839,2847
4076,1234491130,1234494035,2905
4077,1234491511,1234494623,3112
4078,1234492555,1234494998,2443
4079,1234492829,1234495974,3145
4080,1234493759,1234496705,2946
4081,1234493839,1234497039,3200
4082,1234494035,1234498704,4669
4083,1234494623,1234499269,4646
4084,1234494998,1234500010,5012
4085,1234495974,1234500839,4865
4086,1234496705,1234502391,5686
4087,1234497039,1234502881,5842
4088,1234498704,1234503464,4760
4089,1234499269,1234504872,5603
4090,1234500010,1234505878,5868
4091,1234500839,1234507372,6533
4092,1234502391,1234507665,5274
4093,1234502881,1234507941,5060
4094,1234503464,1234507939,4475
4095,1234504872,1234508552,3680
4096,1234505878,1234509841,3963
4097,1234507372,1234511110,3738
4098,1234507665,1234512060,4395
4099,1234507939,1234513057,5118
4100,1234507941,1234513398,5457
4101,1234508552,1234514779,6227
4102,1234509841,1234515730,5889
4103,1234511110,1234516704,5594
4104,1234512060,1234517010,4950
4105,1234513057,1234517405,4348
4106,1234513398,1234517975,4577
4107,1234514779,1234518712,3933
4108,1234515730,1234519800,4070
4109,1234516704,1234519818,3114
4110,1234517010,1234520622,3612
4111,1234517405,1234521029,3624
4112,1234517975,1234522355,4380
4113,1234518712,1234522872,4160
4114,1234519800,1234523321,3521
4115,1234519818,1234523551,3733
4116,1234520622,1234524504,3882
4117,1234521029,1234525337,4308
4118,1234522355,1234525524,3169
4119,1234522872,1234526028,3156
4120,1234523321,1234526578,3257
4121,1234523551,1234528036,4485
4122,1234524504,1234528385,3881
4123,1234525337,1234528673,3336
4124,1234525524,1234529643,4119
4125,1234526028,1234529987,3959
4126,1234526578,1234530227,3649
4127,1234528036,1234530312,2276
4128,1234528385,1234531288,2903
4129,1234528673,1234532506,3833
4130,1234529643,1234533935,4292
4131,1234529987,1234534932,4945
4132,1234530227,1234535464,5237
4133,1234530312,1234536776,6464
4134,1234531288,1234537242,5954
4135,1234532506,1234537511,5005
4136,1234533935,1234538603,4668
4137,1234534932,1234539225,4293
4138,1234535464,1234539579,4115
4139,1234536776,1234540921,4145
4140,1234537242,1234541134,3892
4141,1234537511,1234542588,5077
4142,1234538603,1234543961,5358
4143,1234539225,1234545284,6059
4144,1234539579,1234545349,5770
4145,1234540921,1234545380,4459
4146,1234541134,1234546589,5455
4147,1234542588,1234547462,4874
4148,1234543961,1234547946,3985
4149,1234545284,1234548574,3290
4150,1234545349,1234548683,3334
4151,1234545380,1234549560,4180
4152,1234546589,1234550803,4214
4153,1234547462,1234551371,3909
4154,1234547946,1234551737,3791
4155,1234548574,1234551798,3224
4156,1234548683,1234552082,3399
4157,1234549560,1234552370,2810
4158,1234550803,1234553782,2979
4159,1234551371,1234554027,2656
4160,1234551737,1234554169,2432
4161,1234551798,1234554372,2574
4162,1234552082,1234555659,3577
4163,1234552370,1234556795,4425
4164,1234553782,1234556849,3067
4165,1234554027,1234557383,3356
4166,1234554169,1234557726,3557
4167,1234554372,1234558852,4480
4168,1234555659,1234559525,3866
4169,1234556795,1234560285,3490
4170,1234556849,1234560462,3613
4171,1234557383,1234561378,3995
4172,1234557726,1234561849,4123
4173,1234558852,1234562775,3923
4174,1234559525,1234563370,3845
4175,1234560285,1234563851,3566
4176,1234560462,1234565369,4907
4177,1234561378,1234566572,5194
4178,1234561849,1234567429,5580
4179,1234562775,1234568661,5886
4180,1234563370,1234569308,5938
4181,1234563851,1234569585,5734
4182,1234565369,1234570030,4661
4183,1234566572,1234570342,3770
4184,1234567429,1234570516,3087
4185,1234568661,1234570762,2101
4186,1234569308,1234571053,1745
4187,1234569585,1234571327,1742
4188,1234570030,1234571913,1883
4189,1234570342,1234572699,2357
4190,1234570516,1234573034,2518
4191,1234570762,1234573094,2332
4192,1234571053,1234573975,2922
4193,1234571327,1234574072,2745
4194,1234571913,1234574522,2609
4195,1234572699,1234575950,3251
4196,1234573034,1234575989,2955
4197,1234573094,1234576974,3880
4198,1234573975,1234577427,3452
4199,1234574072,1234578358,4286
4200,1234574522,1234578775,4253
4201,1234575950,1234579558,3608
4202,1234575989,1234580940,4951
4203,1234576974,1234582080,5106
4204,1234577427,1234582475,5048
4205,1234578358,1234582658,4300
4206,1234578775,1234582872,4097
4207,1234579558,1234583277,3719
4208,1234580940,1234584685,3745
4209,1234582080,1234585388,3308
4210,1234582475,1234585844,3369
4211,1234582658,1234586268,3610
4212,1234582872,1234586910,4038
4213,1234583277,1234587479,4202
4214,1234584685,1234588146,3461
4215,1234585388,1234588162,2774
4216,1234585844,1234589599,3755
4217,1234586268,1234589926,3658
4218,1234586910,1234591114,4204
4219,1234587479,1234592492,5013
4220,1234588146,1234593513,5367
4221,1234588162,1234593697,5535
4222,1234589599,1234594018,4419
4223,1234589926,1234594361,4435
4224,1234591114,1234594558,3444
4225,1234592492,1234594973,2481
4226,1234593513,1234595512,1999
4227,1234593697,1234595987,2290
4228,1234594018,1234596968,2950
4229,1234594361,1234597021,2660
4230,1234594558,1234597985,3427
4231,1234594973,1234599133,4160
4232,1234595512,1234599488,3976
4233,1234595987,1234600781,4794
4234,1234596968,1234601399,4431
4235,1234597021,1234601767,4746
4236,1234597985,1234602314,4329
4237,1234599133,1234603056,3923
4238,1234599488,1234604442,4954
4239,1234600781,1234604480,3699
4240,1234601399,1234605658,4259
4241,1234601767,1234605696,3929
4242,1234602314,1234606824,4510
4243,1234603056,1234608165,5109
4244,1234604442,1234608236,3794
4245,1234604480,1234608671,4191
4246,1234605658,1234609547,3889
4247,1234605696,1234610195,4499
4248,1234606824,1234610316,3492
4249,1234608165,1234610673,2508
4250,1234608236,1234610714,2478
4251,1234608671,1234611336,2665
4252,1234609547,1234611716,2169
4253,1234610195,1234612026,1831
4254,1234610316,1234612474,2158
4255,1234610673,1234612948,2275
4256,1234610714,1234613260,2546
4257,1234611336,1234614246,2910
4258,1234611716,1234614955,3239
4259,1234612026,1234615708,3682
4260,1234612474,1234616039,3565
4261,1234612948,1234616816,3868
4262,1234613260,1234617500,4240
4263,1234614246,1234618344,4098
4264,1234614955,1234619105,4150
4265,1234615708,1234619214,3506
4266,1234616039,1234619462,3423
4267,1234616816,1234619656,2840
4268,1234617500,1234620502,3002
4269,1234618344,1234621959,3615
4270,1234619105,1234621995,2890
4271,1234619214,1234622628,3414
4272,1234619462,1234623292,3830
4273,1234619656,1234623651,3995
4274,1234620502,1234624567,4065
4275,1234621959,1234625944,3985
4276,1234621995,1234627285,5290
4277,1234622628,1234627350,4722
4278,1234623292,1234627936,4644
4279,1234623651,1234628156,4505
4280,1234624567,1234628314,3747
4281,1234625944,1234629506,3562
4282,1234627285,1234629901,2616
4283,1234627350,1234630328,2978
4284,1234627936,1234630361,2425
4285,1234628156,1234630413,2257
4286,1234628314,1234631916,3602
4287,1234629506,1234633014,3508
4288,1234629901,1234633485,3584
4289,1234630328,1234633898,3570
4290,1234630361,1234634145,3784
4291,1234630413,1234634371,3958
4292,1234631916,1234635309,3393
4293,1234633014,1234635787,2773
4294,1234633485,1234636361,2876
4295,1234633898,1234636822,2924
4296,1234634145,1234637694,3549
4297,1234634371,1234638967,4596
4298,1234635309,1234640459,5150
4299,1234635787,1234641687,5900
4300,1234636361,1234642585,6224
4301,1234636822,1234643912,7090
4302,1234637694,1234644308,6614
4303,1234638967,1234645057,6090
4304,1234640459,1234645551,5092
4305,1234641687,1234646141,4454
4306,1234642585,1234646337,3752
4307,1234643912,1234646765,2853
4308,1234644308,1234647525,3217
4309,1234645057,1234648215,3158
4310,1234645551,1234649092,3541
4311,1234646141,1234650135,3994
4312,1234646337,1234650764,4427
4313,1234646765,1234652062,5297
4314,1234647525,1234653530,6005
4315,1234648215,1234653685,5470
4316,1234649092,1234654850,5758
4317,1234650135,1234655738,5603
4318,1234650764,1234656419,5655
4319,1234652062,1234657026,4964
4320,1234653530,1234657736,4206
4321,1234653685,1234658540,4855
4322,1234654850,1234659836,4986
4323,1234655738,1234661085,5347
4324,1234656419,1234662507,6088
4325,1234657026,1234662587,5561
4326,1234657736,1234663518,5782
4327,1234658540,1234664098,5558
4328,1234659836,1234664325,4489
4329,1234661085,1234665274,4189
4330,1234662507,1234665293,2786
4331,1234662587,1234666301,3714
4332,1234663518,1234667164,3646
4333,1234664098,1234667444,3346
4334,1234664325,1234667989,3664
4335,1234665274,1234668258,2984
4336,1234665293,1234669397,4104
4337,1234666301,1234670494,4193
4338,1234667164,1234670528,3364
4339,1234667444,1234670655,3211
4340,1234667989,1234670900,2911
4341,1234668258,1234672196,3938
4342,1234669397,1234672269,2872
4343,1234670494,1234673061,2567
4344,1234670528,1234673967,3439
4345,1234670655,1234674369,3714
4346,1234670900,1234675344,4444
4347,1234672196,1234675481,3285
4348,1234672269,1234676539,4270
4349,1234673061,1234676902,3841
4350,1234673967,1234677126,3159
4351,1234674369,1234678025,3656
4352,1234675344,1234678478,3134
4353,1234675481,1234679529,4048
4354,1234676539,1234680426,3887
4355,1234676902,1234680580,3678
4356,1234677126,1234681086,3960
4357,1234678025,1234681655,3630
4358,1234678478,1234681965,3487
4359,1234679529,1234682005,2476
4360,1234680426,1234682899,2473
4361,1234680580,1234683828,3248
4362,1234681086,1234683908,2822
4363,1234681655,1234684146,2491
4364,1234681965,1234684374,2409
4365,1234682005,1234685252,3247
4366,1234682899,1234686253,3354
4367,1234683828,1234686815,2987
4368,1234683908,1234687678,3770
4369,1234684146,1234688093,3947
4370,1234684374,1234688600,4226
4371,1234685252,1234690005,4753
4372,1234686253,1234691045,4792
4373,1234686815,1234692301,5486
4374,1234687678,1234693307,5629
4375,1234688093,1234693994,5901
4376,1234688600,1234694787,6187
4377,1234690005,1234695545,5540
4378,1234691045,1234695692,4647
4379,1234692301,1234696001,3700
4380,1234693307,1234697586,4279
4381,1234693994,1234698782,4788
4382,1234694787,1234699262,4475
4383,1234695545,1234699754,4209
4384,1234695692,1234700225,4533
4385,1234696001,1234700790,4789
4386,1234697586,1234701993,4407
4387,1234698782,1234702624,3842
4388,1234699262,1234703594,4332
4389,1234699754,1234704431,4677
4390,1234700225,1234704883,4658
4391,1234700790,1234705646,4856
4392,1234701993,1234705742,3749
4393,1234702624,1234706463,3839
4394,1234703594,1234706557,2963
4395,1234704431,1234707931,3500
4396,1234704883,1234708839,3956
4397,1234705646,1234710049,4403
4398,1234705742,1234711085,5343
4399,1234706463,1234712422,5959
4400,1234706557,1234712572,6015
4401,1234707931,1234713545,5614
4402,1234708839,1234714274,5435
4403,1234710049,1234715751,5702
4404,1234711085,1234716007,4922
4405,1234712422,1234716165,3743
4406,1234712572,1234716812,4240
4407,1234713545,1234717130,3585
4408,1234714274,1234717650,3376
4409,1234715751,1234718841,3090
4410,1234716007,1234718977,2970
4411,1234716165,1234719315,3150
4412,1234716812,1234720572,3760
4413,1234717130,1234721702,4572
4414,1234717650,1234723046,5396
4415,1234718841,1234723456,4615
4416,1234718977,1234724053,5076
4417,1234719315,1234724732,5417
4418,1234720572,1234725414,4842
4419,1234721702,1234726396,4694
4420,1234723046,1234727665,4619
4421,1234723456,1234727683,4227
4422,1234724053,1234729070,5017
4423,1234724732,1234730511,5779
4424,1234725414,1234730924,5510
4425,1234726396,1234731797,5401
4426,1234727665,1234732761,5096
4427,1234727683,1234733349,5666
4428,1234729070,1234734106,5036
4429,1234730511,1234734299,3788
4430,1234730924,1234734979,4055
4431,1234731797,1234736203,4406
4432,1234732761,1234736527,3766
4433,1234733349,1234737605,4256
4434,1234734106,1234737965,3859
4435,1234734299,1234738239,3940
4436,1234734979,1234738693,3714
4437,1234736203,1234739029,2826
4438,1234736527,1234739229,2702
4439,1234737605,1234739274,1669
4440,1234737965,1234739609,1644
4441,1234738239,1234739756,1517
4442,1234738693,1234740050,1357
4443,1234739029,1234740304,1275
4444,1234739229,1234740837,1608
4445,1234739274,1234742213,2939
4446,1234739609,1234742924,3315
4447,1234739756,1234743508,3752
4448,1234740050,1234744458,4408
4449,1234740304,1234744649,4345
4450,1234740837,1234745469,4632
4451,1234742213,1234745953,3740
4452,1234742924,1234747589,4665
4453,1234743508,1234747932,4424
4454,1234744458,1234748653,4195
4455,1234744649,1234749185,4536
4456,1234745469,1234750516,5047
4457,1234745953,1234751663,5710
4458,1234747589,1234752883,5294
4459,1234747932,1234753880,5948
4460,1234748653,1234753933,5280
4461,1234749185,1234754625,5440
4462,1234750516,1234755202,4686
4463,1234751663,1234755652,3989
4464,1234752883,1234756413,3530
4465,1234753880,1234757333,3453
4466,1234753933,1234758042,4109
4467,1234754625,1234758526,3901
4468,1234755202,1234759349,4147
4469,1234755652,1234759449,3797
4470,1234756413,1234759776,3363
4471,1234757333,1234759878,2545
4472,1234758042,1234760127,2085
4473,1234758526,1234761535,3009
4474,1234759349,1234761615,2266
4475,1234759449,1234762068,2619
4476,1234759776,1234762424,2648
4477,1234759878,1234763049,3171
4478,1234760127,1234764118,3991
4479,1234761535,1234765314,3779
4480,1234761615,1234766582,4967
4481,1234762068,1234767220,5152
4482,1234762424,1234767317,4893
4483,1234763049,1234768043,4994
4484,1234764118,1234768775,4657
4485,1234765314,1234769880,4566
4486,1234766582,1234770138,3556
4487,1234767220,1234770590,3370
4488,1234767317,1234771206,3889
4489,1234768043,1234772214,4171
4490,1234768775,1234773743,4968
4491,1234769880,1234774387,4507
4492,1234770138,1234774831,4693
4493,1234770590,1234775807,5217
4494,1234771206,1234777016,5810
4495,1234772214,1234777235,5021
4496,1234773743,1234777370,3627
4497,1234774387,1234777601,3214
4498,1234774831,1234779129,4298
4499,1234775807,1234779470,3663
4500,1234777016,1234780195,3179
4501,1234777235,1234780685,3450
4502,1234777370,1234780805,3435
4503,1234777601,1234782347,4746
4504,1234779129,1234783431,4302
4505,1234779470,1234784890,5420
4506,1234780195,1234785703,5508
4507,1234780685,1234786103,5418
4508,1234780805,1234786333,5528
4509,1234782347,1234787200,4853
4510,1234783431,1234788123,4692
4511,1234784890,1234789558,4668
4512,1234785703,1234789905,4202
4513,1234786103,1234790578,4475
4514,1234786333,1234790621,4288
4515,1234787200,1234791327,4127
4516,1234788123,1234792187,4064
4517,1234789558,1234793498,3940
4518,1234789905,1234793993,4088
4519,1234790578,1234794664,4086
4520,1234790621,1234795400,4779
4521,1234791327,1234796150,4823
4522,1234792187,1234796257,4070
4523,1234793498,1234796312,2814
4524,1234793993,1234796806,2813
4525,1234794664,1234798152,3488
4526,1234795400,1234799124,3724
4527,1234796150,1234800567,4417
4528,1234796257,1234801029,4772
4529,1234796312,1234802016,5704
4530,1234796806,1234803201,6395
4531,1234798152,1234804100,5948
4532,1234799124,1234805559,6435
4533,1234800567,1234806893,6326
4534,1234801029,1234807020,5991
4535,1234802016,1234807418,5402
4536,1234803201,1234807449,4248
4537,1234804100,1234808158,4058
4538,1234805559,1234808820,3261
4539,1234806893,1234809846,2953
4540,1234807020,1234810654,3634
4541,1234807418,1234811961,4543
4542,1234807449,1234812456,5007
4543,1234808158,1234813146,4988
4544,1234808820,1234813356,4536
4545,1234809846,1234813652,3806
4546,1234810654,1234814380,3726
4547,1234811961,1234816552,4591
4548,1234812456,1234816907,4451
4549,1234813146,1234817425,4279
4550,1234813356,1234818352,4996
4551,1234813652,1234818767,5115
4552,1234814380,1234819160,4780
4553,1234816552,1234819537,2985
4554,1234816907,1234820162,3255
4555,1234817425,1234820711,3286
4556,1234818352,1234821082,2730
4557,1234818767,1234822043,3276
4558,1234819160,1234823496,4336
4559,1234819537,1234824812,5275
4560,1234820162,1234824948,4786
4561,1234820711,1234825653,4942
4562,1234821082,1234826566,5484
4563,1234822043,1234827009,4966
4564,1234823496,1234827148,3652
4565,1234824812,1234827629,2817
4566,1234824948,1234828126,3178
4567,1234825653,1234828632,2979
4568,1234826566,1234828987,2421
4569,1234827009,1234830075,3066
4570,1234827148,1234830252,3104
4571,1234827629,1234831437,3808
4572,1234828126,1234832564,4438
4573,1234828632,1234833710,5078
4574,1234828987,1234833919,4932
4575,1234830075,1234834590,4515
4576,1234830252,1234835154,4902
4577,1234831437,1234836603,5166
4578,1234832564,1234837865,5301
4579,1234833710,1234839197,5487
4580,1234833919,1234840689,6770
4581,1234834590,1234841941,7351
4582,1234835154,1234843273,8119
4583,1234836603,1234843791,7188
4584,1234837865,1234844534,6669
4585,1234839197,1234844715,5518
4586,1234840689,1234845832,5143
4587,1234841941,1234846312,4371
4588,1234843273,1234846360,3087
4589,1234843791,1234846853,3062
4590,1234844534,1234847761,3227
4591,1234844715,1234848416,3701
4592,1234845832,1234849062,3230
4593,1234846312,1234849459,3147
4594,1234846360,1234849736,3376
4595,1234846853,1234850897,4044
4596,1234847761,1234851252,3491
4597,1234848416,1234851927,3511
4598,1234849062,1234852542,3480
4599,1234849459,1234852885,3426
4600,1234849736,1234854020,4284
4601,1234850897,1234854354,3457
4602,1234851252,1234855562,4310
4603,1234851927,1234855732,3805
4604,1234852542,1234856746,4204
4605,1234852885,1234858434,5549
4606,1234854020,1234858876,4856
4607,1234854354,1234859034,4680
4608,1234855562,1234859259,3697
4609,1234855732,1234859899,4167
4610,1234856746,1234860038,3292
4611,1234858434,1234861297,2863
4612,1234858876,1234862213,3337
4613,1234859034,1234862561,3527
4614,1234859259,1234863776,4517
4615,1234859899,1234865196,5297
4616,1234860038,1234866650,6612
4617,1234861297,1234867699,6402
4618,1234862213,1234868498,6285
4619,1234862561,1234869472,6911
4620,1234863776,1234870108,6332
4621,1234865196,1234870754,5558
4622,1234866650,1234871624,4974
4623,1234867699,1234872765,5066
4624,1234868498,1234872977,4479
4625,1234869472,1234874067,4595
4626,1234870108,1234874105,3997
4627,1234870754,1234874489,3735
4628,1234871624,1234875438,3814
4629,1234872765,1234875912,3147
4630,1234872977,1234877000,4023
4631,1234874067,1234877273,3206
4632,1234874105,1234877653,3548
4633,1234874489,1234878448,3959
4634,1234875438,1234879329,3891
4635,1234875912,1234879683,3771
4636,1234877000,1234880801,3801
4637,1234877273,1234881318,4045
4638,1234877653,1234882340,4687
4639,1234878448,1234883155,4707
4640,1234879329,1234884186,4857
4641,1234879683,1234884626,4943
4642,1234880801,1234885265,4464
4643,1234881318,1234885908,4590
4644,1234882340,1234887068,4728
4645,1234883155,1234887755,4600
4646,1234884186,1234888445,4259
4647,1234884626,1234889395,4769
4648,1234885265,1234890107,4842
4649,1234885908,1234891203,5295
4650,1234887068,1234891361,4293
4651,1234887755,1234891688,3933
4652,1234888445,1234892807,4362
4653,1234889395,1234893772,4377
4654,1234890107,1234894172,4065
4655,1234891203,1234894819,3616
4656,1234891361,1234895226,3865
4657,1234891688,1234895868,4180
4658,1234892807,1234896348,3541
4659,1234893772,1234896406,2634
4660,1234894172,1234896906,2734
4661,1234894819,1234898031,3212
4662,1234895226,1234898121,2895
4663,1234895868,1234898718,2850
4664,1234896348,1234900137,3789
4665,1234896406,1234901306,4900
4666,1234896906,1234901745,4839
4667,1234898031,1234902708,4677
4668,1234898121,1234904234,6113
4669,1234898718,1234904449,5731
4670,1234900137,1234905146,5009
4671,1234901306,1234906132,4826
4672,1234901745,1234906682,4937
4673,1234902708,1234907370,4662
4674,1234904234,1234908893,4659
4675,1234904449,1234910265,5816
4676,1234905146,1234910967,5821
4677,1234906132,1234911948,5816
4678,1234906682,1234912099,5417
4679,1234907370,1234912377,5007
4680,1234908893,1234912457,3564
4681,1234910265,1234912963,2698
4682,1234910967,1234914326,3359
4683,1234911948,1234914391,2443
4684,1234912099,1234915176,3077
4685,1234912377,1234915431,3054
4686,1234912457,1234915851,3394
4687,1234912963,1234917084,4121
4688,1234914326,1234918409,4083
4689,1234914391,1234919795,5404
4690,1234915176,1234920128,4952
4691,1234915431,1234920861,5430
4692,1234915851,1234922012,6161
4693,1234917084,1234922287,5203
4694,1234918409,1234922994,4585
4695,1234919795,1234924331,4536
4696,1234920128,1234925184,5056
4697,1234920861,1234926416,5555
4698,1234922012,1234927136,5124
4699,1234922287,1234927877,5590
4700,1234922994,1234928506,5512
4701,1234924331,1234929755,5424
4702,1234925184,1234930195,5011
4703,1234926416,1234931131,4715
4704,1234927136,1234932202,5066
4705,1234927877,1234932525,4648
4706,1234928506,1234932735,4229
4707,1234929755,1234932887,3132
4708,1234930195,1234933382,3187
4709,1234931131,1234933711,2580
4710,1234932202,1234934820,2618
4711,1234932525,1234935301,2776
4712,1234932735,1234936358,3623
4713,1234932887,1234936569,3682
4714,1234933382,1234936778,3396
4715,1234933711,1234937758,4047
4716,1234934820,1234938132,3312
4717,1234935301,1234938751,3450
4718,1234936358,1234939718,3360
4719,1234936569,1234940345,3776
4720,1234936778,1234940922,4144
4721,1234937758,1234941904,4146
4722,1234938132,1234942260,4128
4723,1234938751,1234943330,4579
4724,1234939718,1234944694,4976
4725,1234940345,1234946167,5822
4726,1234940922,1234946492,5570
4727,1234941904,1234947125,5221
4728,1234942260,1234947460,5200
4729,1234943330,1234947983,4653
4730,1234944694,1234948766,4072
4731,1234946167,1234949025,2858
4732,1234946492,1234949903,3411
4733,1234947125,1234950771,3646
4734,1234947460,1234951481,4021
4735,1234947983,1234952832,4849
4736,1234948766,1234953759,4993
4737,1234949025,1234954250,5225
4738,1234949903,1234954934,5031
4739,1234950771,1234955471,4700
4740,1234951481,1234955660,4179
4741,1234952832,1234956433,3601
4742,1234953759,1234957768,4009
4743,1234954250,1234958652,4402
4744,1234954934,1234959640,4706
4745,1234955471,1234960077,4606
4746,1234955660,1234961083,5423
4747,1234956433,1234961249,4816
4748,1234957768,1234961719,3951
4749,1234958652,1234963001,4349
4750,1234959640,1234963501,3861
4751,1234960077,1234963946,3869
4752,1234961083,1234965092,4009
4753,1234961249,1234965787,4538
4754,1234961719,1234966865,5146
4755,1234963001,1234966937,3936
4756,1234963501,1234967216,3715
4757,1234963946,1234967502,3556
4758,1234965092,1234969053,3961
4759,1234965787,1234969624,3837
4760,1234966865,1234970314,3449
4761,1234966937,1234970522,3585
4762,1234967216,1234970946,3730
4763,1234967502,1234971570,4068
4764,1234969053,1234972599,3546
4765,1234969624,1234973546,3922
4766,1234970314,1234973984,3670
4767,1234970522,1234974038,3516
4768,1234970946,1234974736,3790
4769,1234971570,1234975412,3842
4770,1234972599,1234975803,3204
4771,1234973546,1234975906,2360
4772,1234973984,1234976877,2893
4773,1234974038,1234977362,3324
4774,1234974736,1234978040,3304
4775,1234975412,1234978577,3165
4776,1234975803,1234978721,2918
4777,1234975906,1234979519,3613
4778,1234976877,1234980166,3289
4779,1234977362,1234981017,3655
4780,1234978040,1234982300,4260
4781,1234978577,1234983454,4877
4782,1234978721,1234983505,4784
4783,1234979519,1234984766,5247
4784,1234980166,1234985380,5214
4785,1234981017,1234987042,6025
4786,1234982300,1234987601,5301
4787,1234983454,1234989009,5555
4788,1234983505,1234990411,6906
4789,1234984766,1234991229,6463
4790,1234985380,1234992684,7304
4791,1234987042,1234994203,7161
4792,1234987601,1234994718,7117
4793,1234989009,1234995122,6113
4794,1234990411,1234995558,5147
4795,1234991229,1234996030,4801
4796,1234992684,1234996105,3421
4797,1234994203,1234996767,2564
4798,1234994718,1234997995,3277
4799,1234995122,1234998518,3396
4800,1234995558,1234999980,4422
4801,1234996030,1235000467,4437
4802,1234996105,1235001167,5062
4803,1234996767,1235001685,4918
4804,1234997995,1235002919,4924
4805,1234998518,1235003056,4538
4806,1234999980,1235004137,4157
4807,1235000467,1235004874,4407
4808,1235001167,1235005096,3929
4809,1235001685,1235005468,3783
4810,1235002919,1235005865,2946
4811,1235003056,1235006684,3628
4812,1235004137,1235007431,3294
4813,1235004874,1235007916,3042
4814,1235005096,1235009228,4132
4815,1235005468,1235009766,4298
4816,1235005865,1235010237,4372
4817,1235006684,1235010794,4110
4818,1235007431,1235011847,4416
4819,1235007916,1235012231,4315
4820,1235009228,1235013581,4353
4821,1235009766,1235014015,4249
4822,1235010237,1235015088,4851
4823,1235010794,1235015146,4352
4824,1235011847,1235016081,4234
4825,1235012231,1235016179,3948
4826,1235013581,1235016844,3263
4827,1235014015,1235017523,3508
4828,1235015088,1235018159,3071
4829,1235015146,1235019163,4017
4830,1235016081,1235019747,3666
4831,1235016179,1235019776,3597
4832,1235016844,1235020190,3346
4833,1235017523,1235020944,3421
4834,1235018159,1235022310,4151
4835,1235019163,1235023969,4806
4836,1235019747,1235025546,5799
4837,1235019776,1235026878,7102
4838,1235020190,1235028025,7835
4839,1235020944,1235028842,7898
4840,1235022310,1235029030,6720
4841,1235023969,1235030362,6393
4842,1235025546,1235031824,6278
4843,1235026878,1235032179,5301
4844,1235028025,1235032590,4565
4845,1235028842,1235033943,5101
4846,1235029030,1235035278,6248
4847,1235030362,1235036187,5825
4848,1235031824,1235036748,4924
4849,1235032179,1235037231,5052
4850,1235032590,1235037688,5098
4851,1235033943,1235038672,4729
4852,1235035278,1235038972,3694
4853,1235036187,1235039018,2831
4854,1235036748,1235040114,3366
4855,1235037231,1235040504,3273
4856,1235037688,1235041630,3942
4857,1235038672,1235041904,3232
4858,1235038972,1235043245,4273
4859,1235039018,1235043395,4377
4860,1235040114,1235043909,3795
4861,1235040504,1235045332,4828
4862,1235041630,1235046306,4676
4863,1235041904,1235046985,5081
4864,1235043245,1235047107,3862
4865,1235043395,1235047209,3814
4866,1235043909,1235048128,4219
4867,1235045332,1235048920,3588
4868,1235046306,1235050196,3890
4869,1235046985,1235050646,3661
4870,1235047107,1235051097,3990
4871,1235047209,1235051751,4542
4872,1235048128,1235052589,4461
4873,1235048920,1235053758,4838
4874,1235050196,1235054490,4294
4875,1235050646,1235054917,4271
4876,1235051097,1235055858,4761
4877,1235051751,1235056471,4720
4878,1235052589,1235056897,4308
4879,1235053758,1235057493,3735
4880,1235054490,1235057708,3218
4881,1235054917,1235058292,3375
4882,1235055858,1235059309,3451
4883,1235056471,1235060251,3780
4884,1235056897,1235060461,3564
4885,1235057493,1235061263,3770
4886,1235057708,1235061283,3575
4887,1235058292,1235062197,3905
4888,1235059309,1235062536,3227
4889,1235060251,1235063761,3510
4890,1235060461,1235063817,3356
4891,1235061263,1235064423,3160
4892,1235061283,1235065108,3825
4893,1235062197,1235065325,3128
4894,1235062536,1235065915,3379
4895,1235063761,1235067300,3539
4896,1235063817,1235068585,4768
4897,1235064423,1235068741,4318
4898,1235065108,1235068903,3795
4899,1235065325,1235069314,3989
4900,1235065915,1235069935,4020
4901,1235067300,1235070897,3597
4902,1235068585,1235071321,2736
4903,1235068741,1235072248,3507
4904,1235068903,1235073313,4410
4905,1235069314,1235073691,4377
4906,1235069935,1235075241,5306
4907,1235070897,1235076404,5507
4908,1235071321,1235076449,5128
4909,1235072248,1235076794,4546
4910,1235073313,1235077785,4472
4911,1235073691,1235078327,4636
4912,1235075241,1235079156,3915
4913,1235076404,1235079810,3406
4914,1235076449,1235080489,4040
4915,1235076794,1235081335,4541
4916,1235077785,1235082002,4217
4917,1235078327,1235082403,4076
4918,1235079156,1235082721,3565
4919,1235079810,1235083317,3507
4920,1235080489,1235083877,3388
4921,1235081335,1235084892,3557
4922,1235082002,1235085011,3009
4923,1235082403,1235085517,3114
4924,1235082721,1235086022,3301
4925,1235083317,1235086346,3029
4926,1235083877,1235087435,3558
4927,1235084892,1235088162,3270
4928,1235085011,1235089204,4193
4929,1235085517,1235090642,5125
4930,1235086022,1235090852,4830
4931,1235086346,1235091313,4967
4932,1235087435,1235092302,4867
4933,1235088162,1235092428,4266
4934,1235089204,1235093638,4434
4935,1235090642,1235093940,3298
4936,1235090852,1235094478,3626
4937,1235091313,1235095086,3773
4938,1235092302,1235095454,3152
4939,1235092428,1235096665,4237
4940,1235093638,1235097416,3778
4941,1235093940,1235097798,3858
4942,1235094478,1235098243,3765
4943,1235095086,1235099128,4042
4944,1235095454,1235100139,4685
4945,1235096665,1235100232,3567
4946,1235097416,1235101300,3884
4947,1235097798,1235102470,4672
4948,1235098243,1235103608,5365
4949,1235099128,1235104283,5155
4950,1235100139,1235104422,4283
4951,1235100232,1235104764,4532
4952,1235101300,1235106182,4882
4953,1235102470,1235106306,3836
4954,1235103608,1235107341,3733
4955,1235104283,1235108008,3725
4956,1235104422,1235108359,3937
4957,1235104764,1235109943,5179
4958,1235106182,1235111102,4920
4959,1235106306,1235111554,5248
4960,1235107341,1235111834,4493
4961,1235108008,1235112225,4217
4962,1235108359,1235112726,4367
4963,1235109943,1235114005,4062
4964,1235111102,1235114221,3119
4965,1235111554,1235114948,3394
4966,1235111834,1235116162,4328
4967,1235112225,1235116259,4034
4968,1235112726,1235117064,4338
4969,1235114005,1235118307,4302
4970,1235114221,1235119456,5235
4971,1235114948,1235119462,4514
4972,1235116162,1235120096,3934
4973,1235116259,1235121487,5228
4974,1235117064,1235122280,5216
4975,1235118307,1235122731,4424
4976,1235119456,1235123709,4253
4977,1235119462,1235123825,4363
4978,1235120096,1235125201,5105
4979,1235121487,1235125987,4500
4980,1235122280,1235126444,4164
4981,1235122731,1235127083,4352
4982,1235123709,1235128382,4673
4983,1235123825,1235129423,5598
4984,1235125201,1235129952,4751
4985,1235125987,1235130254,4267
4986,1235126444,1235130482,4038
4987,1235127083,1235130690,3607
4988,1235128382,1235131175,2793
4989,1235129423,1235131193,1770
4990,1235129952,1235131840,1888
4991,1235130254,1235132300,2046
4992,1235130482,1235132549,2067
4993,1235130690,1235132709,2019
4994,1235131175,1235132889,1714
4995,1235131193,1235133137,1944
4996,1235131840,1235134092,2252
4997,1235132300,1235134464,2164
4998,1235132549,1235134590,2041
4999,1235132709,1235134923,2214
5000,1235132889,1235135895,3006
5001,1235133137,1235136619,3482
5002,1235134092,1235137929,3837
5003,1235134464,1235138767,4303
5004,1235134590,1235139872,5282
5005,1235134923,1235140786,5863
5006,1235135895,1235141226,5331
5007,1235136619,1235141256,4637
5008,1235137929,1235141516,3587
5009,1235138767,1235141896,3129
5010,1235139872,1235142354,2482
5011,1235140786,1235143026,2240
5012,1235141226,1235144239,3013
5013,1235141256,1235144741,3485
5014,1235141516,1235145406,3890
5015,1235141896,1235146361,4465
5016,1235142354,1235146778,4424
5017,1235143026,1235148109,5083
5018,1235144239,1235148826,4587
5019,1235144741,1235149164,4423
5020,1235145406,1235150388,4982
5021,1235146361,1235151065,4704
5022,1235146778,1235151874,5096
5023,1235148109,1235152876,4767
5024,1235148826,1235154011,5185
5025,1235149164,1235154781,5617
5026,1235150388,1235155874,5486
5027,1235151065,1235157244,6179
5028,1235151874,1235158694,6820
5029,1235152876,1235159246,6370
5030,1235154011,1235159381,5370
5031,1235154781,1235159947,5166
5032,1235155874,1235161354,5480
5033,1235157244,1235162127,4883
5034,1235158694,1235163107,4413
5035,1235159246,1235163233,3987
5036,1235159381,1235163338,3957
5037,1235159947,1235164276,4329
5038,1235161354,1235165592,4238
5039,1235162127,1235166744,4617
5040,1235163107,1235167107,4000
5041,1235163233,1235167728,4495
5042,1235163338,1235168994,5656
5043,1235164276,1235170352,6076
5044,1235165592,1235170733,5141
5045,1235166744,1235172047,5303
5046,1235167107,1235172565,5458
5047,1235167728,1235173714,5986
5048,1235168994,1235174137,5143
5049,1235170352,1235174875,4523
5050,1235170733,1235175239,4506
5051,1235172047,1235176561,4514
5052,1235172565,1235177785,5220
5053,1235173714,1235179338,5624
5054,1235174137,1235179889,5752
5055,1235174875,1235180761,5886
5056,1235175239,1235181959,6720
5057,1235176561,1235182686,6125
5058,1235177785,1235183432,5647
5059,1235179338,1235183552,4214
5060,1235179889,1235184086,4197
5061,1235180761,1235184459,3698
5062,1235181959,1235185575,3616
5063,1235182686,1235187145,4459
5064,1235183432,1235188223,4791
5065,1235183552,1235189093,5541
5066,1235184086,1235189487,5401
5067,1235184459,1235190826,6367
5068,1235185575,1235191143,5568
5069,1235187145,1235192333,5188
5070,1235188223,1235193510,5287
5071,1235189093,1235194028,4935
5072,1235189487,1235195062,5575
5073,1235190826,1235195103,4277
5074,1235191143,1235195999,4856
5075,1235192333,1235197695,5362
5076,1235193510,1235198119,4609
5077,1235194028,1235199390,5362
5078,1235195062,1235199574,4512
5079,1235195103,1235200832,5729
5080,1235195999,1235201352,5353
5081,1235197695,1235202627,4932
5082,1235198119,1235203820,5701
5083,1235199390,1235204314,4924
5084,1235199574,1235204548,4974
5085,1235200832,1235205790,4958
5086,1235201352,1235206141,4789
5087,1235202627,1235206714,4087
5088,1235203820,1235207976,4156
5089,1235204314,1235208575,4261
5090,1235204548,1235209112,4564
5091,1235205790,1235209929,4139
5092,1235206141,1235210109,3968
5093,1235206714,1235210704,3990
5094,1235207976,1235211658,3682
5095,1235208575,1235212952,4377
5096,1235209112,1235213899,4787
5097,1235209929,1235214086,4157
5098,1235210109,1235215214,5105
5099,1235210704,1235215413,4709
5100,1235211658,1235216369,4711
5101,1235212952,1235217470,4518
5102,1235213899,1235218285,4386
5103,1235214086,1235219818,5732
5104,1235215214,1235220446,5232
5105,1235215413,1235221114,5701
5106,1235216369,1235221798,5429
5107,1235217470,1235223169,5699
5108,1235218285,1235223658,5373
5109,1235219818,1235223740,3922
5110,1235220446,1235224053,3607
5111,1235221114,1235224884,3770
5112,1235221798,1235225893,4095
5113,1235223169,1235226241,3072
5114,1235223658,1235226857,3199
5115,1235223740,1235227359,3619
5116,1235224053,1235228859,4806
5117,1235224884,1235229751,4867
5118,1235225893,1235230526,4633
5119,1235226241,1235231205,4964
5120,1235226857,1235232137,5280
5121,1235227359,1235232338,4979
5122,1235228859,1235232659,3800
5123,1235229751,1235232997,3246
5124,1235230526,1235233563,3037
5125,1235231205,1235234025,2820
5126,1235232137,1235235259,3122
5127,1235232338,1235236702,4364
5128,1235232659,1235236732,4073
5129,1235232997,1235237464,4467
5130,1235233563,1235237744,4181
5131,1235234025,1235237875,3850
5132,1235235259,1235237884,2625
5133,1235236702,1235238929,2227
5134,1235236732,1235240432,3700
5135,1235237464,1235240793,3329
5136,1235237744,1235241691,3947
5137,1235237875,1235242369,4494
5138,1235237884,1235243626,5742
5139,1235238929,1235244052,5123
5140,1235240432,1235245084,4652
5141,1235240793,1235245510,4717
5142,1235241691,1235245943,4252
5143,1235242369,1235247250,4881
5144,1235243626,1235248338,4712
5145,1235244052,1235249548,5496
5146,1235245084,1235249807,4723
5147,1235245510,1235250889,5379
5148,1235245943,1235251745,5802
5149,1235247250,1235252633,5383
5150,1235248338,1235253395,5057
5151,1235249548,1235254218,4670
5152,1235249807,1235254468,4661
5153,1235250889,1235254919,4030
5154,1235251745,1235255678,3933
5155,1235252633,1235256474,3841
5156,1235253395,1235256814,3419
5157,1235254218,1235258092,3874
5158,1235254468,1235258639,4171
5159,1235254919,1235258951,4032
5160,1235255678,1235259294,3616
5161,1235256474,1235259410,2936
5162,1235256814,1235260453,3639
5163,1235258092,1235261103,3011
5164,1235258639,1235261651,3012
5165,1235258951,1235262262,3311
5166,1235259294,1235262568,3274
5167,1235259410,1235263336,3926
5168,1235260453,1235264083,3630
5169,1235261103,1235264240,3137
5170,1235261651,1235266897,5246
5171,1235262262,1235267013,4751
5172,1235262568,1235267380,4812
5173,1235263336,1235268374,5038
5174,1235264083,1235268418,4335
5175,1235264240,1235269595,5355
5176,1235266897,1235270850,3953
5177,1235267013,1235271178,4165
5178,1235267380,1235271659,4279
5179,1235268374,1235272790,4416
5180,1235268418,1235273304,4886
5181,1235269595,1235274011,4416
5182,1235270850,1235274673,3823
5183,1235271178,1235275059,3881
5184,1235271659,1235275532,3873
5185,1235272790,1235276036,3246
5186,1235273304,1235276883,3579
5187,1235274011,1235277775,3764
5188,1235274673,1235278434,3761
5189,1235275059,1235278698,3639
5190,1235275532,1235279913,4381
5191,1235276036,1235280367,4331
5192,1235276883,1235280829,3946
5193,1235277775,1235282195,4420
5194,1235278434,1235283263,4829
5195,1235278698,1235283713,5015
5196,1235279913,1235284996,5083
5197,1235280367,1235286304,5937
5198,1235280829,1235286859,6030
5199,1235282195,1235287378,5183
5200,1235283263,1235287575,4312
5201,1235283713,1235287621,3908
5202,1235284996,1235288001,3005
5203,1235286304,1235288229,1925
5204,1235286859,1235289074,2215
5205,1235287378,1235289320,1942
5206,1235287575,1235290125,2550
5207,1235287621,1235291206,3585
5208,1235288001,1235291645,3644
5209,1235288229,1235292305,4076
5210,1235289074,1235292748,3674
5211,1235289320,1235292929,3609
5212,1235290125,1235293457,3332
5213,1235291206,1235293602,2396
5214,1235291645,1235294721,3076
5215,1235292305,1235295357,3052
5216,1235292748,1235295534,2786
5217,1235292929,1235298745,5816
5218,1235293457,1235299292,5835
5219,1235293602,1235299853,6251
5220,1235294721,1235300472,5751
5221,1235295357,1235301940,6583
5222,1235295534,1235302968,7434
5223,1235298745,1235303661,4916
5224,1235299292,1235304172,4880
5225,1235299853,1235305236,5383
5226,1235300472,1235306676,6204
5227,1235301940,1235308020,6080
5228,1235302968,1235308130,5162
5229,1235303661,1235308480,4819
5230,1235304172,1235309396,5224
5231,1235305236,1235310527,5291
5232,1235306676,1235310993,4317
5233,1235308020,1235311556,3536
5234,1235308130,1235311961,3831
5235,1235308480,1235312383,3903
5236,1235309396,1235313020,3624
5237,1235310527,1235313666,3139
5238,1235310993,1235314820,3827
5239,1235311556,1235315054,3498
5240,1235311961,1235315745,3784
5241,1235312383,1235315768,3385
5242,1235313020,1235317022,4002
5243,1235313666,1235318179,4513
5244,1235314820,1235318527,3707
5245,1235315054,1235319348,4294
5246,1235315745,1235320321,4576
5247,1235315768,1235320389,4621
5248,1235317022,1235321342,4320
5249,1235318179,1235321437,3258
5250,1235318527,1235322586,4059
5251,1235319348,1235323831,4483
5252,1235320321,1235324712,4391
5253,1235320389,1235326140,5751
5254,1235321342,1235326364,5022
5255,1235321437,1235326898,5461
5256,1235322586,1235327608,5022
5257,1235323831,1235328469,4638
5258,1235324712,1235329148,4436
5259,1235326140,1235329919,3779
5260,1235326364,1235330535,4171
5261,1235326898,1235331058,4160
5262,1235327608,1235331412,3804
5263,1235328469,1235331803,3334
5264,1235329148,1235333254,4106
5265,1235329919,1235333696,3777
5266,1235330535,1235334404,3869
5267,1235331058,1235335298,4240
5268,1235331412,1235336540,5128
5269,1235331803,1235337419,5616
5270,1235333254,1235338410,5156
5271,1235333696,1235339880,6184
5272,1235334404,1235340514,6110
5273,1235335298,1235340607,5309
5274,1235336540,1235341081,4541
5275,1235337419,1235341904,4485
5276,1235338410,1235342636,4226
5277,1235339880,1235343403,3523
5278,1235340514,1235343474,2960
5279,1235340607,1235343970,3363
5280,1235341081,1235344964,3883
5281,1235341904,1235345724,3820
5282,1235342636,1235346031,3395
5283,1235343403,1235346823,3420
5284,1235343474,1235348198,4724
5285,1235343970,1235348562,4592
5286,1235344964,1235349846,4882
5287,1235345724,1235349903,4179
5288,1235346031,1235350314,4283
5289,1235346823,1235351406,4583
5290,1235348198,1235352724,4526
5291,1235348562,1235353976,5414
5292,1235349846,1235355102,5256
5293,1235349903,1235356303,6400
5294,1235350314,1235357417,7103
5295,1235351406,1235357681,6275
5296,1235352724,1235358205,5481
5297,1235353976,1235359585,5609
5298,1235355102,1235361006,5904
5299,1235356303,1235362403,6100
5300,1235357417,1235363590,6173
5301,1235357681,1235364233,6552
5302,1235358205,1235365081,6876
5303,1235359585,1235366576,6991
5304,1235361006,1235367134,6128
5305,1235362403,1235367525,5122
5306,1235363590,1235367588,3998
5307,1235364233,1235367732,3499
5308,1235365081,1235369187,4106
5309,1235366576,1235370611,4035
5310,1235367134,1235372033,4899
5311,1235367525,1235372829,5304
5312,1235367588,1235373184,5596
5313,1235367732,1235374491,6759
5314,1235369187,1235375868,6681
5315,1235370611,1235376791,6180
5316,1235372033,1235377967,5934
5317,1235372829,1235378731,5902
5318,1235373184,1235379059,5875
5319,1235374491,1235379073,4582
5320,1235375868,1235379296,3428
5321,1235376791,1235379792,3001
5322,1235377967,1235380227,2260
5323,1235378731,1235380865,2134
5324,1235379059,1235381428,2369
5325,1235379073,1235382797,3724
5326,1235379296,1235383515,4219
5327,1235379792,1235383957,4165
5328,1235380227,1235384895,4668
5329,1235380865,1235385830,4965
5330,1235381428,1235386886,5458
5331,1235382797,1235388168,5371
5332,1235383515,1235388675,5160
5333,1235383957,1235390071,6114
5334,1235384895,1235391276,6381
5335,1235385830,1235391604,5774
5336,1235386886,1235392961,6075
5337,1235388168,1235394187,6019
5338,1235388675,1235395389,6714
5339,1235390071,1235395518,5447
5340,1235391276,1235396199,4923
5341,1235391604,1235396655,5051
5342,1235392961,1235396879,3918
5343,1235394187,1235397531,3344
5344,1235395389,1235397963,2574
5345,1235395518,1235399280,3762
5346,1235396199,1235399945,3746
5347,1235396655,1235400896,4241
5348,1235396879,1235402127,5248
5349,1235397531,1235403016,5485
5350,1235397963,1235404398,6435
5351,1235399280,1235404597,5317
5352,1235399945,1235405486,5541
5353,1235400896,1235406410,5514
5354,1235402127,1235406923,4796
5355,1235403016,1235407886,4870
5356,1235404398,1235408138,3740
5357,1235404597,1235408742,4145
5358,1235405486,1235409695,4209
5359,1235406410,1235410283,3873
5360,1235406923,1235411583,4660
5361,1235407886,1235412617,4731
5362,1235408138,1235413196,5058
5363,1235408742,1235413579,4837
5364,1235409695,1235414272,4577
5365,1235410283,1235415149,4866
5366,1235411583,1235415695,4112
5367,1235412617,1235415906,3289
5368,1235413196,1235416245,3049
5369,1235413579,1235416708,3129
5370,1235414272,1235417179,2907
5371,1235415149,1235417774,2625
5372,1235415695,1235417902,2207
5373,1235415906,1235418407,2501
5374,1235416245,1235419876,3631
5375,1235416708,1235420195,3487
5376,1235417179,1235420744,3565
5377,1235417774,1235422034,4260
5378,1235417902,1235423094,5192
5379,1235418407,1235423621,5214
5380,1235419876,1235423756,3880
5381,1235420195,1235423844,3649
5382,1235420744,1235425115,4371
5383,1235422034,1235425768,3734
5384,1235423094,1235426108,3014
5385,1235423621,1235427257,3636
5386,1235423756,1235428564,4808
5387,1235423844,1235429612,5768
5388,1235425115,1235430749,5634
5389,1235425768,1235431719,5951
5390,1235426108,1235432692,6584
5391,1235427257,1235432910,5653
5392,1235428564,1235434328,5764
5393,1235429612,1235435963,6351
5394,1235430749,1235436335,5586
5395,1235431719,1235436886,5167
5396,1235432692,1235438340,5648
5397,1235432910,1235438913,6003
5398,1235434328,1235439394,5066
5399,1235435963,1235440525,4562
5400,1235436335,1235441214,4879
5401,1235436886,1235441982,5096
5402,1235438340,1235442006,3666
5403,1235438913,1235443472,4559
5404,1235439394,1235443615,4221
5405,1235440525,1235443934,3409
5406,1235441214,1235444400,3186
5407,1235441982,1235444541,2559
5408,1235442006,1235446073,4067
5409,1235443472,1235446406,2934
5410,1235443615,1235447475,3860
5411,1235443934,1235447904,3970
5412,1235444400,1235448932,4532
5413,1235444541,1235450046,5505
5414,1235446073,1235450304,4231
5415,1235446406,1235451715,5309
5416,1235447475,1235452255,4780
5417,1235447904,1235453733,5829
5418,1235448932,1235454719,5787
5419,1235450046,1235454929,4883
5420,1235450304,1235455057,4753
5421,1235451715,1235456544,4829
5422,1235452255,1235457203,4948
5423,1235453733,1235457904,4171
5424,1235454719,1235459324,4605
5425,1235454929,1235460584,5655
5426,1235455057,1235461712,6655
5427,1235456544,1235462536,5992
5428,1235457203,1235462912,5709
5429,1235457904,1235463444,5540
5430,1235459324,1235464406,5082
5431,1235460584,1235464909,4325
5432,1235461712,1235465735,4023
5433,1235462536,1235467193,4657
5434,1235462912,1235467824,4912
5435,1235463444,1235468537,5093
5436,1235464406,1235469822,5416
5437,1235464909,1235470761,5852
5438,1235465735,1235471978,6243
5439,1235467193,1235473346,6153
5440,1235467824,1235474247,6423
5441,1235468537,1235475051,6514
5442,1235469822,1235475523,5701
5443,1235470761,1235476889,6128
5444,1235471978,1235477553,5575
5445,1235473346,1235479070,5724
5446,1235474247,1235479615,5368
5447,1235475051,1235480609,5558
5448,1235475523,1235481916,6393
5449,1235476889,1235483110,6221
5450,1235477553,1235483873,6320
5451,1235479070,1235484796,5726
5452,1235479615,1235485427,5812
5453,1235480609,1235485816,5207
5454,1235481916,1235486429,4513
5455,1235483110,1235487324,4214
5456,1235483873,1235487880,4007
5457,1235484796,1235489117,4321
5458,1235485427,1235490715,5288
5459,1235485816,1235491375,5559
5460,1235486429,1235492293,5864
5461,1235487324,1235492527,5203
5462,1235487880,1235493370,5490
5463,1235489117,1235494007,4890
5464,1235490715,1235494185,3470
5465,1235491375,1235494225,2850
5466,1235492293,1235495251,2958
5467,1235492527,1235495989,3462
5468,1235493370,1235496424,3054
5469,1235494007,1235497344,3337
5470,1235494185,1235497396,3211
5471,1235494225,1235498127,3902
5472,1235495251,1235498878,3627
5473,1235495989,1235500181,4192
5474,1235496424,1235501126,4702
5475,1235497344,1235501826,4482
5476,1235497396,1235502110,4714
5477,1235498127,1235502354,4227
5478,1235498878,1235502545,3667
5479,1235500181,1235503543,3362
5480,1235501126,1235504236,3110
5481,1235501826,1235504543,2717
5482,1235502110,1235504628,2518
5483,1235502354,1235505261,2907
5484,1235502545,1235506480,3935
5485,1235503543,1235507965,4422
5486,1235504236,1235508500,4264
5487,1235504543,1235509447,4904
5488,1235504628,1235510398,5770
5489,1235505261,1235511291,6030
5490,1235506480,1235512795,6315
5491,1235507965,1235514250,6285
5492,1235508500,1235514970,6470
5493,1235509447,1235515854,6407
5494,1235510398,1235516607,6209
5495,1235511291,1235517949,6658
5496,1235512795,1235519062,6267
5497,1235514250,1235519551,5301
5498,1235514970,1235520309,5339
5499,1235515854,1235521699,5845
5500,1235516607,1235522439,5832
5501,1235517949,1235523130,5181
5502,1235519062,1235523922,4860
5503,1235519551,1235524503,4952
5504,1235520309,1235525154,4845
5505,1235521699,1235525729,4030
5506,1235522439,1235525915,3476
5507,1235523130,1235526867,3737
5508,1235523922,1235527766,3844
5509,1235524503,1235528727,4224
5510,1235525154,1235529891,4737
5511,1235525729,1235530448,4719
5512,1235525915,1235531059,5144
5513,1235526867,1235532281,5414
5514,1235527766,1235532737,4971
5515,1235528727,1235533080,4353
5516,1235529891,1235534659,4768
5517,1235530448,1235534915,4467
5518,1235531059,1235535735,4676
5519,1235532281,1235536322,4041
5520,1235532737,1235536697,3960
5521,1235533080,1235537296,4216
5522,1235534659,1235538083,3424
5523,1235534915,1235539348,4433
5524,1235535735,1235540500,4765
5525,1235536322,1235540898,4576
5526,1235536697,1235541837,5140
5527,1235537296,1235542611,5315
5528,1235538083,1235544101,6018
5529,1235539348,1235544441,5093
5530,1235540500,1235544821,4321
5531,1235540898,1235544945,4047
5532,1235541837,1235545779,3942
5533,1235542611,1235546406,3795
5534,1235544101,1235547230,3129
5535,1235544441,1235548599,4158
5536,1235544821,1235549517,4696
5537,1235544945,1235550657,5712
5538,1235545779,1235551145,5366
5539,1235546406,1235552472,6066
5540,1235547230,1235553643,6413
5541,1235548599,1235554673,6074
5542,1235549517,1235555005,5488
5543,1235550657,1235556090,5433
5544,1235551145,1235557275,6130
5545,1235552472,1235558568,6096
5546,1235553643,1235558815,5172
5547,1235554673,1235559779,5106
5548,1235555005,1235560270,5265
5549,1235556090,1235561167,5077
5550,1235557275,1235562181,4906
5551,1235558568,1235563277,4709
5552,1235558815,1235564138,5323
5553,1235559779,1235565297,5518
5554,1235560270,1235566394,6124
5555,1235561167,1235567207,6040
5556,1235562181,1235567328,5147
5557,1235563277,1235569580,6303
5558,1235564138,1235570026,5888
5559,1235565297,1235570572,5275
5560,1235566394,1235571270,4876
5561,1235567207,1235571910,4703
5562,1235567328,1235572287,4959
5563,1235569580,1235572735,3155
5564,1235570026,1235573986,3960
5565,1235570572,1235575171,4599
5566,1235571270,1235575711,4441
5567,1235571910,1235576214,4304
5568,1235572287,1235576718,4431
5569,1235572735,1235577131,4396
5570,1235573986,1235577945,3959
5571,1235575171,1235578225,3054
5572,1235575711,1235580066,4355
5573,1235576214,1235580436,4222
5574,1235576718,1235581808,5090
5575,1235577131,1235582444,5313
5576,1235577945,1235583073,5128
5577,1235578225,1235583894,5669
5578,1235580066,1235584789,4723
5579,1235580436,1235585398,4962
5580,1235581808,1235585841,4033
5581,1235582444,1235586818,4374
5582,1235583073,1235587417,4344
5583,1235583894,1235587757,3863
5584,1235584789,1235588295,3506
5585,1235585398,1235588877,3479
5586,1235585841,1235589315,3474
5587,1235586818,1235589647,2829
5588,1235587417,1235590557,3140
5589,1235587757,1235591270,3513
5590,1235588295,1235591918,3623
5591,1235588877,1235593352,4475
5592,1235589315,1235594800,5485
5593,1235589647,1235595390,5743
5594,1235590557,1235597039,6482
5595,1235591270,1235597708,6438
5596,1235591918,1235599001,7083
5597,1235593352,1235600226,6874
5598,1235594800,1235600615,5815
5599,1235595390,1235601917,6527
5600,1235597039,1235603390,6351
5601,1235597708,1235604860,7152
5602,1235599001,1235605358,6357
5603,1235600226,1235606600,6374
5604,1235600615,1235607906,7291
5605,1235601917,1235608666,6749
5606,1235603390,1235608974,5584
5607,1235604860,1235610192,5332
5608,1235605358,1235610781,5423
5609,1235606600,1235611188,4588
5610,1235607906,1235611957,4051
5611,1235608666,1235613053,4387
5612,1235608974,1235614125,5151
5613,1235610192,1235614683,4491
5614,1235610781,1235615695,4914
5615,1235611188,1235616676,5488
5616,1235611957,1235617182,5225
5617,1235613053,1235618526,5473
5618,1235614125,1235619134,5009
5619,1235614683,1235620539,5856
5620,1235615695,1235621425,5730
5621,1235616676,1235622006,5330
5622,1235617182,1235623464,6282
5623,1235618526,1235624068,5542
5624,1235619134,1235624454,5320
5625,1235620539,1235625865,5326
5626,1235621425,1235626360,4935
5627,1235622006,1235627675,5669
5628,1235623464,1235628166,4702
5629,1235624068,1235628437,4369
5630,1235624454,1235629708,5254
5631,1235625865,1235630670,4805
5632,1235626360,1235631973,5613
5633,1235627675,1235633497,5822
5634,1235628166,1235634560,6394
5635,1235628437,1235634594,6157
5636,1235629708,1235635125,5417
5637,1235630670,1235635619,4949
5638,1235631973,1235635669,3696
5639,1235633497,1235636915,3418
5640,1235634560,1235638230,3670
5641,1235634594,1235638876,4282
5642,1235635125,1235639413,4288
5643,1235635619,1235640637,5018
5644,1235635669,1235641426,5757
5645,1235636915,1235642416,5501
5646,1235638230,1235643922,5692
5647,1235638876,1235645333,6457
5648,1235639413,1235646651,7238
5649,1235640637,1235647438,6801
5650,1235641426,1235648291,6865
5651,1235642416,1235648630,6214
5652,1235643922,1235649750,5828
5653,1235645333,1235650327,4994
5654,1235646651,1235651519,4868
5655,1235647438,1235652423,4985
5656,1235648291,1235653503,5212
5657,1235648630,1235654910,6280
5658,1235649750,1235656031,6281
5659,1235650327,1235657195,6868
5660,1235651519,1235657709,6190
5661,1235652423,1235658945,6522
5662,1235653503,1235660454,6951
5663,1235654910,1235661371,6461
5664,1235656031,1235662306,6275
5665,1235657195,1235662374,5179
5666,1235657709,1235662817,5108
5667,1235658945,1235664033,5088
5668,1235660454,1235664937,4483
5669,1235661371,1235665647,4276
5670,1235662306,1235666102,3796
5671,1235662374,1235666810,4436
5672,1235662817,1235668082,5265
5673,1235664033,1235669461,5428
5674,1235664937,1235670492,5555
5675,1235665647,1235670865,5218
5676,1235666102,1235672295,6193
5677,1235666810,1235672675,5865
5678,1235668082,1235673125,5043
5679,1235669461,1235673470,4009
5680,1235670492,1235674168,3676
5681,1235670865,1235674521,3656
5682,1235672295,1235674770,2475
5683,1235672675,1235675337,2662
5684,1235673125,1235676289,3164
5685,1235673470,1235676304,2834
5686,1235674168,1235676920,2752
5687,1235674521,1235677841,3320
5688,1235674770,1235678910,4140
5689,1235675337,1235679855,4518
5690,1235676289,1235680509,4220
5691,1235676304,1235680994,4690
5692,1235676920,1235681317,4397
5693,1235677841,1235681816,3975
5694,1235678910,1235682246,3336
5695,1235679855,1235682826,2971
5696,1235680509,1235683066,2557
5697,1235680994,1235684224,3230
5698,1235681317,1235684557,3240
5699,1235681816,1235684594,2778
5700,1235682246,1235685058,2812
5701,1235682826,1235685943,3117
5702,1235683066,1235686841,3775
5703,1235684224,1235687259,3035
5704,1235684557,1235688872,4315
5705,1235684594,1235690124,5530
5706,1235685058,1235690619,5561
5707,1235685943,1235691651,5708
5708,1235686841,1235692121,5280
5709,1235687259,1235692680,5421
5710,1235688872,1235693661,4789
5711,1235690124,1235694218,4094
5712,1235690619,1235694919,4300
5713,1235691651,1235695314,3663
5714,1235692121,1235696011,3890
5715,1235692680,1235696665,3985
5716,1235693661,1235697877,4216
5717,1235694218,1235698460,4242
5718,1235694919,1235699424,4505
5719,1235695314,1235700493,5179
5720,1235696011,1235700997,4986
5721,1235696665,1235701608,4943
5722,1235697877,1235701755,3878
5723,1235698460,1235702436,3976
5724,1235699424,1235702521,3097
5725,1235700493,1235702596,2103
5726,1235700997,1235703118,2121
5727,1235701608,1235703902,2294
5728,1235701755,1235705453,3698
5729,1235702436,1235705786,3350
5730,1235702521,1235707026,4505
5731,1235702596,1235707429,4833
5732,1235703118,1235708949,5831
5733,1235703902,1235709006,5104
5734,1235705453,1235710252,4799
5735,1235705786,1235710587,4801
5736,1235707026,1235710763,3737
5737,1235707429,1235711462,4033
5738,1235708949,1235712243,3294
5739,1235709006,1235713253,4247
5740,1235710252,1235713915,3663
5741,1235710587,1235714946,4359
5742,1235710763,1235715720,4957
5743,1235711462,1235716006,4544
5744,1235712243,1235716549,4306
5745,1235713253,1235717698,4445
5746,1235713915,1235718892,4977
5747,1235714946,1235719965,5019
5748,1235715720,1235721203,5483
5749,1235716006,1235722810,6804
5750,1235716549,1235724273,7724
5751,1235717698,1235725399,7701
5752,1235718892,1235725673,6781
5753,1235719965,1235726136,6171
5754,1235721203,1235726503,5300
5755,1235722810,1235727224,4414
5756,1235724273,1235728431,4158
5757,1235725399,1235728613,3214
5758,1235725673,1235729367,3694
5759,1235726136,1235730535,4399
5760,1235726503,1235731249,4746
5761,1235727224,1235731465,4241
5762,1235728431,1235732018,3587
5763,1235728613,1235732198,3585
5764,1235729367,1235732741,3374
5765,1235730535,1235733597,3062
5766,1235731249,1235734827,3578
5767,1235731465,1235735507,4042
5768,1235732018,1235737042,5024
5769,1235732198,1235737408,5210
5770,1235732741,1235737714,4973
5771,1235733597,1235739043,5446
5772,1235734827,1235739268,4441
5773,1235735507,1235739419,3912
5774,1235737042,1235740137,3095
5775,1235737408,1235741288,3880
5776,1235737714,1235742203,4489
5777,1235739043,1235742608,3565
5778,1235739268,1235743360,4092
5779,1235739419,1235743433,4014
5780,1235740137,1235744731,4594
5781,1235741288,1235745838,4550
5782,1235742203,1235746420,4217
5783,1235742608,1235747745,5137
5784,1235743360,1235749053,5693
5785,1235743433,1235749426,5993
5786,1235744731,1235750087,5356
5787,1235745838,1235751087,5249
5788,1235746420,1235751169,4749
5789,1235747745,1235752284,4539
5790,1235749053,1235752691,3638
5791,1235749426,1235753616,4190
5792,1235750087,1235754101,4014
5793,1235751087,1235754723,3636
5794,1235751169,1235755317,4148
5795,1235752284,1235756315,4031
5796,1235752691,1235757451,4760
5797,1235753616,1235757639,4023
5798,1235754101,1235758145,4044
5799,1235754723,1235759017,4294
5800,1235755317,1235759543,4226
5801,1235756315,1235760024,3709
5802,1235757451,1235760135,2684
5803,1235757639,1235760608,2969
5804,1235758145,1235761274,3129
5805,1235759017,1235762191,3174
5806,1235759543,1235763151,3608
5807,1235760024,1235764143,4119
5808,1235760135,1235764934,4799
5809,1235760608,1235765624,5016
5810,1235761274,1235767024,5750
5811,1235762191,1235767819,5628
5812,1235763151,1235768372,5221
5813,1235764143,1235769199,5056
5814,1235764934,1235770665,5731
5815,1235765624,1235771501,5877
5816,1235767024,1235772546,5522
5817,1235767819,1235772939,5120
5818,1235768372,1235773844,5472
5819,1235769199,1235774420,5221
5820,1235770665,1235775083,4418
5821,1235771501,1235775577,4076
5822,1235772546,1235776258,3712
5823,1235772939,1235777384,4445
5824,1235773844,1235778671,4827
5825,1235774420,1235779371,4951
5826,1235775083,1235779712,4629
5827,1235775577,1235780824,5247
5828,1235776258,1235782208,5950
5829,1235777384,1235783381,5997
5830,1235778671,1235784142,5471
5831,1235779371,1235784519,5148
5832,1235779712,1235785207,5495
5833,1235780824,1235786223,5399
5834,1235782208,1235787150,4942
5835,1235783381,1235787603,4222
5836,1235784142,1235788769,4627
5837,1235784519,1235790260,5741
5838,1235785207,1235790996,5789
5839,1235786223,1235792371,6148
5840,1235787150,1235793000,5850
5841,1235787603,1235793852,6249
5842,1235788769,1235794684,5915
5843,1235790260,1235794841,4581
5844,1235790996,1235795282,4286
5845,1235792371,1235795615,3244
5846,1235793000,1235796937,3937
5847,1235793852,1235798619,4767
5848,1235794684,1235800014,5330
5849,1235794841,1235800827,5986
5850,1235795282,1235802204,6922
5851,1235795615,1235802601,6986
5852,1235796937,1235803518,6581
5853,1235798619,1235803935,5316
5854,1235800014,1235804441,4427
5855,1235800827,1235805957,5130
5856,1235802204,1235806975,4771
5857,1235802601,1235807663,5062
5858,1235803518,1235808195,4677
5859,1235803935,1235808992,5057
5860,1235804441,1235809486,5045
5861,1235805957,1235810203,4246
5862,1235806975,1235810816,3841
5863,1235807663,1235811261,3598
5864,1235808195,1235811884,3689
5865,1235808992,1235812336,3344
5866,1235809486,1235813639,4153
5867,1235810203,1235814785,4582
5868,1235810816,1235816269,5453
5869,1235811261,1235817380,6119
5870,1235811884,1235818940,7056
5871,1235812336,1235820396,8060
5872,1235813639,1235821125,7486
5873,1235814785,1235821691,6906
5874,1235816269,1235822957,6688
5875,1235817380,1235823574,6194
5876,1235818940,1235824650,5710
5877,1235820396,1235825235,4839
5878,1235821125,1235826212,5087
5879,1235821691,1235827097,5406
5880,1235822957,1235828355,5398
5881,1235823574,1235828842,5268
5882,1235824650,1235829316,4666
5883,1235825235,1235830266,5031
5884,1235826212,1235831278,5066
5885,1235827097,1235832520,5423
5886,1235828355,1235833206,4851
5887,1235828842,1235833892,5050
5888,1235829316,1235833976,4660
5889,1235830266,1235834321,4055
5890,1235831278,1235835759,4481
5891,1235832520,1235836461,3941
5892,1235833206,1235836945,3739
5893,1235833892,1235837540,3648
5894,1235833976,1235838969,4993
5895,1235834321,1235839181,4860
5896,1235835759,1235839933,4174
5897,1235836461,1235841423,4962
5898,1235836945,1235842666,5721
5899,1235837540,1235843413,5873
5900,1235838969,1235844652,5683
5901,1235839181,1235844982,5801
5902,1235839933,1235845930,5997
5903,1235841423,1235847397,5974
5904,1235842666,1235847897,5231
5905,1235843413,1235848851,5438
5906,1235844652,1235848964,4312
5907,1235844982,1235849287,4305
5908,1235845930,1235849838,3908
5909,1235847397,1235850333,2936
5910,1235847897,1235851570,3673
5911,1235848851,1235852329,3478
5912,1235848964,1235853726,4762
5913,1235849287,1235854694,5407
5914,1235849838,1235855382,5544
5915,1235850333,1235856400,6067
5916,1235851570,1235857689,6119
5917,1235852329,1235859214,6885
5918,1235853726,1235860147,6421
5919,1235854694,1235860503,5809
5920,1235855382,1235861993,6611
5921,1235856400,1235862867,6467
5922,1235857689,1235864313,6624
5923,1235859214,1235865487,6273
5924,1235860147,1235866515,6368
5925,1235860503,1235867324,6821
5926,1235861993,1235868165,6172
5927,1235862867,1235868640,5773
5928,1235864313,1235868973,4660
5929,1235865487,1235870027,4540
5930,1235866515,1235871496,4981
5931,1235867324,1235871926,4602
5932,1235868165,1235873174,5009
5933,1235868640,1235874483,5843
5934,1235868973,1235875095,6122
5935,1235870027,1235876548,6521
5936,1235871496,1235877474,5978
5937,1235871926,1235878007,6081
5938,1235873174,1235879648,6474
5939,1235874483,1235879740,5257
5940,1235875095,1235880674,5579
5941,1235876548,1235881670,5122
5942,1235877474,1235882167,4693
5943,1235878007,1235883599,5592
5944,1235879648,1235883950,4302
5945,1235879740,1235884872,5132
5946,1235880674,1235885082,4408
5947,1235881670,1235885917,4247
5948,1235882167,1235887207,5040
5949,1235883599,1235888199,4600
5950,1235883950,1235888724,4774
5951,1235884872,1235889234,4362
5952,1235885082,1235889775,4693
5953,1235885917,1235890233,4316
5954,1235887207,1235890624,3417
5955,1235888199,1235891808,3609
5956,1235888724,1235892868,4144
5957,1235889234,1235893910,4676
5958,1235889775,1235894723,4948
5959,1235890233,1235895803,5570
5960,1235890624,1235897200,6576
5961,1235891808,1235897323,5515
5962,1235892868,1235898091,5223
5963,1235893910,1235898554,4644
5964,1235894723,1235899332,4609
5965,1235895803,1235900722,4919
5966,1235897200,1235901734,4534
5967,1235897323,1235901943,4620
5968,1235898091,1235903055,4964
5969,1235898554,1235904106,5552
5970,1235899332,1235904684,5352
5971,1235900722,1235905588,4866
5972,1235901734,1235906033,4299
5973,1235901943,1235906670,4727
5974,1235903055,1235907276,4221
5975,1235904106,1235907726,3620
5976,1235904684,1235908681,3997
5977,1235905588,1235909597,4009
5978,1235906033,1235910318,4285
5979,1235906670,1235910696,4026
5980,1235907276,1235911385,4109
5981,1235907726,1235912536,4810
5982,1235908681,1235913200,4519
5983,1235909597,1235914652,5055
5984,1235910318,1235915612,5294
5985,1235910696,1235916422,5726
5986,1235911385,1235917022,5637
5987,1235912536,1235917907,5371
5988,1235913200,1235919223,6023
5989,1235914652,1235920039,5387
5990,1235915612,1235920590,4978
5991,1235916422,1235920981,4559
5992,1235917022,1235922008,4986
5993,1235917907,1235922316,4409
5994,1235919223,1235922966,3743
5995,1235920039,1235924549,4510
5996,1235920590,1235925065,4475
5997,1235920981,1235925558,4577
5998,1235922008,1235926399,4391
5999,1235922316,1235927060,4744
6000,1235922966,1235927934,4968
6001,1235924549,1235928384,3835
6002,1235925065,1235928907,3842
6003,1235925558,1235929212,3654
6004,1235926399,1235929435,3036
6005,1235927060,1235930393,3333
6006,1235927934,1235930903,2969
6007,1235928384,1235931315,2931
6008,1235928907,1235931665,2758
6009,1235929212,1235932177,2965
6010,1235929435,1235933574,4139
6011,1235930393,1235934927,4534
6012,1235930903,1235935667,4764
6013,1235931315,1235936457,5142
6014,1235931665,1235937810,6145
6015,1235932177,1235938374,6197
6016,1235933574,1235939819,6245
6017,1235934927,1235940153,5226
6018,1235935667,1235941505,5838
6019,1235936457,1235943012,6555
6020,1235937810,1235944295,6485
6021,1235938374,1235945452,7078
6022,1235939819,1235945882,6063
6023,1235940153,1235946954,6801
6024,1235941505,1235948356,6851
6025,1235943012,1235949587,6575
6026,1235944295,1235950584,6289
6027,1235945452,1235950787,5335
6028,1235945882,1235951359,5477
6029,1235946954,1235952055,5101
6030,1235948356,1235953638,5282
6031,1235949587,1235954147,4560
6032,1235950584,1235954735,4151
6033,1235950787,1235956132,5345
6034,1235951359,1235956537,5178
6035,1235952055,1235957365,5310
6036,1235953638,1235957599,3961
6037,1235954147,1235957883,3736
6038,1235954735,1235958073,3338
6039,1235956132,1235959224,3092
6040,1235956537,1235960123,3586
6041,1235957365,1235960494,3129
6042,1235957599,1235961624,4025
6043,1235957883,1235962069,4186
6044,1235958073,1235962981,4908
6045,1235959224,1235963338,4114
6046,1235960123,1235964669,4546
6047,1235960494,1235965467,4973
6048,1235961624,1235966513,4889
6049,1235962069,1235966712,4643
6050,1235962981,1235967220,4239
6051,1235963338,1235968337,4999
6052,1235964669,1235968946,4277
6053,1235965467,1235970292,4825
6054,1235966513,1235971353,4840
6055,1235966712,1235972691,5979
6056,1235967220,1235974015,6795
6057,1235968337,1235975088,6751
6058,1235968946,1235975190,6244
6059,1235970292,1235976469,6177
6060,1235971353,1235977213,5860
6061,1235972691,1235977772,5081
6062,1235974015,1235978869,4854
6063,1235975088,1235979049,3961
6064,1235975190,1235980012,4822
6065,1235976469,1235980780,4311
6066,1235977213,1235980883,3670
6067,1235977772,1235981736,3964
6068,1235978869,1235982333,3464
6069,1235979049,1235983569,4520
6070,1235980012,1235984061,4049
6071,1235980780,1235985076,4296
6072,1235980883,1235985530,4647
6073,1235981736,1235986539,4803
6074,1235982333,1235987212,4879
6075,1235983569,1235988407,4838
6076,1235984061,1235989773,5712
6077,1235985076,1235991247,6171
6078,1235985530,1235991722,6192
6079,1235986539,1235992389,5850
6080,1235987212,1235993189,5977
6081,1235988407,1235993958,5551
6082,1235989773,1235994722,4949
6083,1235991247,1235995280,4033
6084,1235991722,1235996056,4334
6085,1235992389,1235997210,4821
6086,1235993189,1235997629,4440
6087,1235993958,1235998584,4626
6088,1235994722,1235999179,4457
6089,1235995280,1235999933,4653
6090,1235996056,1236000063,4007
6091,1235997210,1236000467,3257
6092,1235997629,1236001063,3434
6093,1235998584,1236002612,4028
6094,1235999179,1236003090,3911
6095,1235999933,1236003836,3903
6096,1236000063,1236005138,5075
6097,1236000467,1236006485,6018
6098,1236001063,1236007332,6269
6099,1236002612,1236008627,6015
6100,1236003090,1236009327,6237
6101,1236003836,1236010778,6942
6102,1236005138,1236011249,6111
6103,1236006485,1236011708,5223
6104,1236007332,1236012643,5311
6105,1236008627,1236012666,4039
6106,1236009327,1236013210,3883
6107,1236010778,1236014318,3540
6108,1236011249,1236014724,3475
6109,1236011708,1236016102,4394
6110,1236012643,1236016719,4076
6111,1236012666,1236017832,5166
6112,1236013210,1236017896,4686
6113,1236014318,1236018702,4384
6114,1236014724,1236020073,5349
6115,1236016102,1236021434,5332
6116,1236016719,1236022379,5660
6117,1236017832,1236022618,4786
6118,1236017896,1236023389,5493
6119,1236018702,1236025066,6364
6120,1236020073,1236025662,5589
6121,1236021434,1236026825,5391
6122,1236022379,1236027168,4789
6123,1236022618,1236027483,4865
6124,1236023389,1236027979,4590
6125,1236025066,1236029189,4123
6126,1236025662,1236029724,4062
6127,1236026825,1236029858,3033
6128,1236027168,1236030633,3465
6129,1236027483,1236031126,3643
6130,1236027979,1236031802,3823
6131,1236029189,1236033080,3891
6132,1236029724,1236033786,4062
6133,1236029858,1236034939,5081
6134,1236030633,1236036279,5646
6135,1236031126,1236036955,5829
6136,1236031802,1236037669,5867
6137,1236033080,1236038538,5458
6138,1236033786,1236039227,5441
6139,1236034939,1236040591,5652
6140,1236036279,1236041712,5433
6141,1236036955,1236043318,6363
6142,1236037669,1236043402,5733
6143,1236038538,1236044101,5563
6144,1236039227,1236044793,5566
6145,1236040591,1236045721,5130
6146,1236041712,1236046503,4791
6147,1236043318,1236046596,3278
6148,1236043402,1236046678,3276
6149,1236044101,1236047478,3377
6150,1236044793,1236048089,3296
6151,1236045721,1236048510,2789
6152,1236046503,1236050028,3525
6153,1236046596,1236051554,4958
6154,1236046678,1236052447,5769
6155,1236047478,1236052881,5403
6156,1236048089,1236054265,6176
6157,1236048510,1236055509,6999
6158,1236050028,1236056345,6317
6159,1236051554,1236057350,5796
6160,1236052447,1236058735,6288
6161,1236052881,1236060185,7304
6162,1236054265,1236060730,6465
6163,1236055509,1236061464,5955
6164,1236056345,1236062389,6044
6165,1236057350,1236063344,5994
6166,1236058735,1236064741,6006
6167,1236060185,1236065319,5134
6168,1236060730,1236066356,5626
6169,1236061464,1236067026,5562
6170,1236062389,1236068089,5700
6171,1236063344,1236068688,5344
6172,1236064741,1236069614,4873
6173,1236065319,1236070137,4818
6174,1236066356,1236070420,4064
6175,1236067026,1236071354,4328
6176,1236068089,1236071791,3702
6177,1236068688,1236072198,3510
6178,1236069614,1236073549,3935
6179,1236070137,1236074846,4709
6180,1236070420,1236075010,4590
6181,1236071354,1236076196,4842
6182,1236071791,1236077670,5879
6183,1236072198,1236078728,6530
6184,1236073549,1236078813,5264
6185,1236074846,1236080034,5188
6186,1236075010,1236080990,5980
6187,1236076196,1236081809,5613
6188,1236077670,1236082934,5264
6189,1236078728,1236083460,4732
6190,1236078813,1236083606,4793
6191,1236080034,1236084224,4190
6192,1236080990,1236084449,3459
6193,1236081809,1236084986,3177
6194,1236082934,1236085253,2319
6195,1236083460,1236085472,2012
6196,1236083606,1236086995,3389
6197,1236084224,1236088518,4294
6198,1236084449,1236089244,4795
6199,1236084986,1236090117,5131
6200,1236085253,1236091245,5992
6201,1236085472,1236092187,6715
6202,1236086995,1236093101,6106
6203,1236088518,1236094020,5502
6204,1236089244,1236095499,6255
6205,1236090117,1236095564,5447
6206,1236091245,1236096411,5166
6207,1236092187,1236097127,4940
6208,1236093101,1236097458,4357
6209,1236094020,1236098797,4777
6210,1236095499,1236099755,4256
6211,1236095564,1236100892,5328
6212,1236096411,1236101705,5294
6213,1236097127,1236102767,5640
6214,1236097458,1236103391,5933
6215,1236098797,1236103647,4850
6216,1236099755,1236104014,4259
6217,1236100892,1236104474,3582
6218,1236101705,1236105158,3453
6219,1236102767,1236106666,3899
6220,1236103391,1236107132,3741
6221,1236103647,1236107632,3985
6222,1236104014,1236108836,4822
6223,1236104474,1236109437,4963
6224,1236105158,1236110973,5815
6225,1236106666,1236112264,5598
6226,1236107132,1236112631,5499
6227,1236107632,1236113905,6273
6228,1236108836,1236114374,5538
6229,1236109437,1236114909,5472
6230,1236110973,1236115865,4892
6231,1236112264,1236116866,4602
6232,1236112631,1236118415,5784
6233,1236113905,1236119307,5402
6234,1236114374,1236119645,5271
6235,1236114909,1236120746,5837
6236,1236115865,1236121578,5713
6237,1236116866,1236122165,5299
6238,1236118415,1236123193,4778
6239,1236119307,1236123657,4350
6240,1236119645,1236123672,4027
6241,1236120746,1236124054,3308
6242,1236121578,1236124908,3330
6243,1236122165,1236125887,3722
6244,1236123193,1236126865,3672
6245,1236123657,1236128034,4377
6246,1236123672,1236128601,4929
6247,1236124054,1236130062,6008
6248,1236124908,1236130357,5449
6249,1236125887,1236130570,4683
6250,1236126865,1236131677,4812
6251,1236128034,1236132911,4877
6252,1236128601,1236133345,4744
6253,1236130062,1236134511,4449
6254,1236130357,1236135322,4965
6255,1236130570,1236136347,5777
6256,1236131677,1236137444,5767
6257,1236132911,1236138988,6077
6258,1236133345,1236139675,6330
6259,1236134511,1236140341,5830
6260,1236135322,1236141814,6492
6261,1236136347,1236143068,6721
6262,1236137444,1236143489,6045
6263,1236138988,1236144569,5581
6264,1236139675,1236145269,5594
6265,1236140341,1236146014,5673
6266,1236141814,1236146701,4887
6267,1236143068,1236147368,4300
6268,1236143489,1236147476,3987
6269,1236144569,1236148684,4115
6270,1236145269,1236148821,3552
6271,1236146014,1236149680,3666
6272,1236146701,1236149786,3085
6273,1236147368,1236149917,2549
6274,1236147476,1236151091,3615
6275,1236148684,1236151607,2923
6276,1236148821,1236151731,2910
6277,1236149680,1236152408,2728
6278,1236149786,1236153248,3462
6279,1236149917,1236153318,3401
6280,1236151091,1236153823,2732
6281,1236151607,1236155205,3598
6282,1236151731,1236156320,4589
6283,1236152408,1236156578,4170
6284,1236153248,1236157297,4049
6285,1236153318,1236158810,5492
6286,1236153823,1236159970,6147
6287,1236155205,1236160766,5561
6288,1236156320,1236161226,4906
6289,1236156578,1236161986,5408
6290,1236157297,1236162323,5026
6291,1236158810,1236163546,4736
6292,1236159970,1236164431,4461
6293,1236160766,1236165495,4729
6294,1236161226,1236165740,4514
6295,1236161986,1236169278,7292
6296,1236162323,1236170034,7711
6297,1236163546,1236170639,7093
6298,1236164431,1236171511,7080
6299,1236165495,1236172726,7231
6300,1236165740,1236173055,7315
6301,1236169278,1236173810,4532
6302,1236170034,1236174973,4939
6303,1236170639,1236175313,4674
6304,1236171511,1236175882,4371
6305,1236172726,1236176352,3626
6306,1236173055,1236176777,3722
6307,1236173810,1236177370,3560
6308,1236174973,1236178199,3226
6309,1236175313,1236178764,3451
6310,1236175882,1236179691,3809
6311,1236176352,1236180038,3686
6312,1236176777,1236180341,3564
6313,1236177370,1236181581,4211
6314,1236178199,1236183052,4853
6315,1236178764,1236183799,5035
6316,1236179691,1236183771,4080
6317,1236180038,1236184542,4504
6318,1236180341,1236185990,5649
6319,1236181581,1236187288,5707
6320,1236183052,1236188241,5189
6321,1236183771,1236189624,5853
6322,1236183799,1236190429,6630
6323,1236184542,1236190969,6427
6324,1236185990,1236192314,6324
6325,1236187288,1236193758,6470
6326,1236188241,1236194386,6145
6327,1236189624,1236194891,5267
6328,1236190429,1236195264,4835
6329,1236190969,1236196229,5260
6330,1236192314,1236197378,5064
6331,1236193758,1236198047,4289
6332,1236194386,1236198494,4108
6333,1236194891,1236199715,4824
6334,1236195264,1236200884,5620
6335,1236196229,1236201884,5655
6336,1236197378,1236202428,5050
6337,1236198047,1236203405,5358
6338,1236198494,1236203924,5430
6339,1236199715,1236204307,4592
6340,1236200884,1236205669,4785
6341,1236201884,1236206583,4699
6342,1236202428,1236208159,5731
6343,1236203405,1236209362,5957
6344,1236203924,1236210099,6175
6345,1236204307,1236211015,6708
6346,1236205669,1236212297,6628
6347,1236206583,1236213787,7204
6348,1236208159,1236215214,7055
6349,1236209362,1236216362,7000
6350,1236210099,1236217608,7509
6351,1236211015,1236218604,7589
6352,1236212297,1236219625,7328
6353,1236213787,1236220274,6487
6354,1236215214,1236221453,6239
6355,1236216362,1236222884,6522
6356,1236217608,1236223770,6162
6357,1236218604,1236224398,5794
6358,1236219625,1236225823,6198
6359,1236220274,1236226227,5953
6360,1236221453,1236226312,4859
6361,1236222884,1236227579,4695
6362,1236223770,1236227630,3860
6363,1236224398,1236228468,4070
6364,1236225823,1236229140,3317
6365,1236226227,1236230708,4481
6366,1236226312,1236231122,4810
6367,1236227579,1236231550,3971
6368,1236227630,1236232241,4611
6369,1236228468,1236232057,3589
6370,1236229140,1236232821,3681
6371,1236230708,1236234087,3379
6372,1236231122,1236235343,4221
6373,1236231550,1236235893,4343
6374,1236232057,1236236976,4919
6375,1236232241,1236238085,5844
6376,1236232821,1236239492,6671
6377,1236234087,1236240393,6306
6378,1236235343,1236241310,5967
6379,1236235893,1236242030,6137
6380,1236236976,1236242433,5457
6381,1236238085,1236242908,4823
6382,1236239492,1236243483,3991
6383,1236240393,1236244350,3957
6384,1236241310,1236244823,3513
6385,1236242030,1236245173,3143
6386,1236242433,1236245455,3022
6387,1236242908,1236245917,3009
6388,1236243483,1236246326,2843
6389,1236244350,1236247991,3641
6390,1236244823,1236248694,3871
6391,1236245173,1236248827,3654
6392,1236245455,1236249525,4070
6393,1236245917,1236250283,4366
6394,1236246326,1236251098,4772
6395,1236247991,1236252392,4401
6396,1236248694,1236252944,4250
6397,1236248827,1236253728,4901
6398,1236249525,1236254163,4638
6399,1236250283,1236254910,4627
6400,1236251098,1236255817,4719
6401,1236252392,1236256616,4224
6402,1236252944,1236256783,3839
6403,1236253728,1236258240,4512
6404,1236254163,1236258833,4670
6405,1236254910,1236258886,3976
6406,1236255817,1236259405,3588
6407,1236256616,1236260495,3879
6408,1236256783,1236262010,5227
6409,1236258240,1236262942,4702
6410,1236258833,1236263655,4822
6411,1236258886,1236264997,6111
6412,1236259405,1236265930,6525
6413,1236260495,1236267026,6531
6414,1236262010,1236267887,5877
6415,1236262942,1236268122,5180
6416,1236263655,1236268729,5074
6417,1236264997,1236268970,3973
6418,1236265930,1236269230,3300
6419,1236267026,1236270012,2986
6420,1236267887,1236270577,2690
6421,1236268122,1236270913,2791
6422,1236268729,1236271748,3019
6423,1236268970,1236272469,3499
6424,1236269230,1236274000,4770
6425,1236270012,1236274876,4864
6426,1236270577,1236275904,5327
6427,1236270913,1236275504,4591
6428,1236271748,1236276029,4281
6429,1236272469,1236277020,4551
6430,1236274000,1236277991,3991
6431,1236274876,1236279164,4288
6432,1236275504,1236280071,4567
6433,1236275904,1236281062,5158
6434,1236276029,1236281593,5564
6435,1236277020,1236282972,5952
6436,1236277991,1236283097,5106
6437,1236279164,1236284217,5053
6438,1236280071,1236284102,4031
6439,1236281062,1236284815,3753
6440,1236281593,1236285581,3988
6441,1236282972,1236286141,3169
6442,1236283097,1236287001,3904
6443,1236284102,1236288323,4221
6444,1236284217,1236288526,4309
6445,1236284815,1236290101,5286
6446,1236285581,1236290428,4847
6447,1236286141,1236291260,5119
6448,1236287001,1236292433,5432
6449,1236288323,1236292807,4484
6450,1236288526,1236293857,5331
6451,1236290101,1236294581,4480
6452,1236290428,1236295064,4636
6453,1236291260,1236295597,4337
6454,1236292433,1236296065,3632
6455,1236292807,1236296339,3532
6456,1236293857,1236297007,3150
6457,1236294581,1236297407,2826
6458,1236295064,1236298982,3918
6459,1236295597,1236299722,4125
6460,1236296065,1236300664,4599
6461,1236296339,1236300838,4499
6462,1236297007,1236301882,4875
6463,1236297407,1236301906,4499
6464,1236298982,1236302091,3109
6465,1236299722,1236302558,2836
6466,1236300664,1236303344,2680
6467,1236300838,1236304653,3815
6468,1236301882,1236305759,3877
6469,1236301906,1236306517,4611
6470,1236302091,1236307561,5470
6471,1236302558,1236308258,5700
6472,1236303344,1236309290,5946
6473,1236304653,1236309333,4680
6474,1236305759,1236310302,4543
6475,1236306517,1236310889,4372
6476,1236307561,1236312004,4443
6477,1236308258,1236313198,4940
6478,1236309290,1236314151,4861
6479,1236309333,1236314911,5578
6480,1236310302,1236315363,5061
6481,1236310889,1236316866,5977
6482,1236312004,1236317018,5014
6483,1236313198,1236318335,5137
6484,1236314151,1236318955,4804
6485,1236314911,1236319672,4761
6486,1236315363,1236320696,5333
6487,1236316866,1236320251,3385
6488,1236317018,1236320740,3722
6489,1236318335,1236321437,3102
6490,1236318955,1236321952,2997
6491,1236319672,1236322741,3069
6492,1236320251,1236324113,3862
6493,1236320696,1236325162,4466
6494,1236320740,1236326225,5485
6495,1236321437,1236327372,5935
6496,1236321952,1236328713,6761
6497,1236322741,1236329262,6521
6498,1236324113,1236330160,6047
6499,1236325162,1236330388,5226
6500,1236326225,1236330950,4725
6501,1236327372,1236331266,3894
6502,1236328713,1236332431,3718
6503,1236329262,1236333096,3834
6504,1236330160,1236334526,4366
6505,1236330388,1236334938,4550
6506,1236330950,1236335161,4211
6507,1236331266,1236335301,4035
6508,1236332431,1236335591,3160
6509,1236333096,1236335700,2604
6510,1236334526,1236336614,2088
6511,1236334938,1236337315,2377
6512,1236335161,1236338152,2991
6513,1236335301,1236338373,3072
6514,1236335591,1236338568,2977
6515,1236335700,1236339221,3521
6516,1236336614,1236340249,3635
6517,1236337315,1236340402,3087
6518,1236338152,1236340902,2750
6519,1236338373,1236341814,3441
6520,1236338568,1236342949,4381
6521,1236339221,1236343525,4304
6522,1236340249,1236343980,3731
6523,1236340402,1236345485,5083
6524,1236340902,1236346477,5575
6525,1236341814,1236347841,6027
6526,1236342949,1236348946,5997
6527,1236343525,1236349029,5504
6528,1236343980,1236349389,5409
6529,1236345485,1236350477,4992
6530,1236346477,1236350336,3859
6531,1236347841,1236351303,3462
6532,1236348946,1236351531,2585
6533,1236349029,1236352799,3770
6534,1236349389,1236353828,4439
6535,1236350336,1236354780,4444
6536,1236350477,1236355856,5379
6537,1236351303,1236356758,5455
6538,1236351531,1236357533,6002
6539,1236352799,1236358395,5596
6540,1236353828,1236358869,5041
6541,1236354780,1236359451,4671
6542,1236355856,1236360057,4201
6543,1236356758,1236360843,4085
6544,1236357533,1236361428,3895
6545,1236358395,1236361637,3242
6546,1236358869,1236362304,3435
6547,1236359451,1236363377,3926
6548,1236360057,1236363962,3905
6549,1236360843,1236365055,4212
6550,1236361428,1236365089,3661
6551,1236361637,1236366377,4740
6552,1236362304,1236366950,4646
6553,1236363377,1236367404,4027
6554,1236363962,1236367666,3704
6555,1236365055,1236368730,3675
6556,1236365089,1236369522,4433
6557,1236366377,1236371026,4649
6558,1236366950,1236372425,5475
6559,1236367404,1236372952,5548
6560,1236367666,1236374181,6515
6561,1236368730,1236374614,5884
6562,1236369522,1236374678,5156
6563,1236371026,1236375512,4486
6564,1236372425,1236376267,3842
6565,1236372952,1236376530,3578
6566,1236374181,1236376764,2583
6567,1236374614,1236377257,2643
6568,1236374678,1236377419,2741
6569,1236375512,1236378722,3210
6570,1236376267,1236379130,2863
6571,1236376530,1236379848,3318
6572,1236376764,1236380956,4192
6573,1236377257,1236381721,4464
6574,1236377419,1236383089,5670
6575,1236378722,1236384336,5614
6576,1236379130,1236385039,5909
6577,1236379848,1236385772,5924
6578,1236380956,1236386225,5269
6579,1236381721,1236386844,5123
6580,1236383089,1236388073,4984
6581,1236384336,1236389551,5215
6582,1236385039,1236391160,6121
6583,1236385772,1236390715,4943
6584,1236386225,1236391626,5401
6585,1236386844,1236391975,5131
6586,1236388073,1236392964,4891
6587,1236389551,1236394331,4780
6588,1236390715,1236395445,4730
6589,1236391160,1236396439,5279
6590,1236391626,1236396722,5096
6591,1236391975,1236397779,5804
6592,1236392964,1236398967,6003
6593,1236394331,1236399706,5375
6594,1236395445,1236399818,4373
6595,1236396439,1236400677,4238
6596,1236396722,1236401774,5052
6597,1236397779,1236403127,5348
6598,1236398967,1236404569,5602
6599,1236399706,1236405449,5743
6600,1236399818,1236406309,6491
6601,1236400677,1236406548,5871
6602,1236401774,1236407266,5492
6603,1236403127,1236407671,4544
6604,1236404569,1236408433,3864
6605,1236405449,1236409547,4098
6606,1236406309,1236409836,3527
6607,1236406548,1236410399,3851
6608,1236407266,1236410750,3484
6609,1236407671,1236411714,4043
6610,1236408433,1236412283,3850
6611,1236409547,1236412790,3243
6612,1236409836,1236412845,3009
6613,1236410399,1236413363,2964
6614,1236410750,1236414238,3488
6615,1236411714,1236415280,3566
6616,1236412283,1236416032,3749
6617,1236412790,1236416418,3628
6618,1236412845,1236417488,4643
6619,1236413363,1236418406,5043
6620,1236414238,1236418799,4561
6621,1236415280,1236419366,4086
6622,1236416032,1236420368,4336
6623,1236416418,1236420422,4004
6624,1236417488,1236421103,3615
6625,1236418406,1236422582,4176
6626,1236418799,1236422937,4138
6627,1236419366,1236423294,3928
6628,1236420368,1236423976,3608
6629,1236420422,1236425322,4900
6630,1236421103,1236426440,5337
6631,1236422582,1236427112,4530
6632,1236422937,1236428246,5309
6633,1236423294,1236428933,5639
6634,1236423976,1236430019,6043
6635,1236425322,1236430918,5596
6636,1236426440,1236431542,5102
6637,1236427112,1236432808,5696
6638,1236428246,1236433947,5701
6639,1236428933,1236435116,6183
6640,1236430019,1236436485,6466
6641,1236430918,1236437789,6871
6642,1236431542,1236438519,6977
6643,1236432808,1236440026,7218
6644,1236433947,1236440774,6827
6645,1236435116,1236441385,6269
6646,1236436485,1236442200,5715
6647,1236437789,1236442646,4857
6648,1236438519,1236442928,4409
6649,1236440026,1236444467,4441
6650,1236440774,1236445658,4884
6651,1236441385,1236446330,4945
6652,1236442200,1236447105,4905
6653,1236442646,1236447493,4847
6654,1236442928,1236448351,5423
6655,1236444467,1236448814,4347
6656,1236445658,1236449027,3369
6657,1236446330,1236449311,2981
6658,1236447105,1236449909,2804
6659,1236447493,1236450577,3084
6660,1236448351,1236451668,3317
6661,1236448814,1236452019,3205
6662,1236449027,1236452498,3471
6663,1236449311,1236453426,4115
6664,1236449909,1236454903,4994
6665,1236450577,1236456033,5456
6666,1236451668,1236456633,4965
6667,1236452019,1236457109,5090
6668,1236452498,1236457953,5455
6669,1236453426,1236458787,5361
6670,1236454903,1236459632,4729
6671,1236456033,1236461020,4987
6672,1236456633,1236462468,5835
6673,1236457109,1236463588,6479
6674,1236457953,1236463945,5992
6675,1236458787,1236464442,5655
6676,1236459632,1236464875,5243
6677,1236461020,1236465167,4147
6678,1236462468,1236466568,4100
6679,1236463588,1236466648,3060
6680,1236463945,1236467988,4043
6681,1236464442,1236468790,4348
6682,1236464875,1236469184,4309
6683,1236465167,1236469692,4525
6684,1236466568,1236470846,4278
6685,1236466648,1236471618,4970
6686,1236467988,1236472653,4665
6687,1236468790,1236473337,4547
6688,1236469184,1236473952,4768
6689,1236469692,1236475314,5622
6690,1236470846,1236476609,5763
6691,1236471618,1236477505,5887
6692,1236472653,1236477911,5258
6693,1236473337,1236478524,5187
6694,1236473952,1236478580,4628
6695,1236475314,1236479311,3997
6696,1236476609,1236479337,2728
6697,1236477505,1236480112,2607
6698,1236477911,1236481752,3841
6699,1236478524,1236482716,4192
6700,1236478580,1236483530,4950
6701,1236479311,1236483592,4281
6702,1236479337,1236484936,5599
6703,1236480112,1236485289,5177
6704,1236481752,1236486212,4460
6705,1236482716,1236486604,3888
6706,1236483530,1236487772,4242
6707,1236483592,1236488227,4635
6708,1236484936,1236488724,3788
6709,1236485289,1236490046,4757
6710,1236486212,1236490282,4070
6711,1236486604,1236490583,3979
6712,1236487772,1236491531,3759
6713,1236488227,1236492057,3830
6714,1236488724,1236492548,3824
6715,1236490046,1236493835,3789
6716,1236490282,1236494683,4401
6717,1236490583,1236495084,4501
6718,1236491531,1236496575,5044
6719,1236492057,1236498019,5962
6720,1236492548,1236498394,5846
6721,1236493835,1236498586,4751
6722,1236494683,1236498993,4310
6723,1236495084,1236499069,3985
6724,1236496575,1236500247,3672
6725,1236498019,1236501575,3556
6726,1236498394,1236501729,3335
6727,1236498586,1236501799,3213
6728,1236498993,1236502041,3048
6729,1236499069,1236502731,3662
6730,1236500247,1236503812,3565
6731,1236501575,1236505032,3457
6732,1236501729,1236505853,4124
6733,1236501799,1236506241,4442
6734,1236502041,1236507308,5267
6735,1236502731,1236507342,4611
6736,1236503812,1236508540,4728
6737,1236505032,1236509604,4572
6738,1236505853,1236510098,4245
6739,1236506241,1236510693,4452
6740,1236507308,1236511830,4522
6741,1236507342,1236513173,5831
6742,1236508540,1236513414,4874
6743,1236509604,1236513876,4272
6744,1236510098,1236514681,4583
6745,1236510693,1236515671,4978
6746,1236511830,1236516599,4769
6747,1236513173,1236517836,4663
6748,1236513414,1236518329,4915
6749,1236513876,1236518990,5114
6750,1236514681,1236520037,5356
6751,1236515671,1236521265,5594
6752,1236516599,1236522272,5673
6753,1236517836,1236523412,5576
6754,1236518329,1236523469,5140
6755,1236518990,1236524433,5443
6756,1236520037,1236524849,4812
6757,1236521265,1236526238,4973
6758,1236522272,1236526828,4556
6759,1236523412,1236528077,4665
6760,1236523469,1236529252,5783
6761,1236524433,1236530299,5866
6762,1236524849,1236530689,5840
6763,1236526238,1236531994,5756
6764,1236526828,1236532492,5664
6765,1236528077,1236533458,5381
6766,1236529252,1236534402,5150
6767,1236530299,1236534467,4168
6768,1236530689,1236535670,4981
6769,1236531994,1236535869,3875
6770,1236532492,1236536889,4397
6771,1236533458,1236537793,4335
6772,1236534402,1236538110,3708
6773,1236534467,1236539162,4695
6774,1236535670,1236540229,4559
6775,1236535869,1236540821,4952
6776,1236536889,1236541444,4555
6777,1236537793,1236541718,3925
6778,1236538110,1236542169,4059
6779,1236539162,1236543280,4118
6780,1236540229,1236544197,3968
6781,1236540821,1236545144,4323
6782,1236541444,1236546630,5186
6783,1236541718,1236547622,5904
6784,1236542169,1236547998,5829
6785,1236543280,1236548382,5102
6786,1236544197,1236549563,5366
6787,1236545144,1236550334,5190
6788,1236546630,1236550481,3851
6789,1236547622,1236550601,2979
6790,1236547998,1236551547,3549
6791,1236548382,1236551979,3597
6792,1236549563,1236552348,2785
6793,1236550334,1236553024,2690
6794,1236550481,1236553939,3458
6795,1236550601,1236554921,4320
6796,1236551547,1236555030,3483
6797,1236551979,1236555784,3805
6798,1236552348,1236556715,4367
6799,1236553024,1236556921,3897
6800,1236553939,1236557941,4002
6801,1236554921,1236558810,3889
6802,1236555030,1236559263,4233
6803,1236555784,1236560074,4290
6804,1236556715,1236561458,4743
6805,1236556921,1236561500,4579
6806,1236557941,1236562052,4111
6807,1236558810,1236562421,3611
6808,1236559263,1236562946,3683
6809,1236560074,1236563743,3669
6810,1236561458,1236564434,2976
6811,1236561500,1236564674,3174
6812,1236562052,1236564874,2822
6813,1236562421,1236564981,2560
6814,1236562946,1236566175,3229
6815,1236563743,1236566557,2814
6816,1236564434,1236567395,2961
6817,1236564674,1236568929,4255
6818,1236564874,1236569466,4592
6819,1236564981,1236570224,5243
6820,1236566175,1236571591,5416
6821,1236566557,1236572155,5598
6822,1236567395,1236572868,5473
6823,1236568929,1236573753,4824
6824,1236569466,1236575145,5679
6825,1236570224,1236576426,6202
6826,1236571591,1236577521,5930
6827,1236572155,1236577991,5836
6828,1236572868,1236578742,5874
6829,1236573753,1236578925,5172
6830,1236575145,1236579930,4785
6831,1236576426,1236580536,4110
6832,1236577521,1236581243,3722
6833,1236577991,1236581408,3417
6834,1236578742,1236581566,2824
6835,1236578925,1236582369,3444
6836,1236579930,1236583151,3221
6837,1236580536,1236583905,3369
6838,1236581243,1236584770,3527
6839,1236581408,1236585852,4444
6840,1236581566,1236586202,4636
6841,1236582369,1236586529,4160
6842,1236583151,1236587348,4197
6843,1236583905,1236588855,4950
6844,1236584770,1236592774,8004
6845,1236585852,1236589268,3416
6846,1236586202,1236590744,4542
6847,1236586529,1236592051,5522
6848,1236587348,1236592086,4738
6849,1236588855,1236593584,4729
6850,1236589268,1236594080,4812
6851,1236590744,1236595086,4342
6852,1236592051,1236596232,4181
6853,1236592086,1236597486,5400
6854,1236592774,1236598074,5300
6855,1236593584,1236598541,4957
6856,1236594080,1236599993,5913
6857,1236595086,1236600600,5514
6858,1236596232,1236604237,8005
6859,1236597486,1236601810,4324
6860,1236598074,1236602171,4097
6861,1236598541,1236603335,4794
6862,1236599993,1236603463,3470
6863,1236600600,1236604441,3841
6864,1236601810,1236605049,3239
6865,1236602171,1236605651,3480
6866,1236603335,1236605947,2612
6867,1236603463,1236606417,2954
6868,1236604237,1236607230,2993
6869,1236604441,1236607955,3514
6870,1236605049,1236608383,3334
6871,1236605651,1236609176,3525
6872,1236605947,1236610667,4720
6873,1236606417,1236611757,5340
6874,1236607230,1236612785,5555
6875,1236607955,1236614046,6091
6876,1236608383,1236615217,6834
6877,1236609176,1236616012,6836
6878,1236610667,1236617470,6803
6879,1236611757,1236618275,6518
6880,1236612785,1236618474,5689
6881,1236614046,1236619432,5386
6882,1236615217,1236622295,7078
6883,1236616012,1236623191,7179
6884,1236617470,1236624577,7107
6885,1236618275,1236625184,6909
6886,1236618474,1236625925,7451
6887,1236619432,1236626466,7034
6888,1236622295,1236627692,5397
6889,1236623191,1236628238,5047
6890,1236624577,1236629162,4585
6891,1236625184,1236629715,4531
6892,1236625925,1236631249,5324
6893,1236626466,1236632471,6005
6894,1236627692,1236632463,4771
6895,1236628238,1236633071,4833
6896,1236629162,1236634007,4845
6897,1236629715,1236634488,4773
6898,1236631249,1236635546,4297
6899,1236632463,1236636314,3851
6900,1236632471,1236637017,4546
6901,1236633071,1236637658,4587
6902,1236634007,1236639201,5194
6903,1236634488,1236639650,5162
6904,1236635546,1236640874,5328
6905,1236636314,1236641477,5163
6906,1236637017,1236641749,4732
6907,1236637658,1236643998,6340
6908,1236639201,1236644532,5331
6909,1236639650,1236645592,5942
6910,1236640874,1236645846,4972
6911,1236641477,1236646355,4878
6912,1236641749,1236647573,5824
6913,1236643998,1236648375,4377
6914,1236644532,1236649001,4469
6915,1236645592,1236649523,3931
6916,1236645846,1236650200,4354
6917,1236646355,1236650442,4087
6918,1236647573,1236651452,3879
6919,1236648375,1236652124,3749
6920,1236649001,1236652317,3316
6921,1236649523,1236653242,3719
6922,1236650200,1236653482,3282
6923,1236650442,1236654178,3736
6924,1236651452,1236655597,4145
6925,1236652124,1236656332,4208
6926,1236652317,1236658030,5713
6927,1236653242,1236659226,5984
6928,1236653482,1236659775,6293
6929,1236654178,1236660785,6607
6930,1236655597,1236661334,5737
6931,1236656332,1236662314,5982
6932,1236658030,1236663235,5205
6933,1236659226,1236664810,5584
6934,1236659775,1236665297,5522
6935,1236660785,1236666130,5345
6936,1236661334,1236666428,5094
6937,1236662314,1236666999,4685
6938,1236663235,1236668210,4975
6939,1236664810,1236669204,4394
6940,1236665297,1236669737,4440
6941,1236666130,1236671140,5010
6942,1236666428,1236672035,5607
6943,1236666999,1236673272,6273
6944,1236668210,1236674742,6532
6945,1236669204,1236675989,6785
6946,1236669737,1236676779,7042
6947,1236671140,1236678060,6920
6948,1236672035,1236679263,7228
6949,1236673272,1236679434,6162
6950,1236674742,1236680134,5392
6951,1236675989,1236680785,4796
6952,1236676779,1236681251,4472
6953,1236678060,1236682346,4286
6954,1236679263,1236683703,4440
6955,1236679434,1236684319,4885
6956,1236680134,1236684586,4452
6957,1236680785,1236685925,5140
6958,1236681251,1236686272,5021
6959,1236682346,1236687021,4675
6960,1236683703,1236687450,3747
6961,1236684319,1236688340,4021
6962,1236684586,1236688816,4230
6963,1236685925,1236689439,3514
6964,1236686272,1236690280,4008
6965,1236687021,1236690721,3700
6966,1236687450,1236691314,3864
6967,1236688340,1236692301,3961
6968,1236688816,1236692744,3928
6969,1236689439,1236693063,3624
6970,1236690280,1236694141,3861
6971,1236690721,1236694188,3467
6972,1236691314,1236695290,3976
6973,1236692301,1236695576,3275
6974,1236692744,1236696394,3650
6975,1236693063,1236696646,3583
6976,1236694141,1236697614,3473
6977,1236694188,1236698142,3954
6978,1236695290,1236698575,3285
6979,1236695576,1236699757,4181
6980,1236696394,1236701305,4911
6981,1236696646,1236701974,5328
6982,1236697614,1236702428,4814
6983,1236698142,1236703808,5666
6984,1236698575,1236705144,6569
6985,1236699757,1236705889,6132
6986,1236701305,1236707243,5938
6987,1236701974,1236708253,6279
6988,1236702428,1236709150,6722
6989,1236703808,1236709875,6067
6990,1236705144,1236711228,6084
6991,1236705889,1236711301,5412
6992,1236707243,1236712257,5014
6993,1236708253,1236712617,4364
6994,1236709150,1236713210,4060
6995,1236709875,1236714082,4207
6996,1236711228,1236715636,4408
6997,1236711301,1236716332,5031
6998,1236712257,1236716675,4418
6999,1236712617,1236717394,4777
7000,1236713210,1236717839,4629
7001,1236714082,1236718823,4741
7002,1236715636,1236719952,4316
7003,1236716332,1236721121,4789
7004,1236716675,1236721524,4849
7005,1236717394,1236722070,4676
7006,1236717839,1236722910,5071
7007,1236718823,1236723587,4764
7008,1236719952,1236724665,4713
7009,1236721121,1236726051,4930
7010,1236721524,1236726582,5058
7011,1236722070,1236727419,5349
7012,1236722910,1236727726,4816
7013,1236723587,1236728669,5082
7014,1236724665,1236729628,4963
7015,1236726051,1236729825,3774
7016,1236726582,1236730806,4224
7017,1236727419,1236731177,3758
7018,1236727726,1236732190,4464
7019,1236728669,1236733177,4508
7020,1236729628,1236734019,4391
7021,1236729825,1236734448,4623
7022,1236730806,1236734925,4119
7023,1236731177,1236735699,4522
7024,1236732190,1236736771,4581
7025,1236733177,1236738132,4955
7026,1236734019,1236738834,4815
7027,1236734448,1236739038,4590
7028,1236734925,1236739187,4262
7029,1236735699,1236739372,3673
7030,1236736771,1236740223,3452
7031,1236738132,1236741010,2878
7032,1236738834,1236742160,3326
7033,1236739038,1236743605,4567
7034,1236739187,1236743902,4715
7035,1236739372,1236744705,5333
7036,1236740223,1236745551,5328
7037,1236741010,1236746130,5120
7038,1236742160,1236746995,4835
7039,1236743605,1236747546,3941
7040,1236743902,1236747700,3798
7041,1236744705,1236748977,4272
7042,1236745551,1236749959,4408
7043,1236746130,1236751152,5022
7044,1236746995,1236752455,5460
7045,1236747546,1236753364,5818
7046,1236747700,1236754999,7299
7047,1236748977,1236755775,6798
7048,1236749959,1236756476,6517
7049,1236751152,1236757094,5942
7050,1236752455,1236758297,5842
7051,1236753364,1236759474,6110
7052,1236754999,1236760221,5222
7053,1236755775,1236760388,4613
7054,1236756476,1236760623,4147
7055,1236757094,1236760767,3673
7056,1236758297,1236761751,3454
7057,1236759474,1236762053,2579
7058,1236760221,1236762121,1900
7059,1236760388,1236763076,2688
7060,1236760623,1236764338,3715
7061,1236760767,1236765847,5080
7062,1236761751,1236766367,4616
7063,1236762053,1236767770,5717
7064,1236762121,1236767840,5719
7065,1236763076,1236769178,6102
7066,1236764338,1236770779,6441
7067,1236765847,1236771534,5687
7068,1236766367,1236771799,5432
7069,1236767770,1236772240,4470
7070,1236767840,1236772940,5100
7071,1236769178,1236773364,4186
7072,1236770779,1236773839,3060
7073,1236771534,1236774780,3246
7074,1236771799,1236774833,3034
7075,1236772240,1236775243,3003
7076,1236772940,1236776299,3359
7077,1236773364,1236777455,4091
7078,1236773839,1236778555,4716
7079,1236774780,1236779199,4419
7080,1236774833,1236780229,5396
7081,1236775243,1236780894,5651
7082,1236776299,1236782333,6034
7083,1236777455,1236782852,5397
7084,1236778555,1236783837,5282
7085,1236779199,1236785536,6337
7086,1236780229,1236785941,5712
7087,1236780894,1236787338,6444
7088,1236782333,1236787661,5328
7089,1236782852,1236788846,5994
7090,1236783837,1236789690,5853
7091,1236785536,1236791239,5703
7092,1236785941,1236792275,6334
7093,1236787338,1236793558,6220
7094,1236787661,1236794785,7124
7095,1236788846,1236795148,6302
7096,1236789690,1236796183,6493
7097,1236791239,1236796286,5047
7098,1236792275,1236796379,4104
7099,1236793558,1236796664,3106
7100,1236794785,1236797719,2934
7101,1236795148,1236797847,2699
7102,1236796183,1236798170,1987
7103,1236796286,1236798900,2614
7104,1236796379,1236800214,3835
7105,1236796664,1236800760,4096
7106,1236797719,1236801772,4053
7107,1236797847,1236802826,4979
7108,1236798170,1236804211,6041
7109,1236798900,1236804929,6029
7110,1236800214,1236805653,5439
7111,1236800760,1236806079,5319
7112,1236801772,1236807549,5777
7113,1236802826,1236807915,5089
7114,1236804211,1236808188,3977
7115,1236804929,1236809452,4523
7116,1236805653,1236809502,3849
7117,1236806079,1236810203,4124
7118,1236807549,1236810293,2744
7119,1236807915,1236810552,2637
7120,1236808188,1236810934,2746
7121,1236809452,1236812044,2592
7122,1236809502,1236812496,2994
7123,1236810203,1236813090,2887
7124,1236810293,1236814295,4002
7125,1236810552,1236814684,4132
7126,1236810934,1236815266,4332
7127,1236812044,1236815944,3900
7128,1236812496,1236816460,3964
7129,1236813090,1236816971,3881
7130,1236814295,1236817091,2796
7131,1236814684,1236818777,4093
7132,1236815266,1236819294,4028
7133,1236815944,1236819393,3449
7134,1236816460,1236819598,3138
7135,1236816971,1236821174,4203
7136,1236817091,1236822354,5263
7137,1236818777,1236823103,4326
7138,1236819294,1236824275,4981
7139,1236819393,1236825290,5897
7140,1236819598,1236826031,6433
7141,1236821174,1236827200,6026
7142,1236822354,1236828693,6339
7143,1236823103,1236829777,6674
7144,1236824275,1236830336,6061
7145,1236825290,1236831701,6411
7146,1236826031,1236833065,7034
7147,1236827200,1236833999,6799
7148,1236828693,1236834392,5699
7149,1236829777,1236835826,6049
7150,1236830336,1236836240,5904
7151,1236831701,1236837019,5318
7152,1236833065,1236837115,4050
7153,1236833999,1236837985,3986
7154,1236834392,1236838194,3802
7155,1236835826,1236838418,2592
7156,1236836240,1236838922,2682
7157,1236837019,1236839544,2525
7158,1236837115,1236840345,3230
7159,1236837985,1236840630,2645
7160,1236838194,1236841927,3733
7161,1236838418,1236842310,3892
7162,1236838922,1236842481,3559
7163,1236839544,1236843256,3712
7164,1236840345,1236844246,3901
7165,1236840630,1236845521,4891
7166,1236841927,1236846569,4642
7167,1236842310,1236846778,4468
7168,1236842481,1236847763,5282
7169,1236843256,1236847894,4638
7170,1236844246,1236848303,4057
7171,1236845521,1236848839,3318
7172,1236846569,1236850382,3813
7173,1236846778,1236851370,4592
7174,1236847763,1236852016,4253
7175,1236847894,1236853400,5506
7176,1236848303,1236853973,5670
7177,1236848839,1236854095,5256
7178,1236850382,1236854934,4552
7179,1236851370,1236855597,4227
7180,1236852016,1236856503,4487
7181,1236853400,1236856935,3535
7182,1236853973,1236858206,4233
7183,1236854095,1236858767,4672
7184,1236854934,1236859196,4262
7185,1236855597,1236859508,3911
7186,1236856503,1236859644,3141
7187,1236856935,1236860584,3649
7188,1236858206,1236861112,2906
7189,1236858767,1236862311,3544
7190,1236859196,1236863469,4273
7191,1236859508,1236863937,4429
7192,1236859644,1236864206,4562
7193,1236860584,1236864572,3988
7194,1236861112,1236864895,3783
7195,1236862311,1236865020,2709
7196,1236863469,1236866232,2763
7197,1236863937,1236867576,3639
7198,1236864206,1236868963,4757
7199,1236864572,1236870162,5590
7200,1236864895,1236870305,5410
7201,1236865020,1236871284,6264
7202,1236866232,1236872620,6388
7203,1236867576,1236873359,5783
7204,1236868963,1236873515,4552
7205,1236870162,1236874296,4134
7206,1236870305,1236874499,4194
7207,1236871284,1236875911,4627
7208,1236872620,1236876874,4254
7209,1236873359,1236878290,4931
7210,1236873515,1236879547,6032
7211,1236874296,1236880702,6406
7212,1236874499,1236880777,6278
7213,1236875911,1236881631,5720
7214,1236876874,1236881994,5120
7215,1236878290,1236882570,4280
7216,1236879547,1236882878,3331
7217,1236880702,1236883381,2679
7218,1236880777,1236884680,3903
7219,1236881631,1236885543,3912
7220,1236881994,1236886030,4036
7221,1236882570,1236886482,3912
7222,1236882878,1236887337,4459
7223,1236883381,1236888516,5135
7224,1236884680,1236888879,4199
7225,1236885543,1236889116,3573
7226,1236886030,1236890383,4353
7227,1236886482,1236890477,3995
7228,1236887337,1236891607,4270
7229,1236888516,1236891954,3438
7230,1236888879,1236893217,4338
7231,1236889116,1236893532,4416
7232,1236890383,1236893569,3186
7233,1236890477,1236893955,3478
7234,1236891607,1236894784,3177
7235,1236891954,1236895515,3561
7236,1236893217,1236895836,2619
7237,1236893532,1236896156,2624
7238,1236893569,1236896885,3316
7239,1236893955,1236897879,3924
7240,1236894784,1236898533,3749
7241,1236895515,1236899061,3546
7242,1236895836,1236899722,3886
7243,1236896156,1236900550,4394
7244,1236896885,1236900569,3684
7245,1236897879,1236901849,3970
7246,1236898533,1236902489,3956
7247,1236899061,1236903677,4616
7248,1236899722,1236905088,5366
7249,1236900550,1236906214,5664
7250,1236900569,1236906620,6051
7251,1236901849,1236908029,6180
7252,1236902489,1236909268,6779
7253,1236903677,1236910557,6880
7254,1236905088,1236910882,5794
7255,1236906214,1236912218,6004
7256,1236906620,1236912561,5941
7257,1236908029,1236914139,6110
7258,1236909268,1236915211,5943
7259,1236910557,1236915849,5292
7260,1236910882,1236916825,5943
7261,1236912218,1236917197,4979
7262,1236912561,1236918729,6168
7263,1236914139,1236919831,5692
7264,1236915211,1236919845,4634
7265,1236915849,1236920555,4706
7266,1236916825,1236921512,4687
7267,1236917197,1236922459,5262
7268,1236918729,1236923060,4331
7269,1236919831,1236923121,3290
7270,1236919845,1236923895,4050
7271,1236920555,1236924330,3775
7272,1236921512,1236924771,3259
7273,1236922459,1236925488,3029
7274,1236923060,1236926239,3179
7275,1236923121,1236927524,4403
7276,1236923895,1236928953,5058
7277,1236924330,1236929521,5191
7278,1236924771,1236930000,5229
7279,1236925488,1236930810,5322
7280,1236926239,1236931117,4878
7281,1236927524,1236932266,4742
7282,1236928953,1236933090,4137
7283,1236929521,1236934646,5125
7284,1236930000,1236936183,6183
7285,1236930810,1236936747,5937
7286,1236931117,1236937834,6717
7287,1236932266,1236938415,6149
7288,1236933090,1236939172,6082
7289,1236934646,1236940529,5883
7290,1236936183,1236941463,5280
7291,1236936747,1236942562,5815
7292,1236937834,1236942908,5074
7293,1236938415,1236943699,5284
7294,1236939172,1236944258,5086
7295,1236940529,1236945040,4511
7296,1236941463,1236946552,5089
7297,1236942562,1236947434,4872
7298,1236942908,1236948158,5250
7299,1236943699,1236948700,5001
7300,1236944258,1236948776,4518
7301,1236945040,1236949514,4474
7302,1236946552,1236950297,3745
7303,1236947434,1236950397,2963
7304,1236948158,1236951264,3106
7305,1236948700,1236951761,3061
7306,1236948776,1236952094,3318
7307,1236949514,1236952181,2667
7308,1236950297,1236953016,2719
7309,1236950397,1236954375,3978
7310,1236951264,1236954555,3291
7311,1236951761,1236956079,4318
7312,1236952094,1236956707,4613
7313,1236952181,1236957167,4986
7314,1236953016,1236958532,5516
7315,1236954375,1236959851,5476
7316,1236954555,1236960287,5732
7317,1236956079,1236961147,5068
7318,1236956707,1236961236,4529
7319,1236957167,1236961662,4495
7320,1236958532,1236962389,3857
7321,1236959851,1236962812,2961
7322,1236960287,1236963027,2740
7323,1236961147,1236964266,3119
7324,1236961236,1236964659,3423
7325,1236961662,1236965483,3821
7326,1236962389,1236966198,3809
7327,1236962812,1236967087,4275
7328,1236963027,1236968157,5130
7329,1236964266,1236969536,5270
7330,1236964659,1236970733,6074
7331,1236965483,1236971189,5706
7332,1236966198,1236972243,6045
7333,1236967087,1236973004,5917
7334,1236968157,1236973719,5562
7335,1236969536,1236973699,4163
7336,1236970733,1236974184,3451
7337,1236971189,1236975313,4124
7338,1236972243,1236975756,3513
7339,1236973004,1236976882,3878
7340,1236973699,1236977252,3553
7341,1236973719,1236977966,4247
7342,1236974184,1236978766,4582
7343,1236975313,1236978856,3543
7344,1236975756,1236979449,3693
7345,1236976882,1236979937,3055
7346,1236977252,1236980400,3148
7347,1236977966,1236981466,3500
7348,1236978766,1236982707,3941
7349,1236978856,1236983183,4327
7350,1236979449,1236983795,4346
7351,1236979937,1236984156,4219
7352,1236980400,1236984961,4561
7353,1236981466,1236986151,4685
7354,1236982707,1236986277,3570
7355,1236983183,1236986867,3684
7356,1236983795,1236987099,3304
7357,1236984156,1236988151,3995
7358,1236984961,1236988640,3679
7359,1236986151,1236989594,3443
7360,1236986277,1236989963,3686
7361,1236986867,1236990024,3157
7362,1236987099,1236991500,4401
7363,1236988151,1236992781,4630
7364,1236988640,1236993660,5020
7365,1236989594,1236995020,5426
7366,1236989963,1236995048,5085
7367,1236990024,1236996224,6200
7368,1236991500,1236996456,4956
7369,1236992781,1236997673,4892
7370,1236993660,1236997915,4255
7371,1236995020,1236998383,3363
7372,1236995048,1236999172,4124
7373,1236996224,1237000471,4247
7374,1236996456,1237001087,4631
7375,1236997673,1237002361,4688
7376,1236997915,1237002808,4893
7377,1236998383,1237004352,5969
7378,1236999172,1237004832,5660
7379,1237000471,1237004994,4523
7380,1237001087,1237006009,4922
7381,1237002361,1237006716,4355
7382,1237002808,1237007418,4610
7383,1237004352,1237007580,3228
7384,1237004832,1237009093,4261
7385,1237004994,1237009685,4691
7386,1237006009,1237009805,3796
7387,1237006716,1237011107,4391
7388,1237007418,1237012227,4809
7389,1237007580,1237012932,5352
7390,1237009093,1237013824,4731
7391,1237009685,1237015198,5513
7392,1237009805,1237016632,6827
7393,1237011107,1237017665,6558
7394,1237012227,1237017708,5481
7395,1237012932,1237019058,6126
7396,1237013824,1237019815,5991
7397,1237015198,1237020796,5598
7398,1237016632,1237022242,5610
7399,1237017665,1237023435,5770
7400,1237017708,1237024362,6654
7401,1237019058,1237024427,5369
7402,1237019815,1237025058,5243
7403,1237020796,1237025304,4508
7404,1237022242,1237025726,3484
7405,1237023435,1237027204,3769
7406,1237024362,1237028437,4075
7407,1237024427,1237029282,4855
7408,1237025058,1237029691,4633
7409,1237025304,1237030234,4930
7410,1237025726,1237030594,4868
7411,1237027204,1237031738,4534
7412,1237028437,1237032513,4076
7413,1237029282,1237032659,3377
7414,1237029691,1237033702,4011
7415,1237030234,1237034193,3959
7416,1237030594,1237034778,4184
7417,1237031738,1237036166,4428
7418,1237032513,1237036522,4009
7419,1237032659,1237037943,5284
7420,1237033702,1237038682,4980
7421,1237034193,1237039104,4911
7422,1237034778,1237040183,5405
7423,1237036166,1237040943,4777
7424,1237036522,1237041055,4533
7425,1237037943,1237041509,3566
7426,1237038682,1237042181,3499
7427,1237039104,1237043565,4461
7428,1237040183,1237044433,4250
7429,1237040943,1237044876,3933
7430,1237041055,1237045148,4093
7431,1237041509,1237045845,4336
7432,1237042181,1237047347,5166
7433,1237043565,1237048279,4714
7434,1237044433,1237048776,4343
7435,1237044876,1237049576,4700
7436,1237045148,1237050772,5624
7437,1237045845,1237050969,5124
7438,1237047347,1237051760,4413
7439,1237048279,1237052326,4047
7440,1237048776,1237053142,4366
7441,1237049576,1237053254,3678
7442,1237050772,1237053689,2917
7443,1237050969,1237053971,3002
7444,1237051760,1237057527,5767
7445,1237052326,1237058026,5700
7446,1237053142,1237058727,5585
7447,1237053254,1237059535,6281
7448,1237053689,1237060444,6755
7449,1237053971,1237061647,7676
7450,1237057527,1237062209,4682
7451,1237058026,1237062885,4859
7452,1237058727,1237063800,5073
7453,1237059535,1237065291,5756
7454,1237060444,1237066758,6314
7455,1237061647,1237066703,5056
7456,1237062209,1237067318,5109
7457,1237062885,1237068092,5207
7458,1237063800,1237068715,4915
7459,1237065291,1237069334,4043
7460,1237066703,1237070346,3643
7461,1237066758,1237070896,4138
7462,1237067318,1237071542,4224
7463,1237068092,1237072290,4198
7464,1237068715,1237072834,4119
7465,1237069334,1237073337,4003
7466,1237070346,1237073678,3332
7467,1237070896,1237074191,3295
7468,1237071542,1237074910,3368
7469,1237072290,1237076159,3869
7470,1237072834,1237076750,3916
7471,1237073337,1237077111,3774
7472,1237073678,1237077704,4026
7473,1237074191,1237078112,3921
7474,1237074910,1237078791,3881
7475,1237076159,1237079508,3349
7476,1237076750,1237080284,3534
7477,1237077111,1237080364,3253
7478,1237077704,1237080722,3018
7479,1237078112,1237081690,3578
7480,1237078791,1237082254,3463
7481,1237079508,1237082600,3092
7482,1237080284,1237083327,3043
7483,1237080364,1237084197,3833
7484,1237080722,1237084438,3716
7485,1237081690,1237084855,3165
7486,1237082254,1237086244,3990
7487,1237082600,1237086515,3915
7488,1237083327,1237087359,4032
7489,1237084197,1237088257,4060
7490,1237084438,1237089357,4919
7491,1237084855,1237090741,5886
7492,1237086244,1237091890,5646
7493,1237086515,1237092317,5802
7494,1237087359,1237092857,5498
7495,1237088257,1237093357,5100
7496,1237089357,1237094759,5402
7497,1237090741,1237095895,5154
7498,1237091890,1237096575,4685
7499,1237092317,1237096900,4583
7500,1237092857,1237098418,5561
7501,1237093357,1237099030,5673
7502,1237094759,1237099300,4541
7503,1237095895,1237099552,3657
7504,1237096575,1237099997,3422
7505,1237096900,1237101078,4178
7506,1237098418,1237101647,3229
7507,1237099030,1237101895,2865
7508,1237099300,1237102142,2842
7509,1237099552,1237102817,3265
7510,1237099997,1237103802,3805
7511,1237101078,1237104696,3618
7512,1237101647,1237105265,3618
7513,1237101895,1237106406,4511
7514,1237102142,1237106440,4298
7515,1237102817,1237106671,3854
7516,1237103802,1237108155,4353
7517,1237104696,1237109192,4496
7518,1237105265,1237109947,4682
7519,1237106406,1237111008,4602
7520,1237106440,1237111542,5102
7521,1237106671,1237112873,6202
7522,1237108155,1237113739,5584
7523,1237109192,1237113741,4549
7524,1237109947,1237114633,4686
7525,1237111008,1237115970,4962
7526,1237111542,1237116554,5012
7527,1237112873,1237117996,5123
7528,1237113739,1237119287,5548
7529,1237113741,1237120937,7196
7530,1237114633,1237122315,7682
7531,1237115970,1237122907,6937
7532,1237116554,1237124000,7446
7533,1237117996,1237124941,6945
7534,1237119287,1237124967,5680
7535,1237120937,1237125391,4454
7536,1237122315,1237126026,3711
7537,1237122907,1237126612,3705
7538,1237124000,1237127460,3460
7539,1237124941,1237127467,2526
7540,1237124967,1237127842,2875
7541,1237125391,1237129268,3877
7542,1237126026,1237130411,4385
7543,1237126612,1237131407,4795
7544,1237127460,1237132390,4930
7545,1237127467,1237132840,5373
7546,1237127842,1237133162,5320
7547,1237129268,1237133934,4666
7548,1237130411,1237134444,4033
7549,1237131407,1237135050,3643
7550,1237132390,1237136575,4185
7551,1237132840,1237137033,4193
7552,1237133162,1237138109,4947
7553,1237133934,1237139383,5449
7554,1237134444,1237140343,5899
7555,1237135050,1237141192,6142
7556,1237136575,1237141477,4902
7557,1237137033,1237142619,5586
7558,1237138109,1237143010,4901
7559,1237139383,1237144078,4695
7560,1237140343,1237144519,4176
7561,1237141192,1237144968,3776
7562,1237141477,1237145314,3837
7563,1237142619,1237146029,3410
7564,1237143010,1237147530,4520
7565,1237144078,1237147711,3633
7566,1237144519,1237147764,3245
7567,1237144968,1237148238,3270
7568,1237145314,1237148534,3220
7569,1237146029,1237148700,2671
7570,1237147530,1237149068,1538
7571,1237147711,1237149230,1519
7572,1237147764,1237149632,1868
7573,1237148238,1237149849,1611
7574,1237148534,1237150155,1621
7575,1237148700,1237150200,1500
7576,1237149068,1237151420,2352
7577,1237149230,1237152012,2782
7578,1237149632,1237153366,3734
7579,1237149849,1237153512,3663
7580,1237150155,1237154244,4089
7581,1237150200,1237154626,4426
7582,1237151420,1237154724,3304
7583,1237152012,1237154924,2912
7584,1237153366,1237155166,1800
7585,1237153512,1237156253,2741
7586,1237154244,1237157579,3335
7587,1237154626,1237158074,3448
7588,1237154724,1237158260,3536
7589,1237154924,1237159004,4080
7590,1237155166,1237160336,5170
7591,1237156253,1237161358,5105
7592,1237157579,1237161891,4312
7593,1237158074,1237163116,5042
7594,1237158260,1237163638,5378
7595,1237159004,1237164464,5460
7596,1237160336,1237165386,5050
7597,1237161358,1237166903,5545
7598,1237161891,1237167751,5860
7599,1237163116,1237168551,5435
7600,1237163638,1237169025,5387
7601,1237164464,1237169495,5031
7602,1237165386,1237170500,5114
7603,1237166903,1237171294,4391
7604,1237167751,1237172016,4265
7605,1237168551,1237172486,3935
7606,1237169025,1237173614,4589
7607,1237169495,1237174229,4734
7608,1237170500,1237174587,4087
7609,1237171294,1237174843,3549
7610,1237172016,1237174891,2875
7611,1237172486,1237176001,3515
7612,1237173614,1237176562,2948
7613,1237174229,1237176856,2627
7614,1237174587,1237177530,2943
7615,1237174843,1237178183,3340
7616,1237174891,1237179642,4751
7617,1237176001,1237180212,4211
7618,1237176562,1237180437,3875
7619,1237176856,1237180807,3951
7620,1237177530,1237182071,4541
7621,1237178183,1237183496,5313
7622,1237179642,1237184224,4582
7623,1237180212,1237184989,4777
7624,1237180437,1237185950,5513
7625,1237180807,1237186815,6008
7626,1237182071,1237187426,5355
7627,1237183496,1237187650,4154
7628,1237184224,1237188611,4387
7629,1237184989,1237188774,3785
7630,1237185950,1237189736,3786
7631,1237186815,1237189890,3075
7632,1237187426,1237190787,3361
7633,1237187650,1237190786,3136
7634,1237188611,1237191687,3076
7635,1237188774,1237192305,3531
7636,1237189736,1237192401,2665
7637,1237189890,1237193007,3117
7638,1237190786,1237193995,3209
7639,1237190787,1237194816,4029
7640,1237191687,1237195276,3589
7641,1237192305,1237196597,4292
7642,1237192401,1237197365,4964
7643,1237193007,1237198087,5080
7644,1237193995,1237198503,4508
7645,1237194816,1237199022,4206
7646,1237195276,1237199853,4577
7647,1237196597,1237200953,4356
7648,1237197365,1237202060,4695
7649,1237198087,1237202314,4227
7650,1237198503,1237203112,4609
7651,1237199022,1237203246,4224
7652,1237199853,1237203381,3528
7653,1237200953,1237203782,2829
7654,1237202060,1237204990,2930
7655,1237202314,1237205253,2939
7656,1237203112,1237206664,3552
7657,1237203246,1237208041,4795
7658,1237203381,1237209139,5758
7659,1237203782,1237209725,5943
7660,1237204990,1237210399,5409
7661,1237205253,1237210787,5534
7662,1237206664,1237211211,4547
7663,1237208041,1237212611,4570
7664,1237209139,1237212707,3568
7665,1237209725,1237213762,4037
7666,1237210399,1237214259,3860
7667,1237210787,1237215020,4233
7668,1237211211,1237215767,4556
7669,1237212611,1237216178,3567
7670,1237212707,1237216823,4116
7671,1237213762,1237218258,4496
7672,1237214259,1237218777,4518
7673,1237215020,1237219829,4809
7674,1237215767,1237220071,4304
7675,1237216178,1237220808,4630
7676,1237216823,1237221186,4363
7677,1237218258,1237221615,3357
7678,1237218777,1237222503,3726
7679,1237219829,1237223569,3740
7680,1237220071,1237224103,4032
7681,1237220808,1237224519,3711
7682,1237221186,1237224731,3545
7683,1237221615,1237225646,4031
7684,1237222503,1237226778,4275
7685,1237223569,1237227390,3821
7686,1237224103,1237228584,4481
7687,1237224519,1237229098,4579
7688,1237224731,1237229799,5068
7689,1237225646,1237230876,5230
7690,1237226778,1237232392,5614
7691,1237227390,1237233253,5863
7692,1237228584,1237234340,5756
7693,1237229098,1237235380,6282
7694,1237229799,1237236218,6419
7695,1237230876,1237236559,5683
7696,1237232392,1237237474,5082
7697,1237233253,1237237569,4316
7698,1237234340,1237237959,3619
7699,1237235380,1237238422,3042
7700,1237236218,1237239228,3010
7701,1237236559,1237240500,3941
7702,1237237474,1237240784,3310
7703,1237237569,1237241447,3878
7704,1237237959,1237241996,4037
7705,1237238422,1237242849,4427
7706,1237239228,1237243158,3930
7707,1237240500,1237243347,2847
7708,1237240784,1237243874,3090
7709,1237241447,1237244337,2890
7710,1237241996,1237244515,2519
7711,1237242849,1237246037,3188
7712,1237243158,1237247227,4069
7713,1237243347,1237248648,5301
7714,1237243874,1237249527,5653
7715,1237244337,1237250834,6497
7716,1237244515,1237251241,6726
7717,1237246037,1237251986,5949
7718,1237247227,1237253163,5936
7719,1237248648,1237253459,4811
7720,1237249527,1237253632,4105
7721,1237250834,1237254030,3196
7722,1237251241,1237255550,4309
7723,1237251986,1237256020,4034
7724,1237253163,1237256036,2873
7725,1237253459,1237257484,4025
7726,1237253632,1237258169,4537
7727,1237254030,1237258695,4665
7728,1237255550,1237258887,3337
7729,1237256020,1237260272,4252
7730,1237256036,1237260932,4896
7731,1237257484,1237262497,5013
7732,1237258169,1237263537,5368
7733,1237258695,1237264195,5500
7734,1237258887,1237264800,5913
7735,1237260272,1237266087,5815
7736,1237260932,1237266141,5209
7737,1237262497,1237267445,4948
7738,1237263537,1237268033,4496
7739,1237264195,1237268995,4800
7740,1237264800,1237270470,5670
7741,1237266087,1237270938,4851
7742,1237266141,1237271838,5697
7743,1237267445,1237272704,5259
7744,1237268033,1237273273,5240
7745,1237268995,1237273820,4825
7746,1237270470,1237273911,3441
7747,1237270938,1237275120,4182
7748,1237271838,1237275248,3410
7749,1237272704,1237276544,3840
7750,1237273273,1237277163,3890
7751,1237273820,1237277655,3835
7752,1237273911,1237277951,4040
7753,1237275120,1237278516,3396
7754,1237275248,1237279019,3771
7755,1237276544,1237280173,3629
7756,1237277163,1237280570,3407
7757,1237277655,1237280798,3143
7758,1237277951,1237281188,3237
7759,1237278516,1237282602,4086
7760,1237279019,1237283848,4829
7761,1237280173,1237285075,4902
7762,1237280570,1237285593,5023
7763,1237280798,1237287085,6287
7764,1237281188,1237287881,6693
7765,1237282602,1237289041,6439
7766,1237283848,1237289885,6037
7767,1237285075,1237290571,5496
7768,1237285593,1237291116,5523
7769,1237287085,1237292127,5042
7770,1237287881,1237292993,5112
7771,1237289041,1237294335,5294
7772,1237289885,1237294395,4510
7773,1237290571,1237294513,3942
7774,1237291116,1237294768,3652
7775,1237292127,1237295437,3310
7776,1237292993,1237295601,2608
7777,1237294335,1237296120,1785
7778,1237294395,1237297051,2656
7779,1237294513,1237297700,3187
7780,1237294768,1237298369,3601
7781,1237295437,1237298756,3319
7782,1237295601,1237299491,3890
7783,1237296120,1237300745,4625
7784,1237297051,1237301536,4485
7785,1237297700,1237301722,4022
7786,1237298369,1237302231,3862
7787,1237298756,1237302684,3928
7788,1237299491,1237302788,3297
7789,1237300745,1237303328,2583
7790,1237301536,1237303745,2209
7791,1237301722,1237304817,3095
7792,1237302231,1237306278,4047
7793,1237302684,1237307800,5116
7794,1237302788,1237309062,6274
7795,1237303328,1237309572,6244
7796,1237303745,1237310041,6296
7797,1237304817,1237311113,6296
7798,1237306278,1237311626,5348
7799,1237307800,1237313260,5460
7800,1237309062,1237313789,4727
7801,1237309572,1237314158,4586
7802,1237310041,1237315289,5248
7803,1237311113,1237315696,4583
7804,1237311626,1237316061,4435
7805,1237313260,1237316368,3108
7806,1237313789,1237317681,3892
7807,1237314158,1237318558,4400
7808,1237315289,1237318927,3638
7809,1237315696,1237319685,3989
7810,1237316061,1237320827,4766
7811,1237316368,1237320961,4593
7812,1237317681,1237322302,4621
7813,1237318558,1237323185,4627
7814,1237318927,1237323675,4748
7815,1237319685,1237323845,4160
7816,1237320827,1237325058,4231
7817,1237320961,1237326560,5599
7818,1237322302,1237327880,5578
7819,1237323185,1237328880,5695
7820,1237323675,1237329988,6313
7821,1237323845,1237330157,6312
7822,1237325058,1237330489,5431
7823,1237326560,1237331367,4807
7824,1237327880,1237332658,4778
7825,1237328880,1237333200,4320
7826,1237329988,1237334123,4135
7827,1237330157,1237335423,5266
7828,1237330489,1237335756,5267
7829,1237331367,1237335972,4605
7830,1237332658,1237336418,3760
7831,1237333200,1237336742,3542
7832,1237334123,1237337229,3106
7833,1237335423,1237337842,2419
7834,1237335756,1237338534,2778
7835,1237335972,1237339225,3253
7836,1237336418,1237340506,4088
7837,1237336742,1237341969,5227
7838,1237337229,1237342854,5625
7839,1237337842,1237343523,5681
7840,1237338534,1237343952,5418
7841,1237339225,1237345285,6060
7842,1237340506,1237346771,6265
7843,1237341969,1237347241,5272
7844,1237342854,1237347983,5129
7845,1237343523,1237348102,4579
7846,1237343952,1237348572,4620
7847,1237345285,1237349054,3769
7848,1237346771,1237349605,2834
7849,1237347241,1237350058,2817
7850,1237347983,1237351050,3067
7851,1237348102,1237351435,3333
7852,1237348572,1237351788,3216
7853,1237349054,1237351949,2895
7854,1237349605,1237353473,3868
7855,1237350058,1237354767,4709
7856,1237351050,1237355248,4198
7857,1237351435,1237356343,4908
7858,1237351788,1237356799,5011
7859,1237351949,1237357455,5506
7860,1237353473,1237358782,5309
7861,1237354767,1237359245,4478
7862,1237355248,1237360568,5320
7863,1237356343,1237361920,5577
7864,1237356799,1237362504,5705
7865,1237357455,1237363177,5722
7866,1237358782,1237364286,5504
7867,1237359245,1237365547,6302
7868,1237360568,1237365984,5416
7869,1237361920,1237367109,5189
7870,1237362504,1237367207,4703
7871,1237363177,1237368366,5189
7872,1237364286,1237369759,5473
7873,1237365547,1237370853,5306
7874,1237365984,1237372330,6346
7875,1237367109,1237373359,6250
7876,1237367207,1237374743,7536
7877,1237368366,1237375553,7187
7878,1237369759,1237375660,5901
7879,1237370853,1237376784,5931
7880,1237372330,1237378068,5738
7881,1237373359,1237378208,4849
7882,1237374743,1237379007,4264
7883,1237375553,1237380526,4973
7884,1237375660,1237380767,5107
7885,1237376784,1237381143,4359
7886,1237378068,1237381737,3669
7887,1237378208,1237381881,3673
7888,1237379007,1237382190,3183
7889,1237380526,1237382831,2305
7890,1237380767,1237383602,2835
7891,1237381143,1237384458,3315
7892,1237381737,1237384854,3117
7893,1237381881,1237386116,4235
7894,1237382190,1237387303,5113
7895,1237382831,1237387799,4968
7896,1237383602,1237388643,5041
7897,1237384458,1237389815,5357
7898,1237384854,1237390299,5445
7899,1237386116,1237390668,4552
7900,1237387303,1237391631,4328
7901,1237387799,1237392124,4325
7902,1237388643,1237393451,4808
7903,1237389815,1237394873,5058
7904,1237390299,1237396069,5770
7905,1237390668,1237397016,6348
7906,1237391631,1237397432,5801
7907,1237392124,1237399063,6939
7908,1237393451,1237399256,5805
7909,1237394873,1237400082,5209
7910,1237396069,1237400693,4624
7911,1237397016,1237401898,4882
7912,1237397432,1237401943,4511
7913,1237399063,1237402249,3186
7914,1237399256,1237403216,3960
7915,1237400082,1237403387,3305
7916,1237400693,1237403680,2987
7917,1237401898,1237404317,2419
7918,1237401943,1237405433,3490
7919,1237402249,1237406421,4172
7920,1237403216,1237406967,3751
7921,1237403387,1237408582,5195
7922,1237403680,1237409243,5563
7923,1237404317,1237409582,5265
7924,1237405433,1237410288,4855
7925,1237406421,1237410756,4335
7926,1237406967,1237412019,5052
7927,1237408582,1237413491,4909
7928,1237409243,1237414322,5079
7929,1237409582,1237414481,4899
7930,1237410288,1237414506,4218
7931,1237410756,1237414851,4095
7932,1237412019,1237414996,2977
7933,1237413491,1237415494,2003
7934,1237414322,1237416090,1768
7935,1237414481,1237416421,1940
7936,1237414506,1237417527,3021
7937,1237414851,1237418121,3270
7938,1237414996,1237419019,4023
7939,1237415494,1237419496,4002
7940,1237416090,1237420540,4450
7941,1237416421,1237421298,4877
7942,1237417527,1237422088,4561
7943,1237418121,1237422408,4287
7944,1237419019,1237423549,4530
7945,1237419496,1237423733,4237
7946,1237420540,1237423952,3412
7947,1237421298,1237424491,3193
7948,1237422088,1237425914,3826
7949,1237422408,1237425950,3542
7950,1237423549,1237427295,3746
7951,1237423733,1237428319,4586
7952,1237423952,1237428473,4521
7953,1237424491,1237429268,4777
7954,1237425914,1237429842,3928
7955,1237425950,1237430903,4953
7956,1237427295,1237431578,4283
7957,1237428319,1237431932,3613
7958,1237428473,1237432294,3821
7959,1237429268,1237433787,4519
7960,1237429842,1237434604,4762
7961,1237430903,1237435230,4327
7962,1237431578,1237436715,5137
7963,1237431932,1237436909,4977
7964,1237432294,1237437011,4717
7965,1237433787,1237437257,3470
7966,1237434604,1237438421,3817
7967,1237435230,1237438973,3743
7968,1237436715,1237440451,3736
7969,1237436909,1237441615,4706
7970,1237437011,1237441990,4979
7971,1237437257,1237442500,5243
7972,1237438421,1237443203,4782
7973,1237438973,1237443991,5018
7974,1237440451,1237444992,4541
7975,1237441615,1237445557,3942
7976,1237441990,1237445649,3659
7977,1237442500,1237445941,3441
7978,1237443203,1237446439,3236
7979,1237443991,1237447027,3036
7980,1237444992,1237447605,2613
7981,1237445557,1237448211,2654
7982,1237445649,1237449142,3493
7983,1237445941,1237450145,4204
7984,1237446439,1237450610,4171
7985,1237447027,1237451454,4427
7986,1237447605,1237452527,4922
7987,1237448211,1237453754,5543
7988,1237449142,1237454309,5167
7989,1237450145,1237454419,4274
7990,1237450610,1237455683,5073
7991,1237451454,1237457185,5731
7992,1237452527,1237457997,5470
7993,1237453754,1237458590,4836
7994,1237454309,1237459871,5562
7995,1237454419,1237459978,5559
7996,1237455683,1237460784,5101
7997,1237457185,1237460868,3683
7998,1237457997,1237461111,3114
7999,1237458590,1237461110,2520
8000,1237459871,1237461258,1387
8001,1237459978,1237461630,1652
8002,1237460784,1237462770,1986
8003,1237460868,1237463154,2286
8004,1237461110,1237463240,2130
8005,1237461111,1237464535,3424
8006,1237461258,1237464782,3524
8007,1237461630,1237465488,3858
8008,1237462770,1237466350,3580
8009,1237463154,1237466596,3442
8010,1237463240,1237467901,4661
8011,1237464535,1237469010,4475
8012,1237464782,1237470700,5918
8013,1237465488,1237471985,6497
8014,1237466350,1237472319,5969
8015,1237466596,1237473642,7046
8016,1237467901,1237474979,7078
8017,1237469010,1237475002,5992
8018,1237470700,1237475633,4933
8019,1237471985,1237475917,3932
8020,1237472319,1237476808,4489
8021,1237473642,1237477510,3868
8022,1237474979,1237478831,3852
8023,1237475002,1237479360,4358
8024,1237475633,1237480546,4913
8025,1237475917,1237480753,4836
8026,1237476808,1237481978,5170
8027,1237477510,1237483362,5852
8028,1237478831,1237483905,5074
8029,1237479360,1237484346,4986
8030,1237480546,1237484890,4344
8031,1237480753,1237486244,5491
8032,1237481978,1237486650,4672
8033,1237483362,1237487462,4100
8034,1237483905,1237487835,3930
8035,1237484346,1237488527,4181
8036,1237484890,1237489177,4287
8037,1237486244,1237489443,3199
8038,1237486650,1237489622,2972
8039,1237487462,1237490088,2626
8040,1237487835,1237490056,2221
8041,1237488527,1237490206,1679
8042,1237489177,1237490718,1541
8043,1237489443,1237491335,1892
8044,1237489622,1237492008,2386
8045,1237490056,1237492406,2350
8046,1237490088,1237493103,3015
8047,1237490206,1237495440,5234
8048,1237490718,1237496715,5997
8049,1237491335,1237497338,6003
8050,1237492008,1237498026,6018
8051,1237492406,1237498787,6381
8052,1237493103,1237498836,5733
8053,1237495440,1237500524,5084
8054,1237496715,1237501238,4523
8055,1237497338,1237501989,4651
8056,1237498026,1237503079,5053
8057,1237498787,1237503789,5002
8058,1237498836,1237505139,6303
8059,1237500524,1237505533,5009
8060,1237501238,1237505984,4746
8061,1237501989,1237506125,4136
8062,1237503079,1237506696,3617
8063,1237503789,1237507400,3611
8064,1237505139,1237508786,3647
8065,1237505533,1237509198,3665
8066,1237505984,1237510095,4111
8067,1237506125,1237510277,4152
8068,1237506696,1237511766,5070
8069,1237507400,1237512280,4880
8070,1237508786,1237512837,4051
8071,1237509198,1237513405,4207
8072,1237510095,1237513675,3580
8073,1237510277,1237514086,3809
8074,1237511766,1237514165,2399
8075,1237512280,1237514300,2020
8076,1237512837,1237514510,1673
8077,1237513405,1237515179,1774
8078,1237513675,1237515828,2153
8079,1237514086,1237516442,2356
8080,1237514165,1237517048,2883
8081,1237514300,1237517771,3471
8082,1237514510,1237518329,3819
8083,1237515179,1237519789,4610
8084,1237515828,1237520166,4338
8085,1237516442,1237520548,4106
8086,1237517048,1237520677,3629
8087,1237517771,1237521615,3844
8088,1237518329,1237522329,4000
8089,1237519789,1237522927,3138
8090,1237520166,1237522951,2785
8091,1237520548,1237524426,3878
8092,1237520677,1237525774,5097
8093,1237521615,1237526777,5162
8094,1237522329,1237527524,5195
8095,1237522927,1237528388,5461
8096,1237522951,1237528536,5585
8097,1237524426,1237529116,4690
8098,1237525774,1237529559,3785
8099,1237526777,1237530425,3648
8100,1237527524,1237531841,4317
8101,1237528388,1237532923,4535
8102,1237528536,1237533786,5250
8103,1237529116,1237533945,4829
8104,1237529559,1237535106,5547
8105,1237530425,1237535743,5318
8106,1237531841,1237536094,4253
8107,1237532923,1237537344,4421
8108,1237533786,1237537357,3571
8109,1237533945,1237538067,4122
8110,1237535106,1237539081,3975
8111,1237535743,1237539463,3720
8112,1237536094,1237539858,3764
8113,1237537344,1237540531,3187
8114,1237537357,1237541073,3716
8115,1237538067,1237541235,3168
8116,1237539081,1237542025,2944
8117,1237539463,1237543446,3983
8118,1237539858,1237544868,5010
8119,1237540531,1237546450,5919
8120,1237541073,1237547472,6399
8121,1237541235,1237547800,6565
8122,1237542025,1237548874,6849
8123,1237543446,1237549560,6114
8124,1237544868,1237550176,5308
8125,1237546450,1237551718,5268
8126,1237547472,1237552348,4876
8127,1237547800,1237553510,5710
8128,1237548874,1237553648,4774
8129,1237549560,1237554306,4746
8130,1237550176,1237555020,4844
8131,1237551718,1237555586,3868
8132,1237552348,1237556273,3925
8133,1237553510,1237557348,3838
8134,1237553648,1237558433,4785
8135,1237554306,1237559507,5201
8136,1237555020,1237560792,5772
8137,1237555586,1237561411,5825
8138,1237556273,1237562104,5831
8139,1237557348,1237562656,5308
8140,1237558433,1237563913,5480
8141,1237559507,1237565193,5686
8142,1237560792,1237566564,5772
8143,1237561411,1237567953,6542
8144,1237562104,1237568809,6705
8145,1237562656,1237569108,6452
8146,1237563913,1237569631,5718
8147,1237565193,1237571092,5899
8148,1237566564,1237572248,5684
8149,1237567953,1237572805,4852
8150,1237568809,1237574048,5239
8151,1237569108,1237574767,5659
8152,1237569631,1237574905,5274
8153,1237571092,1237575475,4383
8154,1237572248,1237575723,3475
8155,1237572805,1237576178,3373
8156,1237574048,1237576328,2280
8157,1237574767,1237577090,2323
8158,1237574905,1237577592,2687
8159,1237575475,1237578083,2608
8160,1237575723,1237578402,2679
8161,1237576178,1237579124,2946
8162,1237576328,1237580446,4118
8163,1237577090,1237580846,3756
8164,1237577592,1237581649,4057
8165,1237578083,1237583103,5020
8166,1237578402,1237583761,5359
8167,1237579124,1237584291,5167
8168,1237580446,1237585578,5132
8169,1237580846,1237585625,4779
8170,1237581649,1237586514,4865
8171,1237583103,1237587086,3983
8172,1237583761,1237587138,3377
8173,1237584291,1237587318,3027
8174,1237585578,1237588249,2671
8175,1237585625,1237588855,3230
8176,1237586514,1237590312,3798
8177,1237587086,1237590923,3837
8178,1237587138,1237591522,4384
8179,1237587318,1237592073,4755
8180,1237588249,1237592618,4369
8181,1237588855,1237593962,5107
8182,1237590312,1237594363,4051
8183,1237590923,1237595136,4213
8184,1237591522,1237595396,3874
8185,1237592073,1237595442,3369
8186,1237592618,1237596610,3992
8187,1237593962,1237597185,3223
8188,1237594363,1237597599,3236
8189,1237595136,1237598702,3566
8190,1237595396,1237598869,3473
8191,1237595442,1237599789,4347
8192,1237596610,1237600863,4253
8193,1237597185,1237601038,3853
8194,1237597599,1237601169,3570
8195,1237598702,1237602179,3477
8196,1237598869,1237603427,4558
8197,1237599789,1237604556,4767
8198,1237600863,1237605024,4161
8199,1237601038,1237605808,4770
8200,1237601169,1237606174,5005
8201,1237602179,1237606827,4648
8202,1237603427,1237607336,3909
8203,1237604556,1237607859,3303
8204,1237605024,1237608445,3421
8205,1237605808,1237608936,3128
8206,1237606174,1237609217,3043
8207,1237606827,1237609292,2465
8208,1237607336,1237610181,2845
8209,1237607859,1237611598,3739
8210,1237608445,1237611952,3507
8211,1237608936,1237623395,14459
8212,1237609217,1237624436,15219
8213,1237609292,1237625491,16199
8214,1237610181,1237627594,17413
8215,1237611598,1237628258,16660
8216,1237611952,1237633258,21306
8217,1237623395,1237634024,10629
8218,1237624436,1237634142,9706
8219,1237625491,1237636847,11356
8220,1237627594,1237638899,11305
8221,1237628258,1237639653,11395
8222,1237633258,1237640366,7108
8223,1237634024,1237646787,12763
8224,1237634142,1237646887,12745
8225,1237636847,1237647071,10224
8226,1237638899,1237657580,18681
8227,1237639653,1237663763,24110
8228,1237640366,1237664432,24066
8229,1237646787,1237669430,22643
8230,1237646887,1237670411,23524
8231,1237647071,1237683291,36220
8232,1237657580,1237684227,26647
8233,1237663763,1237685587,21824
8234,1237664432,1237687002,22570
8235,1237669430,1237687241,17811
8236,1237670411,1237687832,17421
8237,1237683291,1237688416,5125
8238,1237684227,1237689122,4895
8239,1237685587,1237689727,4140
8240,1237687002,1237689723,2721
8241,1237687241,1237690877,3636
8242,1237687832,1237691467,3635
8243,1237688416,1237691974,3558
8244,1237689122,1237692012,2890
8245,1237689723,1237692191,2468
8246,1237689727,1237693162,3435
8247,1237690877,1237694692,3815
8248,1237691467,1237695965,4498
8249,1237691974,1237696791,4817
8250,1237692012,1237698040,6028
8251,1237692191,1237698145,5954
8252,1237693162,1237698826,5664
8253,1237694692,1237699519,4827
8254,1237695965,1237699937,3972
8255,1237696791,1237700289,3498
8256,1237698040,1237701116,3076
8257,1237698145,1237701347,3202
8258,1237698826,1237701983,3157
8259,1237699519,1237703036,3517
8260,1237699937,1237704472,4535
8261,1237700289,1237704882,4593
8262,1237701116,1237706308,5192
8263,1237701347,1237707037,5690
8264,1237701983,1237707499,5516
8265,1237703036,1237708652,5616
8266,1237704472,1237709596,5124
8267,1237704882,1237710806,5924
8268,1237706308,1237711624,5316
8269,1237707037,1237712466,5429
8270,1237707499,1237713823,6324
8271,1237708652,1237714277,5625
8272,1237709596,1237714661,5065
8273,1237710806,1237714854,4048
8274,1237711624,1237715514,3890
8275,1237712466,1237716347,3881
8276,1237713823,1237716828,3005
8277,1237714277,1237717640,3363
8278,1237714661,1237718246,3585
8279,1237714854,1237718215,3361
8280,1237715514,1237719015,3501
8281,1237716347,1237719811,3464
8282,1237716828,1237720501,3673
8283,1237717640,1237720678,3038
8284,1237718215,1237721645,3430
8285,1237718246,1237721908,3662
8286,1237719015,1237722132,3117
8287,1237719811,1237723000,3189
8288,1237720501,1237724013,3512
8289,1237720678,1237724072,3394
8290,1237721645,1237724240,2595
8291,1237721908,1237724458,2550
8292,1237722132,1237724839,2707
8293,1237723000,1237724936,1936
8294,1237724013,1237726488,2475
8295,1237724072,1237727257,3185
8296,1237724240,1237727656,3416
8297,1237724458,1237728629,4171
8298,1237724839,1237728756,3917
8299,1237724936,1237729841,4905
8300,1237726488,1237730069,3581
8301,1237727257,1237730902,3645
8302,1237727656,1237731384,3728
8303,1237728629,1237731860,3231
8304,1237728756,1237733245,4489
8305,1237729841,1237733282,3441
8306,1237730069,1237734285,4216
8307,1237730902,1237735421,4519
8308,1237731384,1237735545,4161
8309,1237731860,1237735884,4024
8310,1237733245,1237736630,3385
8311,1237733282,1237737028,3746
8312,1237734285,1237737805,3520
8313,1237735421,1237737936,2515
8314,1237735545,1237738682,3137
8315,1237735884,1237739482,3598
8316,1237736630,1237739784,3154
8317,1237737028,1237740266,3238
8318,1237737805,1237741179,3374
8319,1237737936,1237742554,4618
8320,1237738682,1237743597,4915
8321,1237739482,1237744453,4971
8322,1237739784,1237745716,5932
8323,1237740266,1237746756,6490
8324,1237741179,1237746966,5787
8325,1237742554,1237748530,5976
8326,1237743597,1237749091,5494
8327,1237744453,1237750066,5613
8328,1237745716,1237751334,5618
8329,1237746756,1237751606,4850
8330,1237746966,1237752696,5730
8331,1237748530,1237753847,5317
8332,1237749091,1237754626,5535
8333,1237750066,1237755439,5373
8334,1237751334,1237755664,4330
8335,1237751606,1237756363,4757
8336,1237752696,1237757271,4575
8337,1237753847,1237758783,4936
8338,1237754626,1237758776,4150
8339,1237755439,1237758875,3436
8340,1237755664,1237759194,3530
8341,1237756363,1237759823,3460
8342,1237757271,1237759931,2660
8343,1237758776,1237760405,1629
8344,1237758783,1237761362,2579
8345,1237758875,1237762329,3454
8346,1237759194,1237762919,3725
8347,1237759823,1237763466,3643
8348,1237759931,1237764203,4272
8349,1237760405,1237765679,5274
8350,1237761362,1237766777,5415
8351,1237762329,1237767710,5381
8352,1237762919,1237768336,5417
8353,1237763466,1237769887,6421
8354,1237764203,1237771346,7143
8355,1237765679,1237771947,6268
8356,1237766777,1237772179,5402
8357,1237767710,1237772145,4435
8358,1237768336,1237772159,3823
8359,1237769887,1237772804,2917
8360,1237771346,1237773655,2309
8361,1237771947,1237774023,2076
8362,1237772145,1237775281,3136
8363,1237772159,1237775444,3285
8364,1237772179,1237776427,4248
8365,1237772804,1237777832,5028
8366,1237773655,1237778447,4792
8367,1237774023,1237778740,4717
8368,1237775281,1237779385,4104
8369,1237775444,1237779545,4101
8370,1237776427,1237779797,3370
8371,1237777832,1237780095,2263
8372,1237778447,1237780245,1798
8373,1237778740,1237780592,1852
8374,1237779385,1237781620,2235
8375,1237779545,1237782052,2507
8376,1237779797,1237783082,3285
8377,1237780095,1237784124,4029
8378,1237780245,1237784824,4579
8379,1237780592,1237786183,5591
8380,1237781620,1237786586,4966
8381,1237782052,1237787540,5488
8382,1237783082,1237789039,5957
8383,1237784124,1237789101,4977
8384,1237784824,1237790027,5203
8385,1237786183,1237790544,4361
8386,1237786586,1237791134,4548
8387,1237787540,1237792410,4870
8388,1237789039,1237793192,4153
8389,1237789101,1237794097,4996
8390,1237790027,1237795123,5096
8391,1237790544,1237795438,4894
8392,1237791134,1237795554,4420
8393,1237792410,1237796108,3698
8394,1237793192,1237796542,3350
8395,1237794097,1237797117,3020
8396,1237795123,1237798261,3138
8397,1237795438,1237798644,3206
8398,1237795554,1237798699,3145
8399,1237796108,1237799185,3077
8400,1237796542,1237799678,3136
8401,1237797117,1237799866,2749
8402,1237798261,1237800192,1931
8403,1237798644,1237800687,2043
8404,1237798699,1237801283,2584
8405,1237799185,1237801958,2773
8406,1237799678,1237802792,3114
8407,1237799866,1237803518,3652
8408,1237800192,1237804507,4315
8409,1237800687,1237805372,4685
8410,1237801283,1237806749,5466
8411,1237801958,1237807245,5287
8412,1237802792,1237807851,5059
8413,1237803518,1237809089,5571
8414,1237804507,1237809363,4856
8415,1237805372,1237810435,5063
8416,1237806749,1237810532,3783
8417,1237807245,1237810696,3451
8418,1237807851,1237811312,3461
8419,1237809089,1237811783,2694
8420,1237809363,1237812180,2817
8421,1237810435,1237812760,2325
8422,1237810532,1237813348,2816
8423,1237810696,1237813723,3027
8424,1237811312,1237814216,2904
8425,1237811783,1237814416,2633
8426,1237812180,1237814521,2341
8427,1237812760,1237815425,2665
8428,1237813348,1237815453,2105
8429,1237813723,1237817001,3278
8430,1237814216,1237817015,2799
8431,1237814416,1237817560,3144
8432,1237814521,1237819101,4580
8433,1237815425,1237819474,4049
8434,1237815453,1237820246,4793
8435,1237817001,1237821292,4291
8436,1237817015,1237822173,5158
8437,1237817560,1237822488,4928
8438,1237819101,1237822742,3641
8439,1237819474,1237824167,4693
8440,1237820246,1237824803,4557
8441,1237821292,1237825345,4053
8442,1237822173,1237825742,3569
8443,1237822488,1237826305,3817
8444,1237822742,1237826465,3723
8445,1237824167,1237826929,2762
8446,1237824803,1237827730,2927
8447,1237825345,1237828302,2957
8448,1237825742,1237828393,2651
8449,1237826305,1237829306,3001
8450,1237826465,1237829665,3200
8451,1237826929,1237829680,2751
8452,1237827730,1237830809,3079
8453,1237828302,1237832099,3797
8454,1237828393,1237832772,4379
8455,1237829306,1237833660,4354
8456,1237829665,1237834073,4408
8457,1237829680,1237835104,5424
8458,1237830809,1237835173,4364
8459,1237832099,1237835783,3684
8460,1237832772,1237837306,4534
8461,1237833660,1237838182,4522
8462,1237834073,1237839170,5097
8463,1237835104,1237840358,5254
8464,1237835173,1237840768,5595
8465,1237835783,1237841771,5988
8466,1237837306,1237842233,4927
8467,1237838182,1237843155,4973
8468,1237839170,1237843528,4358
8469,1237840358,1237845109,4751
8470,1237840768,1237846073,5305
8471,1237841771,1237846560,4789
8472,1237842233,1237847070,4837
8473,1237843155,1237847186,4031
8474,1237843528,1237848045,4517
8475,1237845109,1237849029,3920
8476,1237846073,1237849489,3416
8477,1237846560,1237850832,4272
8478,1237847070,1237851528,4458
8479,1237847186,1237852768,5582
8480,1237848045,1237854152,6107
8481,1237849029,1237854780,5751
8482,1237849489,1237855987,6498
8483,1237850832,1237857537,6705
8484,1237851528,1237857951,6423
8485,1237852768,1237859444,6676
8486,1237854152,1237860139,5987
8487,1237854780,1237860632,5852
8488,1237855987,1237860864,4877
8489,1237857537,1237861872,4335
8490,1237857951,1237863291,5340
8491,1237859444,1237864286,4842
8492,1237860139,1237865187,5048
8493,1237860632,1237865928,5296
8494,1237860864,1237866649,5785
8495,1237861872,1237867816,5944
8496,1237863291,1237869220,5929
8497,1237864286,1237870514,6228
8498,1237865187,1237871634,6447
8499,1237865928,1237872281,6353
8500,1237866649,1237872782,6133
8501,1237867816,1237873559,5743
8502,1237869220,1237874197,4977
8503,1237870514,1237874973,4459
8504,1237871634,1237875150,3516
8505,1237872281,1237875660,3379
8506,1237872782,1237876002,3220
8507,1237873559,1237877180,3621
8508,1237874197,1237878633,4436
8509,1237874973,1237879233,4260
8510,1237875150,1237880088,4938
8511,1237875660,1237880589,4929
8512,1237876002,1237880974,4972
8513,1237877180,1237881518,4338
8514,1237878633,1237881898,3265
8515,1237879233,1237883427,4194
8516,1237880088,1237883742,3654
8517,1237880589,1237884617,4028
8518,1237880974,1237885255,4281
8519,1237881518,1237886549,5031
8520,1237881898,1237888070,6172
8521,1237883427,1237889576,6149
8522,1237883742,1237890311,6569
8523,1237884617,1237891152,6535
8524,1237885255,1237892248,6993
8525,1237886549,1237892636,6087
8526,1237888070,1237893530,5460
8527,1237889576,1237894457,4881
8528,1237890311,1237895792,5481
8529,1237891152,1237896244,5092
8530,1237892248,1237896909,4661
8531,1237892636,1237897246,4610
8532,1237893530,1237897786,4256
8533,1237894457,1237897914,3457
8534,1237895792,1237898418,2626
8535,1237896244,1237899041,2797
8536,1237896909,1237899652,2743
8537,1237897246,1237900804,3558
8538,1237897786,1237901233,3447
8539,1237897914,1237901809,3895
8540,1237898418,1237902870,4452
8541,1237899041,1237903797,4756
8542,1237899652,1237905237,5585
8543,1237900804,1237906593,5789
8544,1237901233,1237907688,6455
8545,1237901809,1237908528,6719
8546,1237902870,1237909207,6337
8547,1237903797,1237909996,6199
8548,1237905237,1237910614,5377
8549,1237906593,1237911411,4818
8550,1237907688,1237911985,4297
8551,1237908528,1237913235,4707
8552,1237909207,1237914368,5161
8553,1237909996,1237915394,5398
8554,1237910614,1237916571,5957
8555,1237911411,1237916721,5310
8556,1237911985,1237917220,5235
8557,1237913235,1237917778,4543
8558,1237914368,1237918310,3942
8559,1237915394,1237919540,4146
8560,1237916571,1237919918,3347
8561,1237916721,1237920500,3779
8562,1237917220,1237920852,3632
8563,1237917778,1237920905,3127
8564,1237918310,1237922444,4134
8565,1237919540,1237923515,3975
8566,1237919918,1237924731,4813
8567,1237920500,1237925245,4745
8568,1237920852,1237925868,5016
8569,1237920905,1237926249,5344
8570,1237922444,1237927038,4594
8571,1237923515,1237928021,4506
8572,1237924731,1237928069,3338
8573,1237925245,1237929201,3956
8574,1237925868,1237930128,4260
8575,1237926249,1237931184,4935
8576,1237927038,1237932000,4962
8577,1237928021,1237933547,5526
8578,1237928069,1237933945,5876
8579,1237929201,1237934100,4899
8580,1237930128,1237935073,4945
8581,1237931184,1237936057,4873
8582,1237932000,1237937300,5300
8583,1237933547,1237938471,4924
8584,1237933945,1237938731,4786
8585,1237934100,1237939311,5211
8586,1237935073,1237939764,4691
8587,1237936057,1237940352,4295
8588,1237937300,1237941269,3969
8589,1237938471,1237941598,3127
8590,1237938731,1237943116,4385
8591,1237939311,1237944511,5200
8592,1237939764,1237945408,5644
8593,1237940352,1237946907,6555
8594,1237941269,1237946957,5688
8595,1237941598,1237947708,6110
8596,1237943116,1237947959,4843
8597,1237944511,1237948208,3697
8598,1237945408,1237948877,3469
8599,1237946907,1237949538,2631
8600,1237946957,1237950437,3480
8601,1237947708,1237951921,4213
8602,1237947959,1237951980,4021
8603,1237948208,1237952941,4733
8604,1237948877,1237953285,4408
8605,1237949538,1237953356,3818
8606,1237950437,1237953842,3405
8607,1237951921,1237954727,2806
8608,1237951980,1237955637,3657
8609,1237952941,1237956321,3380
8610,1237953285,1237956667,3382
8611,1237953356,1237957434,4078
8612,1237953842,1237958006,4164
8613,1237954727,1237958956,4229
8614,1237955637,1237959374,3737
8615,1237956321,1237959793,3472
8616,1237956667,1237960199,3532
8617,1237957434,1237961205,3771
8618,1237958006,1237961822,3816
8619,1237958956,1237962904,3948
8620,1237959374,1237963794,4420
8621,1237959793,1237964234,4441
8622,1237960199,1237965079,4880
8623,1237961205,1237965731,4526
8624,1237961822,1237966225,4403
8625,1237962904,1237966838,3934
8626,1237963794,1237966807,3013
8627,1237964234,1237967434,3200
8628,1237965079,1237967600,2521
8629,1237965731,1237968741,3010
8630,1237966225,1237969449,3224
8631,1237966807,1237969934,3127
8632,1237966838,1237970391,3553
8633,1237967434,1237970877,3443
8634,1237967600,1237971144,3544
8635,1237968741,1237972411,3670
8636,1237969449,1237973774,4325
8637,1237969934,1237974029,4095
8638,1237970391,1237974753,4362
8639,1237970877,1237975364,4487
8640,1237971144,1237976389,5245
8641,1237972411,1237977223,4812
8642,1237973774,1237978133,4359
8643,1237974029,1237979006,4977
8644,1237974753,1237980377,5624
8645,1237975364,1237982260,6896
8646,1237976389,1237982526,6137
8647,1237977223,1237982655,5432
8648,1237978133,1237983315,5182
8649,1237979006,1237985293,6287
8650,1237980377,1237986732,6355
8651,1237982260,1237987491,5231
8652,1237982526,1237987658,5132
8653,1237982655,1237988293,5638
8654,1237983315,1237989049,5734
8655,1237985293,1237989227,3934
8656,1237986732,1237990046,3314
8657,1237987491,1237990585,3094
8658,1237987658,1237991226,3568
8659,1237988293,1237992715,4422
8660,1237989049,1237992915,3866
8661,1237989227,1237993880,4653
8662,1237990046,1237994476,4430
8663,1237990585,1237995045,4460
8664,1237991226,1237996122,4896
8665,1237992715,1237996830,4115
8666,1237992915,1237997770,4855
8667,1237993880,1237997806,3926
8668,1237994476,1237998313,3837
8669,1237995045,1237999477,4432
8670,1237996122,1237999789,3667
8671,1237996830,1238000393,3563
8672,1237997770,1238001640,3870
8673,1237997806,1238002943,5137
8674,1237998313,1238004216,5903
8675,1237999477,1238005531,6054
8676,1237999789,1238006918,7129
8677,1238000393,1238007956,7563
8678,1238001640,1238008852,7212
8679,1238002943,1238009668,6725
8680,1238004216,1238010903,6687
8681,1238005531,1238012255,6724
8682,1238006918,1238012632,5714
8683,1238007956,1238014066,6110
8684,1238008852,1238014449,5597
8685,1238009668,1238014788,5120
8686,1238010903,1238015797,4894
8687,1238012255,1238016482,4227
8688,1238012632,1238016947,4315
8689,1238014066,1238017120,3054
8690,1238014449,1238017636,3187
8691,1238014788,1238018661,3873
8692,1238015797,1238019169,3372
8693,1238016482,1238019699,3217
8694,1238016947,1238020420,3473
8695,1238017120,1238021032,3912
8696,1238017636,1238021404,3768
8697,1238018661,1238022344,3683
8698,1238019169,1238023221,4052
8699,1238019699,1238023377,3678
8700,1238020420,1238024020,3600
8701,1238021032,1238024424,3392
8702,1238021404,1238025948,4544
8703,1238022344,1238026927,4583
8704,1238023221,1238027193,3972
8705,1238023377,1238028385,5008
8706,1238024020,1238028957,4937
8707,1238024424,1238029382,4958
8708,1238025948,1238029743,3795
8709,1238026927,1238029866,2939
8710,1238027193,1238031092,3899
8711,1238028385,1238031348,2963
8712,1238028957,1238031712,2755
8713,1238029382,1238032042,2660
8714,1238029743,1238032558,2815
8715,1238029866,1238033030,3164
8716,1238031092,1238033991,2899
8717,1238031348,1238034519,3171
8718,1238031712,1238034647,2935
8719,1238032042,1238035732,3690
8720,1238032558,1238036686,4128
8721,1238033030,1238037780,4750
8722,1238033991,1238038021,4030
8723,1238034519,1238038413,3894
8724,1238034647,1238038950,4303
8725,1238035732,1238039754,4022
8726,1238036686,1238040439,3753
8727,1238037780,1238040875,3095
8728,1238038021,1238041500,3479
8729,1238038413,1238043051,4638
8730,1238038950,1238043477,4527
8731,1238039754,1238043594,3840
8732,1238040439,1238044461,4022
8733,1238040875,1238045914,5039
8734,1238041500,1238046556,5056
8735,1238043051,1238048027,4976
8736,1238043477,1238049083,5606
8737,1238043594,1238049598,6004
8738,1238044461,1238050084,5623
8739,1238045914,1238051153,5239
8740,1238046556,1238051590,5034
8741,1238048027,1238052356,4329
8742,1238049083,1238052500,3417
8743,1238049598,1238053765,4167
8744,1238050084,1238055095,5011
8745,1238051153,1238055642,4489
8746,1238051590,1238056755,5165
8747,1238052356,1238057278,4922
8748,1238052500,1238058573,6073
8749,1238053765,1238059420,5655
8750,1238055095,1238059548,4453
8751,1238055642,1238059802,4160
8752,1238056755,1238060850,4095
8753,1238057278,1238062108,4830
8754,1238058573,1238063567,4994
8755,1238059420,1238064868,5448
8756,1238059548,1238065349,5801
8757,1238059802,1238066320,6518
8758,1238060850,1238067470,6620
8759,1238062108,1238068902,6794
8760,1238063567,1238070172,6605
8761,1238064868,1238071408,6540
8762,1238065349,1238071859,6510
8763,1238066320,1238073203,6883
8764,1238067470,1238073316,5846
8765,1238068902,1238073963,5061
8766,1238070172,1238074290,4118
8767,1238071408,1238075080,3672
8768,1238071859,1238075709,3850
8769,1238073203,1238076139,2936
8770,1238073316,1238076845,3529
8771,1238073963,1238077929,3966
8772,1238074290,1238078532,4242
8773,1238075080,1238079222,4142
8774,1238075709,1238080223,4514
8775,1238076139,1238080902,4763
8776,1238076845,1238082267,5422
8777,1238077929,1238082679,4750
8778,1238078532,1238084120,5588
8779,1238079222,1238085165,5943
8780,1238080223,1238085936,5713
8781,1238080902,1238086250,5348
8782,1238082267,1238086859,4592
8783,1238082679,1238087560,4881
8784,1238084120,1238088263,4143
8785,1238085165,1238088828,3663
8786,1238085936,1238089519,3583
8787,1238086250,1238090637,4387
8788,1238086859,1238091315,4456
8789,1238087560,1238092673,5113
8790,1238088263,1238094281,6018
8791,1238088828,1238095245,6417
8792,1238089519,1238095955,6436
8793,1238090637,1238096438,5801
8794,1238091315,1238096872,5557
8795,1238092673,1238097128,4455
8796,1238094281,1238097650,3369
8797,1238095245,1238098510,3265
8798,1238095955,1238099102,3147
8799,1238096438,1238099934,3496
8800,1238096872,1238100809,3937
8801,1238097128,1238101726,4598
8802,1238097650,1238102377,4727
8803,1238098510,1238103017,4507
8804,1238099102,1238103647,4545
8805,1238099934,1238103928,3994
8806,1238100809,1238104624,3815
8807,1238101726,1238105744,4018
8808,1238102377,1238106104,3727
8809,1238103017,1238106210,3193
8810,1238103647,1238107107,3460
8811,1238103928,1238107701,3773
8812,1238104624,1238108513,3889
8813,1238105744,1238109293,3549
8814,1238106104,1238109388,3284
8815,1238106210,1238110476,4266
8816,1238107107,1238111209,4102
8817,1238107701,1238111292,3591
8818,1238108513,1238111852,3339
8819,1238109293,1238113135,3842
8820,1238109388,1238113259,3871
8821,1238110476,1238113739,3263
8822,1238111209,1238114272,3063
8823,1238111292,1238115353,4061
8824,1238111852,1238116344,4492
8825,1238113135,1238116822,3687
8826,1238113259,1238117302,4043
8827,1238113739,1238117281,3542
8828,1238114272,1238117707,3435
8829,1238115353,1238118587,3234
8830,1238116344,1238119417,3073
8831,1238116822,1238120705,3883
8832,1238117281,1238121747,4466
8833,1238117302,1238122686,5384
8834,1238117707,1238124115,6408
8835,1238118587,1238125654,7067
8836,1238119417,1238126703,7286
8837,1238120705,1238127725,7020
8838,1238121747,1238127922,6175
8839,1238122686,1238128824,6138
8840,1238124115,1238130228,6113
8841,1238125654,1238130263,4609
8842,1238126703,1238131746,5043
8843,1238127725,1238132730,5005
8844,1238127922,1238133373,5451
8845,1238128824,1238133559,4735
8846,1238130228,1238134797,4569
8847,1238130263,1238136261,5998
8848,1238131746,1238136892,5146
8849,1238132730,1238137188,4458
8850,1238133373,1238137654,4281
8851,1238133559,1238138936,5377
8852,1238134797,1238139476,4679
8853,1238136261,1238140103,3842
8854,1238136892,1238140259,3367
8855,1238137188,1238140648,3460
8856,1238137654,1238141379,3725
8857,1238138936,1238142125,3189
8858,1238139476,1238142870,3394
8859,1238140103,1238143136,3033
8860,1238140259,1238144021,3762
8861,1238140648,1238145047,4399
8862,1238141379,1238146060,4681
8863,1238142125,1238147581,5456
8864,1238142870,1238147922,5052
8865,1238143136,1238148467,5331
8866,1238144021,1238148817,4796
8867,1238145047,1238149298,4251
8868,1238146060,1238149778,3718
8869,1238147581,1238149845,2264
8870,1238147922,1238151233,3311
8871,1238148467,1238151961,3494
8872,1238148817,1238152651,3834
8873,1238149298,1238153774,4476
8874,1238149778,1238155253,5475
8875,1238149845,1238156748,6903
8876,1238151233,1238157298,6065
8877,1238151961,1238158611,6650
8878,1238152651,1238159102,6451
8879,1238153774,1238160514,6740
8880,1238155253,1238161079,5826
8881,1238156748,1238162169,5421
8882,1238157298,1238163166,5868
8883,1238158611,1238164367,5756
8884,1238159102,1238164820,5718
8885,1238160514,1238165811,5297
8886,1238161079,1238166414,5335
8887,1238162169,1238167953,5784
8888,1238163166,1238169221,6055
8889,1238164367,1238169860,5493
8890,1238164820,1238170461,5641
8891,1238165811,1238171101,5290
8892,1238166414,1238171134,4720
8893,1238167953,1238172531,4578
8894,1238169221,1238173962,4741
8895,1238169860,1238174584,4724
8896,1238170461,1238175386,4925
8897,1238171101,1238176666,5565
8898,1238171134,1238178107,6973
8899,1238172531,1238178609,6078
8900,1238173962,1238178692,4730
8901,1238174584,1238180061,5477
8902,1238175386,1238181609,6223
8903,1238176666,1238182244,5578
8904,1238178107,1238182711,4604
8905,1238178609,1238183033,4424
8906,1238178692,1238183790,5098
8907,1238180061,1238184363,4302
8908,1238181609,1238185820,4211
8909,1238182244,1238186196,3952
8910,1238182711,1238186807,4096
8911,1238183033,1238187609,4576
8912,1238183790,1238188017,4227
8913,1238184363,1238189202,4839
8914,1238185820,1238190351,4531
8915,1238186196,1238191632,5436
8916,1238186807,1238192929,6122
8917,1238187609,1238194093,6484
8918,1238188017,1238194620,6603
8919,1238189202,1238195411,6209
8920,1238190351,1238195552,5201
8921,1238191632,1238196269,4637
8922,1238192929,1238196451,3522
8923,1238194093,1238196643,2550
8924,1238194620,1238197326,2706
8925,1238195411,1238198472,3061
8926,1238195552,1238198988,3436
8927,1238196269,1238200285,4016
8928,1238196451,1238200299,3848
8929,1238196643,1238201051,4408
8930,1238197326,1238201932,4606
8931,1238198472,1238202929,4457
8932,1238198988,1238202951,3963
8933,1238200285,1238203873,3588
8934,1238200299,1238204368,4069
8935,1238201051,1238204491,3440
8936,1238201932,1238204898,2966
8937,1238202929,1238206350,3421
8938,1238202951,1238207596,4645
8939,1238203873,1238207921,4048
8940,1238204368,1238209043,4675
8941,1238204491,1238209076,4585
8942,1238204898,1238210239,5341
8943,1238206350,1238211250,4900
8944,1238207596,1238212621,5025
8945,1238207921,1238213429,5508
8946,1238209043,1238214515,5472
8947,1238209076,1238215662,6586
8948,1238210239,1238216178,5939
8949,1238211250,1238217762,6512
8950,1238212621,1238217929,5308
8951,1238213429,1238218746,5317
8952,1238214515,1238218845,4330
8953,1238215662,1238219385,3723
8954,1238216178,1238220813,4635
8955,1238217762,1238220984,3222
8956,1238217929,1238221901,3972
8957,1238218746,1238222397,3651
8958,1238218845,1238223539,4694
8959,1238219385,1238223926,4541
8960,1238220813,1238224958,4145
8961,1238220984,1238225332,4348
8962,1238221901,1238226634,4733
8963,1238222397,1238227733,5336
8964,1238223539,1238228866,5327
8965,1238223926,1238229074,5148
8966,1238224958,1238229581,4623
8967,1238225332,1238229943,4611
8968,1238226634,1238231005,4371
8969,1238227733,1238231150,3417
8970,1238228866,1238231416,2550
8971,1238229074,1238231786,2712
8972,1238229581,1238232614,3033
8973,1238229943,1238233272,3329
8974,1238231005,1238234202,3197
8975,1238231150,1238235496,4346
8976,1238231416,1238235968,4552
8977,1238231786,1238236670,4884
8978,1238232614,1238237385,4771
8979,1238233272,1238237943,4671
8980,1238234202,1238238241,4039
8981,1238235496,1238239339,3843
8982,1238235968,1238240371,4403
8983,1238236670,1238240718,4048
8984,1238237385,1238240990,3605
8985,1238237943,1238241207,3264
8986,1238238241,1238242613,4372
8987,1238239339,1238243974,4635
8988,1238240371,1238244866,4495
8989,1238240718,1238245399,4681
8990,1238240990,1238245579,4589
8991,1238241207,1238245931,4724
8992,1238242613,1238246876,4263
8993,1238243974,1238247282,3308
8994,1238244866,1238248659,3793
8995,1238245399,1238249149,3750
8996,1238245579,1238249352,3773
8997,1238245931,1238250056,4125
8998,1238246876,1238250563,3687
8999,1238247282,1238252140,4858
9000,1238248659,1238252710,4051
9001,1238249149,1238253365,4216
9002,1238249352,1238253540,4188
9003,1238250056,1238254245,4189
9004,1238250563,1238254717,4154
9005,1238252140,1238255644,3504
9006,1238252710,1238256409,3699
9007,1238253365,1238256638,3273
9008,1238253540,1238257133,3593
9009,1238254245,1238258296,4051
9010,1238254717,1238258613,3896
9011,1238255644,1238258740,3096
9012,1238256409,1238259535,3126
9013,1238256638,1238260454,3816
9014,1238257133,1238261932,4799
9015,1238258296,1238263191,4895
9016,1238258613,1238263697,5084
9017,1238258740,1238264521,5781
9018,1238259535,1238264808,5273
9019,1238260454,1238265302,4848
9020,1238261932,1238266212,4280
9021,1238263191,1238267241,4050
9022,1238263697,1238268366,4669
9023,1238264521,1238269210,4689
9024,1238264808,1238270104,5296
9025,1238265302,1238270263,4961
9026,1238266212,1238271603,5391
9027,1238267241,1238271705,4464
9028,1238268366,1238272155,3789
9029,1238269210,1238272814,3604
9030,1238270104,1238273739,3635
9031,1238270263,1238274964,4701
9032,1238271603,1238275524,3921
9033,1238271705,1238276072,4367
9034,1238272155,1238277051,4896
9035,1238272814,1238277771,4957
9036,1238273739,1238278245,4506
9037,1238274964,1238279159,4195
9038,1238275524,1238280592,5068
9039,1238276072,1238281469,5397
9040,1238277051,1238282396,5345
9041,1238277771,1238283120,5349
9042,1238278245,1238283736,5491
9043,1238279159,1238283999,4840
9044,1238280592,1238284996,4404
9045,1238281469,1238285073,3604
9046,1238282396,1238285650,3254
9047,1238283120,1238286976,3856
9048,1238283736,1238287373,3637
9049,1238283999,1238292007,8008
9050,1238284996,1238293434,8438
9051,1238285073,1238294395,9322
9052,1238285650,1238295845,10195
9053,1238286976,1238295965,8989
9054,1238287373,1238297504,10131
9055,1238292007,1238297948,5941
9056,1238293434,1238298813,5379
9057,1238294395,1238299391,4996
9058,1238295845,1238300745,4900
9059,1238295965,1238301874,5909
9060,1238297504,1238302492,4988
9061,1238297948,1238302716,4768
9062,1238298813,1238303935,5122
9063,1238299391,1238304937,5546
9064,1238300745,1238305670,4925
9065,1238301874,1238306763,4889
9066,1238302492,1238307972,5480
9067,1238302716,1238308383,5667
9068,1238303935,1238309553,5618
9069,1238304937,1238310477,5540
9070,1238305670,1238311490,5820
9071,1238306763,1238312138,5375
9072,1238307972,1238312654,4682
9073,1238308383,1238313536,5153
9074,1238309553,1238313958,4405
9075,1238310477,1238314347,3870
9076,1238311490,1238315240,3750
9077,1238312138,1238315215,3077
9078,1238312654,1238315716,3062
9079,1238313536,1238316178,2642
9080,1238313958,1238317265,3307
9081,1238314347,1238317883,3536
9082,1238315215,1238318750,3535
9083,1238315240,1238319297,4057
9084,1238315716,1238320117,4401
9085,1238316178,1238321165,4987
9086,1238317265,1238321432,4167
9087,1238317883,1238322049,4166
9088,1238318750,1238323449,4699
9089,1238319297,1238324508,5211
9090,1238320117,1238325148,5031
9091,1238321165,1238325255,4090
9092,1238321432,1238326219,4787
9093,1238322049,1238326852,4803
9094,1238323449,1238327264,3815
9095,1238324508,1238327396,2888
9096,1238325148,1238328150,3002
9097,1238325255,1238328548,3293
9098,1238326219,1238328753,2534
9099,1238326852,1238329077,2225
9100,1238327264,1238329657,2393
9101,1238327396,1238330801,3405
9102,1238328150,1238332079,3929
9103,1238328548,1238332208,3660
9104,1238328753,1238333332,4579
9105,1238329077,1238334405,5328
9106,1238329657,1238335083,5426
9107,1238330801,1238336481,5680
9108,1238332079,1238337136,5057
9109,1238332208,1238337287,5079
9110,1238333332,1238338127,4795
9111,1238334405,1238338436,4031
9112,1238335083,1238338538,3455
9113,1238336481,1238338597,2116
9114,1238337136,1238339272,2136
9115,1238337287,1238340199,2912
9116,1238338127,1238341204,3077
9117,1238338436,1238341685,3249
9118,1238338538,1238342577,4039
9119,1238338597,1238343795,5198
9120,1238339272,1238344377,5105
9121,1238340199,1238345035,4836
9122,1238341204,1238345830,4626
9123,1238341685,1238345872,4187
9124,1238342577,1238346984,4407
9125,1238343795,1238347064,3269
9126,1238344377,1238347397,3020
9127,1238345035,1238348904,3869
9128,1238345830,1238350279,4449
9129,1238345872,1238351387,5515
9130,1238346984,1238352798,5814
9131,1238347064,1238352947,5883
9132,1238347397,1238354174,6777
9133,1238348904,1238355375,6471
9134,1238350279,1238355510,5231
9135,1238351387,1238356265,4878
9136,1238352798,1238357376,4578
9137,1238352947,1238358236,5289
9138,1238354174,1238358873,4699
9139,1238355375,1238360231,4856
9140,1238355510,1238361690,6180
9141,1238356265,1238362583,6318
9142,1238357376,1238363143,5767
9143,1238358236,1238363405,5169
9144,1238358873,1238364051,5178
9145,1238360231,1238364216,3985
9146,1238361690,1238364705,3015
9147,1238362583,1238364973,2390
9148,1238363143,1238366026,2883
9149,1238363405,1238366484,3079
9150,1238364051,1238367306,3255
9151,1238364216,1238368062,3846
9152,1238364705,1238368119,3414
9153,1238364973,1238368736,3763
9154,1238366026,1238369385,3359
9155,1238366484,1238369437,2953
9156,1238367306,1238369661,2355
9157,1238368062,1238369825,1763
9158,1238368119,1238370187,2068
9159,1238368736,1238370609,1873
9160,1238369385,1238371353,1968
9161,1238369437,1238372121,2684
9162,1238369661,1238372495,2834
9163,1238369825,1238373286,3461
9164,1238370187,1238374809,4622
9165,1238370609,1238375124,4515
9166,1238371353,1238376393,5040
9167,1238372121,1238377241,5120
9168,1238372495,1238377971,5476
9169,1238373286,1238378997,5711
9170,1238374809,1238379585,4776
9171,1238375124,1238380252,5128
9172,1238376393,1238380586,4193
9173,1238377241,1238381604,4363
9174,1238377971,1238382736,4765
9175,1238378997,1238383491,4494
9176,1238379585,1238383984,4399
9177,1238380252,1238384840,4588
9178,1238380586,1238384959,4373
9179,1238381604,1238385017,3413
9180,1238382736,1238385877,3141
9181,1238383491,1238386691,3200
9182,1238383984,1238387982,3998
9183,1238384840,1238389274,4434
9184,1238384959,1238389504,4545
9185,1238385017,1238390758,5741
9186,1238385877,1238391098,5221
9187,1238386691,1238391775,5084
9188,1238387982,1238392220,4238
9189,1238389274,1238393211,3937
9190,1238389504,1238393476,3972
9191,1238390758,1238393645,2887
9192,1238391098,1238393741,2643
9193,1238391775,1238394231,2456
9194,1238392220,1238395240,3020
9195,1238393211,1238396211,3000
9196,1238393476,1238396414,2938
9197,1238393645,1238396611,2966
9198,1238393741,1238397714,3973
9199,1238394231,1238397746,3515
9200,1238395240,1238398315,3075
9201,1238396211,1238399521,3310
9202,1238396414,1238400373,3959
9203,1238396611,1238401561,4950
9204,1238397714,1238402224,4510
9205,1238397746,1238402431,4685
9206,1238398315,1238403460,5145
9207,1238399521,1238406974,7453
9208,1238400373,1238408100,7727
9209,1238401561,1238408754,7193
9210,1238402224,1238409894,7670
9211,1238402431,1238409957,7526
9212,1238403460,1238410355,6895
9213,1238406974,1238410512,3538
9214,1238408100,1238411720,3620
9215,1238408754,1238412093,3339
9216,1238409894,1238412924,3030
9217,1238409957,1238413539,3582
9218,1238410355,1238414125,3770
9219,1238410512,1238415697,5185
9220,1238411720,1238415862,4142
9221,1238412093,1238416292,4199
9222,1238412924,1238416554,3630
9223,1238413539,1238417342,3803
9224,1238414125,1238417661,3536
9225,1238415697,1238417721,2024
9226,1238415862,1238418355,2493
9227,1238416292,1238418834,2542
9228,1238416554,1238419224,2670
9229,1238417342,1238420111,2769
9230,1238417661,1238420478,2817
9231,1238417721,1238421601,3880
9232,1238418355,1238421953,3598
9233,1238418834,1238422089,3255
9234,1238419224,1238422701,3477
9235,1238420111,1238422747,2636
9236,1238420478,1238423430,2952
9237,1238421601,1238424405,2804
9238,1238421953,1238425919,3966
9239,1238422089,1238426361,4272
9240,1238422701,1238426427,3726
9241,1238422747,1238427010,4263
9242,1238423430,1238428505,5075
9243,1238424405,1238429446,5041
9244,1238425919,1238429655,3736
9245,1238426361,1238430803,4442
9246,1238426427,1238432180,5753
9247,1238427010,1238432830,5820
9248,1238428505,1238433342,4837
9249,1238429446,1238433754,4308
9250,1238429655,1238434886,5231
9251,1238430803,1238435695,4892
9252,1238432180,1238435760,3580
9253,1238432830,1238436831,4001
9254,1238433342,1238437413,4071
9255,1238433754,1238437697,3943
9256,1238434886,1238437916,3030
9257,1238435695,1238439140,3445
9258,1238435760,1238440328,4568
9259,1238436831,1238441226,4395
9260,1238437413,1238441658,4245
9261,1238437697,1238442840,5143
9262,1238437916,1238443030,5114
9263,1238439140,1238444034,4894
9264,1238440328,1238445216,4888
9265,1238441226,1238446092,4866
9266,1238441658,1238446980,5322
9267,1238442840,1238448374,5534
9268,1238443030,1238449248,6218
9269,1238444034,1238449812,5778
9270,1238445216,1238450478,5262
9271,1238446092,1238451697,5605
9272,1238446980,1238451798,4818
9273,1238448374,1238452823,4449
9274,1238449248,1238453652,4404
9275,1238449812,1238454106,4294
9276,1238450478,1238455354,4876
9277,1238451697,1238455980,4283
9278,1238451798,1238456703,4905
9279,1238452823,1238456718,3895
9280,1238453652,1238457673,4021
9281,1238454106,1238458758,4652
9282,1238455354,1238459615,4261
9283,1238455980,1238460502,4522
9284,1238456703,1238461507,4804
9285,1238456718,1238462407,5689
9286,1238457673,1238463188,5515
9287,1238458758,1238463765,5007
9288,1238459615,1238465212,5597
9289,1238460502,1238466235,5733
9290,1238461507,1238466937,5430
9291,1238462407,1238468022,5615
9292,1238463188,1238468737,5549
9293,1238463765,1238469279,5514
9294,1238465212,1238470452,5240
9295,1238466235,1238471500,5265
9296,1238466937,1238472095,5158
9297,1238468022,1238472973,4951
9298,1238468737,1238473296,4559
9299,1238469279,1238474508,5229
9300,1238470452,1238474595,4143
9301,1238471500,1238475617,4117
9302,1238472095,1238476531,4436
9303,1238472973,1238477271,4298
9304,1238473296,1238477647,4351
9305,1238474508,1238479116,4608
9306,1238474595,1238479287,4692
9307,1238475617,1238479509,3892
9308,1238476531,1238480514,3983
9309,1238477271,1238484105,6834
9310,1238477647,1238480915,3268
9311,1238479116,1238482209,3093
9312,1238479287,1238483644,4357
9313,1238479509,1238484299,4790
9314,1238480514,1238484934,4420
9315,1238480915,1238485629,4714
9316,1238482209,1238486235,4026
9317,1238483644,1238487447,3803
9318,1238484105,1238487130,3025
9319,1238484299,1238487917,3618
9320,1238484934,1238489102,4168
9321,1238485629,1238489575,3946
9322,1238486235,1238493276,7041
9323,1238487130,1238490881,3751
9324,1238487447,1238492099,4652
9325,1238487917,1238492899,4982
9326,1238489102,1238493226,4124
9327,1238489575,1238494351,4776
9328,1238490881,1238495528,4647
9329,1238492099,1238500188,8089
9330,1238492899,1238496930,4031
9331,1238493226,1238497937,4711
9332,1238493276,1238498682,5406
9333,1238494351,1238499365,5014
9334,1238495528,1238500025,4497
9335,1238496930,1238500479,3549
9336,1238497937,1238501094,3157
9337,1238498682,1238501708,3026
9338,1238499365,1238501782,2417
9339,1238500025,1238503233,3208
9340,1238500188,1238507159,6971
9341,1238500479,1238504173,3694
9342,1238501094,1238508573,7479
9343,1238501708,1238505623,3915
9344,1238501782,1238506977,5195
9345,1238503233,1238507434,4201
9346,1238504173,1238508100,3927
9347,1238505623,1238508675,3052
9348,1238506977,1238509874,2897
9349,1238507159,1238510640,3481
9350,1238507434,1238511283,3849
9351,1238508100,1238512551,4451
9352,1238508573,1238513344,4771
9353,1238508675,1238513987,5312
9354,1238509874,1238514389,4515
9355,1238510640,1238515237,4597
9356,1238511283,1238516480,5197
9357,1238512551,1238517203,4652
9358,1238513344,1238516753,3409
9359,1238513987,1238517908,3921
9360,1238514389,1238518093,3704
9361,1238515237,1238518746,3509
9362,1238516480,1238519804,3324
9363,1238516753,1238520354,3601
9364,1238517203,1238521539,4336
9365,1238517908,1238522020,4112
9366,1238518093,1238523261,5168
9367,1238518746,1238523991,5245
9368,1238519804,1238524427,4623
9369,1238520354,1238524762,4408
9370,1238521539,1238525274,3735
9371,1238522020,1238525391,3371
9372,1238523261,1238526672,3411
9373,1238523991,1238527629,3638
9374,1238524427,1238528587,4160
9375,1238524762,1238529731,4969
9376,1238525274,1238530798,5524
9377,1238525391,1238531909,6518
9378,1238526672,1238532605,5933
9379,1238527629,1238533671,6042
9380,1238528587,1238534450,5863
9381,1238529731,1238535072,5341
9382,1238530798,1238536462,5664
9383,1238531909,1238537493,5584
9384,1238532605,1238538524,5919
9385,1238533671,1238539190,5519
9386,1238534450,1238540066,5616
9387,1238535072,1238541218,6146
9388,1238536462,1238541962,5500
9389,1238537493,1238542962,5469
9390,1238538524,1238544381,5857
9391,1238539190,1238544961,5771
9392,1238540066,1238545400,5334
9393,1238541218,1238546842,5624
9394,1238541962,1238547380,5418
9395,1238542962,1238548023,5061
9396,1238544381,1238549090,4709
9397,1238544961,1238550026,5065
9398,1238545400,1238550491,5091
9399,1238546842,1238551076,4234
9400,1238547380,1238552393,5013
9401,1238548023,1238553719,5696
9402,1238549090,1238554664,5574
9403,1238550026,1238555549,5523
9404,1238550491,1238556138,5647
9405,1238551076,1238556761,5685
9406,1238552393,1238560820,8427
9407,1238553719,1238558248,4529
9408,1238554664,1238559851,5187
9409,1238555549,1238560229,4680
9410,1238556138,1238561130,4992
9411,1238556761,1238562137,5376
9412,1238558248,1238562698,4450
9413,1238559851,1238563307,3456
9414,1238560229,1238564347,4118
9415,1238560820,1238564727,3907
9416,1238561130,1238565354,4224
9417,1238562137,1238566287,4150
9418,1238562698,1238566819,4121
9419,1238563307,1238568293,4986
9420,1238564347,1238568641,4294
9421,1238564727,1238569490,4763
9422,1238565354,1238570028,4674
9423,1238566287,1238570501,4214
9424,1238566819,1238570827,4008
9425,1238568293,1238571661,3368
9426,1238568641,1238572623,3982
9427,1238569490,1238573218,3728
9428,1238570028,1238574077,4049
9429,1238570501,1238575531,5030
9430,1238570827,1238576917,6090
9431,1238571661,1238577476,5815
9432,1238572623,1238578470,5847
9433,1238573218,1238579203,5985
9434,1238574077,1238580250,6173
9435,1238575531,1238581506,5975
9436,1238576917,1238581763,4846
9437,1238577476,1238582347,4871
9438,1238578470,1238583725,5255
9439,1238579203,1238583845,4642
9440,1238580250,1238585328,5078
9441,1238581506,1238585497,3991
9442,1238581763,1238585880,4117
9443,1238582347,1238587016,4669
9444,1238583725,1238587430,3705
9445,1238583845,1238587918,4073
9446,1238585328,1238588452,3124
9447,1238585497,1238589748,4251
9448,1238585880,1238590641,4761
9449,1238587016,1238591143,4127
9450,1238587430,1238592164,4734
9451,1238587918,1238596788,8870
9452,1238588452,1238593723,5271
9453,1238589748,1238594742,4994
9454,1238590641,1238595886,5245
9455,1238591143,1238595922,4779
9456,1238592164,1238597497,5333
9457,1238593723,1238598302,4579
9458,1238594742,1238598749,4007
9459,1238595886,1238599322,3436
9460,1238595922,1238599706,3784
9461,1238596788,1238600742,3954
9462,1238597497,1238601437,3940
9463,1238598302,1238601565,3263
9464,1238598749,1238602266,3517
9465,1238599322,1238602542,3220
9466,1238599706,1238602790,3084
9467,1238600742,1238603782,3040
9468,1238601437,1238603848,2411
9469,1238601565,1238604881,3316
9470,1238602266,1238606324,4058
9471,1238602542,1238607826,5284
9472,1238602790,1238607745,4955
9473,1238603782,1238608559,4777
9474,1238603848,1238609830,5982
9475,1238604881,1238610109,5228
9476,1238606324,1238611087,4763
9477,1238607745,1238612818,5073
9478,1238607826,1238613344,5518
9479,1238608559,1238613952,5393
9480,1238609830,1238614620,4790
9481,1238610109,1238615471,5362
9482,1238611087,1238616469,5382
9483,1238612818,1238616834,4016
9484,1238613344,1238618130,4786
9485,1238613952,1238618915,4963
9486,1238614620,1238619857,5237
9487,1238615471,1238623539,8068
9488,1238616469,1238620598,4129
9489,1238616834,1238621203,4369
9490,1238618130,1238621625,3495
9491,1238618915,1238622163,3248
9492,1238619857,1238623030,3173
9493,1238620598,1238623511,2913
9494,1238621203,1238624728,3525
9495,1238621625,1238624646,3021
9496,1238622163,1238625668,3505
9497,1238623030,1238626118,3088
9498,1238623511,1238627089,3578
9499,1238623511,1238627566,4055
9500,1238624646,1238628202,3556
9501,1238624728,1238628803,4075
9502,1238625668,1238629658,3990
9503,1238626118,1238630379,4261
9504,1238627089,1238631827,4738
9505,1238627566,1238632350,4784
9506,1238628202,1238632732,4530
9507,1238628803,1238632660,3857
9508,1238629658,1238633418,3760
9509,1238630379,1238634552,4173
9510,1238631827,1238635044,3217
9511,1238632350,1238639017,6667
9512,1238632660,1238639224,6564
9513,1238632732,1238636508,3776
9514,1238633418,1238637580,4162
9515,1238634552,1238638628,4076
9516,1238635044,1238638939,3895
9517,1238636508,1238639359,2851
9518,1238637580,1238640911,3331
9519,1238638628,1238640866,2238
9520,1238638939,1238644796,5857
9521,1238639017,1238642133,3116
9522,1238639224,1238642827,3603
9523,1238639359,1238642748,3389
9524,1238640866,1238647245,6379
9525,1238640911,1238643871,2960
9526,1238642133,1238644194,2061
9527,1238642748,1238645454,2706
9528,1238642827,1238645497,2670
9529,1238643871,1238646203,2332
9530,1238644194,1238646573,2379
9531,1238644796,1238647020,2224
9532,1238645454,1238648146,2692
9533,1238645497,1238648787,3290
9534,1238646203,1238648901,2698
9535,1238646573,1238649578,3005
9536,1238646573,1238649834,3261
9537,1238647020,1238650900,3880
9538,1238648146,1238652109,3963
9539,1238648787,1238652709,3922
9540,1238648901,1238653142,4241
9541,1238649578,1238654655,5077
9542,1238649834,1238655342,5508
9543,1238650900,1238655841,4941
9544,1238652109,1238657024,4915
9545,1238652709,1238658396,5687
9546,1238653142,1238659263,6121
9547,1238654655,1238660698,6043
9548,1238655342,1238661618,6276
9549,1238655841,1238662381,6540
9550,1238657024,1238662777,5753
9551,1238658396,1238664123,5727
9552,1238659263,1238665638,6375
9553,1238660698,1238665735,5037
9554,1238661618,1238666136,4518
9555,1238662381,1238666277,3896
9556,1238662777,1238666724,3947
9557,1238664123,1238667563,3440
9558,1238665638,1238668311,2673
9559,1238665735,1238668674,2939
9560,1238666136,1238669393,3257
9561,1238666277,1238670713,4436
9562,1238666724,1238671744,5020
9563,1238667563,1238672244,4681
9564,1238668311,1238673578,5267
9565,1238668674,1238674161,5487
9566,1238669393,1238678252,8859
9567,1238670713,1238675538,4825
9568,1238671744,1238676896,5152
9569,1238672244,1238676951,4707
9570,1238673578,1238678319,4741
9571,1238674161,1238678717,4556
9572,1238675538,1238679887,4349
9573,1238676896,1238679964,3068
9574,1238676951,1238680820,3869
9575,1238678252,1238681628,3376
9576,1238678319,1238685363,7044
9577,1238678717,1238682029,3312
9578,1238679887,1238682384,2497
9579,1238679964,1238683823,3859
9580,1238680820,1238684730,3910
9581,1238681628,1238685227,3599
9582,1238682029,1238686051,4022
9583,1238682384,1238687038,4654
9584,1238683823,1238687811,3988
9585,1238684730,1238688642,3912
9586,1238685227,1238689596,4369
9587,1238685363,1238693631,8268
9588,1238686051,1238690515,4464
9589,1238687038,1238691402,4364
9590,1238687811,1238692839,5028
9591,1238688642,1238694149,5507
9592,1238689596,1238694723,5127
9593,1238690515,1238695894,5379
9594,1238691402,1238696302,4900
9595,1238692839,1238696692,3853
9596,1238693631,1238697270,3639
9597,1238694149,1238698085,3936
9598,1238694723,1238698983,4260
9599,1238695894,1238700202,4308
9600,1238696302,1238700831,4529
9601,1238696692,1238701671,4979
9602,1238697270,1238702608,5338
9603,1238698085,1238703494,5409
9604,1238698983,1238704800,5817
9605,1238700202,1238705173,4971
9606,1238700831,1238705340,4509
9607,1238701671,1238706159,4488
9608,1238702608,1238706633,4025
9609,1238703494,1238707480,3986
9610,1238704800,1238708124,3324
9611,1238705173,1238709378,4205
9612,1238705340,1238709955,4615
9613,1238706159,1238711135,4976
9614,1238706633,1238712325,5692
9615,1238707480,1238712887,5407
9616,1238708124,1238714394,6270
9617,1238709378,1238715630,6252
9618,1238709955,1238716773,6818
9619,1238711135,1238717219,6084
9620,1238712325,1238718614,6289
9621,1238712887,1238719220,6333
9622,1238714394,1238719576,5182
9623,1238715630,1238719793,4163
9624,1238716773,1238720579,3806
9625,1238717219,1238720968,3749
9626,1238718614,1238721630,3016
9627,1238719220,1238722717,3497
9628,1238719576,1238723535,3959
9629,1238719793,1238723820,4027
9630,1238720579,1238724714,4135
9631,1238720968,1238726207,5239
9632,1238721630,1238726352,4722
9633,1238722717,1238727190,4473
9634,1238723535,1238727931,4396
9635,1238723820,1238728556,4736
9636,1238724714,1238729130,4416
9637,1238726207,1238730366,4159
9638,1238726352,1238730736,4384
9639,1238727190,1238731916,4726
9640,1238727931,1238731928,3997
9641,1238728556,1238732829,4273
9642,1238729130,1238733267,4137
9643,1238730366,1238734651,4285
9644,1238730736,1238735829,5093
9645,1238731916,1238736956,5040
9646,1238731928,1238738089,6161
9647,1238732829,1238738393,5564
9648,1238733267,1238738899,5632
9649,1238734651,1238739660,5009
9650,1238735829,1238740883,5054
9651,1238736956,1238741743,4787
9652,1238738089,1238742900,4811
9653,1238738393,1238743789,5396
9654,1238738899,1238744700,5801
9655,1238739660,1238745277,5617
9656,1238740883,1238745577,4694
9657,1238741743,1238745805,4062
9658,1238742900,1238746026,3126
9659,1238743789,1238746054,2265
9660,1238744700,1238746376,1676
9661,1238745277,1238747636,2359
9662,1238745577,1238748219,2642
9663,1238745805,1238749456,3651
9664,1238746026,1238750568,4542
9665,1238746054,1238751058,5004
9666,1238746376,1238751573,5197
9667,1238747636,1238752208,4572
9668,1238748219,1238752768,4549
9669,1238749456,1238754022,4566
9670,1238750568,1238754660,4092
9671,1238751058,1238755503,4445
9672,1238751573,1238756067,4494
9673,1238752208,1238757395,5187
9674,1238752768,1238758698,5930
9675,1238754022,1238759568,5546
9676,1238754660,1238759915,5255
9677,1238755503,1238760857,5354
9678,1238756067,1238762394,6327
9679,1238757395,1238762806,5411
9680,1238758698,1238763639,4941
9681,1238759568,1238764731,5163
9682,1238759915,1238765565,5650
9683,1238760857,1238766691,5834
9684,1238762394,1238767060,4666
9685,1238762806,1238768010,5204
9686,1238763639,1238769178,5539
9687,1238764731,1238769985,5254
9688,1238765565,1238770202,4637
9689,1238766691,1238770498,3807
9690,1238767060,1238770977,3917
9691,1238768010,1238771474,3464
9692,1238769178,1238772359,3181
9693,1238769985,1238772372,2387
9694,1238770202,1238773028,2826
9695,1238770498,1238773811,3313
9696,1238770977,1238774221,3244
9697,1238771474,1238775107,3633
9698,1238772359,1238776423,4064
9699,1238772372,1238776816,4444
9700,1238773028,1238777920,4892
9701,1238773811,1238778097,4286
9702,1238774221,1238778885,4664
9703,1238775107,1238779413,4306
9704,1238776423,1238780142,3719
9705,1238776816,1238781705,4889
9706,1238777920,1238782454,4534
9707,1238778097,1238782982,4885
9708,1238778885,1238783457,4572
9709,1238779413,1238784365,4952
9710,1238780142,1238785779,5637
9711,1238781705,1238786761,5056
9712,1238782454,1238787133,4679
9713,1238782982,1238788319,5337
9714,1238783457,1238788679,5222
9715,1238784365,1238789632,5267
9716,1238785779,1238790280,4501
9717,1238786761,1238791228,4467
9718,1238787133,1238792556,5423
9719,1238788319,1238793276,4957
9720,1238788679,1238793539,4860
9721,1238789632,1238794784,5152
9722,1238790280,1238795260,4980
9723,1238791228,1238796171,4943
9724,1238792556,1238797107,4551
9725,1238793276,1238797361,4085
9726,1238793539,1238798321,4782
9727,1238794784,1238798368,3584
9728,1238795260,1238798644,3384
9729,1238796171,1238799340,3169
9730,1238797107,1238800278,3171
9731,1238797361,1238800299,2938
9732,1238798321,1238801354,3033
9733,1238798368,1238802445,4077
9734,1238798644,1238803073,4429
9735,1238799340,1238803266,3926
9736,1238800278,1238804445,4167
9737,1238800299,1238804543,4244
9738,1238801354,1238805054,3700
9739,1238802445,1238805277,2832
9740,1238803073,1238806054,2981
9741,1238803266,1238807042,3776
9742,1238804445,1238808578,4133
9743,1238804543,1238808609,4066
9744,1238805054,1238810075,5021
9745,1238805277,1238810466,5189
9746,1238806054,1238811254,5200
9747,1238807042,1238812901,5859
9748,1238808578,1238813621,5043
9749,1238808609,1238814733,6124
9750,1238810075,1238815703,5628
9751,1238810466,1238817144,6678
9752,1238811254,1238818463,7209
9753,1238812901,1238818901,6000
9754,1238813621,1238819893,6272
9755,1238814733,1238820529,5796
9756,1238815703,1238820932,5229
9757,1238817144,1238822574,5430
9758,1238818463,1238823376,4913
9759,1238818901,1238824446,5545
9760,1238819893,1238824592,4699
9761,1238820529,1238825814,5285
9762,1238820932,1238826752,5820
9763,1238822574,1238827785,5211
9764,1238823376,1238829129,5753
9765,1238824446,1238830317,5871
9766,1238824592,1238830671,6079
9767,1238825814,1238831224,5410
9768,1238826752,1238831987,5235
9769,1238827785,1238833048,5263
9770,1238829129,1238833685,4556
9771,1238830317,1238834174,3857
9772,1238830671,1238835416,4745
9773,1238831224,1238836468,5244
9774,1238831987,1238837447,5460
9775,1238833048,1238837529,4481
9776,1238833685,1238837919,4234
9777,1238834174,1238838721,4547
9778,1238835416,1238839536,4120
9779,1238836468,1238841421,4953
9780,1238837447,1238843069,5622
9781,1238837529,1238843909,6380
9782,1238837919,1238845287,7368
9783,1238838721,1238845986,7265
9784,1238839536,1238846554,7018
9785,1238841421,1238847071,5650
9786,1238843069,1238847892,4823
9787,1238843909,1238848728,4819
9788,1238845287,1238848944,3657
9789,1238845986,1238849363,3377
9790,1238846554,1238850105,3551
9791,1238847071,1238851188,4117
9792,1238847892,1238851325,3433
9793,1238848728,1238852104,3376
9794,1238848944,1238852816,3872
9795,1238849363,1238853165,3802
9796,1238850105,1238854097,3992
9797,1238851188,1238854937,3749
9798,1238851325,1238855134,3809
9799,1238852104,1238855346,3242
9800,1238852816,1238856609,3793
9801,1238853165,1238857174,4009
9802,1238854097,1238858246,4149
9803,1238854937,1238859762,4825
9804,1238855134,1238859976,4842
9805,1238855346,1238860190,4844
9806,1238856609,1238860378,3769
9807,1238857174,1238860711,3537
9808,1238858246,1238860889,2643
9809,1238859762,1238860923,1161
9810,1238859976,1238861350,1374
9811,1238860190,1238861425,1235
9812,1238860378,1238862092,1714
9813,1238860711,1238863488,2777
9814,1238860889,1238863814,2925
9815,1238860923,1238865363,4440
9816,1238861350,1238866686,5336
9817,1238861425,1238867160,5735
9818,1238862092,1238867735,5643
9819,1238863488,1238868208,4720
9820,1238863814,1238869432,5618
9821,1238865363,1238870123,4760
9822,1238866686,1238870994,4308
9823,1238867160,1238871471,4311
9824,1238867735,1238872718,4983
9825,1238868208,1238873375,5167
9826,1238869432,1238874379,4947
9827,1238870123,1238875284,5161
9828,1238870994,1238875687,4693
9829,1238871471,1238876382,4911
9830,1238872718,1238876914,4196
9831,1238873375,1238877555,4180
9832,1238874379,1238878323,3944
9833,1238875284,1238878880,3596
9834,1238875687,1238879321,3634
9835,1238876382,1238880060,3678
9836,1238876914,1238880930,4016
9837,1238877555,1238882064,4509
9838,1238878323,1238882088,3765
9839,1238878880,1238883232,4352
9840,1238879321,1238883738,4417
9841,1238880060,1238884289,4229
9842,1238880930,1238885764,4834
9843,1238882064,1238886757,4693
9844,1238882088,1238887456,5368
9845,1238883232,1238888211,4979
9846,1238883738,1238888701,4963
9847,1238884289,1238889104,4815
9848,1238885764,1238889638,3874
9849,1238886757,1238891127,4370
9850,1238887456,1238892029,4573
9851,1238888211,1238892789,4578
9852,1238888701,1238894197,5496
9853,1238889104,1238894967,5863
9854,1238889638,1238895059,5421
9855,1238891127,1238896046,4919
9856,1238892029,1238897271,5242
9857,1238892789,1238897316,4527
9858,1238894197,1238897423,3226
9859,1238894967,1238897780,2813
9860,1238895059,1238897813,2754
9861,1238896046,1238898855,2809
9862,1238897271,1238900104,2833
9863,1238897316,1238901359,4043
9864,1238897423,1238902634,5211
9865,1238897780,1238903116,5336
9866,1238897813,1238903584,5771
9867,1238898855,1238904339,5484
9868,1238900104,1238904436,4332
9869,1238901359,1238905734,4375
9870,1238902634,1238906032,3398
9871,1238903116,1238907300,4184
9872,1238903584,1238907298,3714
9873,1238904339,1238907919,3580
9874,1238904436,1238909082,4646
9875,1238905734,1238909871,4137
9876,1238906032,1238909966,3934
9877,1238907298,1238910343,3045
9878,1238907300,1238910586,3286
9879,1238907919,1238911196,3277
9880,1238909082,1238912017,2935
9881,1238909871,1238912705,2834
9882,1238909966,1238913299,3333
9883,1238910343,1238914222,3879
9884,1238910586,1238914659,4073
9885,1238911196,1238915375,4179
9886,1238912017,1238915745,3728
9887,1238912705,1238916731,4026
9888,1238913299,1238917045,3746
9889,1238914222,1238917169,2947
9890,1238914659,1238917710,3051
9891,1238915375,1238918082,2707
9892,1238915745,1238918579,2834
9893,1238916731,1238919545,2814
9894,1238917045,1238919646,2601
9895,1238917169,1238920518,3349
9896,1238917710,1238921156,3446
9897,1238918082,1238921691,3609
9898,1238918579,1238921933,3354
9899,1238919545,1238922266,2721
9900,1238919646,1238923377,3731
9901,1238920518,1238924233,3715
9902,1238921156,1238924587,3431
9903,1238921691,1238925924,4233
9904,1238921933,1238926035,4102
9905,1238922266,1238926278,4012
9906,1238923377,1238926587,3210
9907,1238924233,1238927012,2779
9908,1238924587,1238927143,2556
9909,1238925924,1238928541,2617
9910,1238926035,1238928946,2911
9911,1238926278,1238929580,3302
9912,1238926587,1238930202,3615
9913,1238927012,1238930646,3634
9914,1238927143,1238931652,4509
9915,1238928541,1238931792,3251
9916,1238928946,1238932072,3126
9917,1238929580,1238932777,3197
9918,1238930202,1238933744,3542
9919,1238930646,1238934448,3802
9920,1238931652,1238934657,3005
9921,1238931792,1238934860,3068
9922,1238932072,1238935674,3602
9923,1238932777,1238936256,3479
9924,1238933744,1238937185,3441
9925,1238934448,1238937981,3533
9926,1238934657,1238938858,4201
9927,1238934860,1238940017,5157
9928,1238935674,1238941021,5347
9929,1238936256,1238941705,5449
9930,1238937185,1238942154,4969
9931,1238937981,1238942712,4731
9932,1238938858,1238943188,4330
9933,1238940017,1238944477,4460
9934,1238941021,1238945137,4116
9935,1238941705,1238945435,3730
9936,1238942154,1238945548,3394
9937,1238942712,1238945714,3002
9938,1238943188,1238946279,3091
9939,1238944477,1238946965,2488
9940,1238945137,1238947978,2841
9941,1238945435,1238948143,2708
9942,1238945548,1238948765,3217
9943,1238945714,1238949200,3486
9944,1238946279,1238950250,3971
9945,1238946965,1238951292,4327
9946,1238947978,1238951721,3743
9947,1238948143,1238952608,4465
9948,1238948765,1238954025,5260
9949,1238949200,1238955328,6128
9950,1238950250,1238956442,6192
9951,1238951292,1238956706,5414
9952,1238951721,1238958038,6317
9953,1238952608,1238958858,6250
9954,1238954025,1238959215,5190
9955,1238955328,1238959821,4493
9956,1238956442,1238960196,3754
9957,1238956706,1238960754,4048
9958,1238958038,1238961101,3063
9959,1238958858,1238962186,3328
9960,1238959215,1238962671,3456
9961,1238959821,1238963276,3455
9962,1238960196,1238964216,4020
9963,1238960754,1238964883,4129
9964,1238961101,1238966173,5072
9965,1238962186,1238967054,4868
9966,1238962671,1238967734,5063
9967,1238963276,1238968196,4920
9968,1238964216,1238969445,5229
9969,1238964883,1238970203,5320
9970,1238966173,1238970771,4598
9971,1238967054,1238971689,4635
9972,1238967734,1238972385,4651
9973,1238968196,1238972855,4659
9974,1238969445,1238973164,3719
9975,1238970203,1238973461,3258
9976,1238970771,1238974237,3466
9977,1238971689,1238975673,3984
9978,1238972385,1238976042,3657
9979,1238972855,1238976226,3371
9980,1238973164,1238976377,3213
9981,1238973461,1238976852,3391
9982,1238974237,1238976882,2645
9983,1238975673,1238976997,1324
9984,1238976042,1238977292,1250
9985,1238976226,1238978169,1943
9986,1238976377,1238978867,2490
9987,1238976852,1238980029,3177
9988,1238976882,1238980376,3494
9989,1238976997,1238981341,4344
9990,1238977292,1238982027,4735
9991,1238978169,1238983316,5147
9992,1238978867,1238984001,5134
9993,1238980029,1238984550,4521
9994,1238980376,1238984702,4326
9995,1238981341,1238985062,3721
9996,1238982027,1238985246,3219
9997,1238983316,1238986707,3391
9998,1238984001,1238987390,3389
9999,1238984550,1238987491,2941
10000,1238984702,1238988213,3511
10001,1238985062,1238989442,4380
10002,1238985246,1238990013,4767
10003,1238986707,1238990738,4031
10004,1238987390,1238991123,3733
10005,1238987491,1238991796,4305
10006,1238988213,1238992720,4507
10007,1238989442,1238993407,3965
10008,1238990013,1238994051,4038
10008,1238990013,1238994051,4038
10008,1238990013,1238994051,4038
10008,1238990013,1238994051,4038
10008,1238990013,1238994051,4038
10008,1238990013,1238994051,4038
10008,1238990013,1238994051,4038
10008,1238990013,1238994051,4038
10008,1238990013,1238994051,4038
10008,1238990013,1238994051,4038
10008,1238990013,1238994051,4038
10008,1238990013,1238994051,4038
10008,1238990013,1238994051,4038
10008,1238990013,1238994051,4038
10008,1238990013,1238994051,4038
10008,1238990013,1238994051,4038
10008,1238990013,1238994051,4038
10008,1238990013,1238994051,4038
10008,1238990013,1238994051,4038
10008,1238990013,1238994051,4038
10008,1238990013,1238994051,4038
10008,1238990013,1238994051,4038
10008,1238990013,1238994051,4038
10008,1238990013,1238994051,4038
10008,1238990013,1238994051,4038
10008,1238990013,1238994051,4038
10008,1238990013,1238994051,4038
10008,1238990013,1238994051,4038
10008,1238990013,1238994051,4038
10008,1238990013,1238994051,4038
10008,1238990013,1238994051,4038
10008,1238990013,1238994051,4038
10008,1238990013,1238994051,4038
10008,1238990013,1238994051,4038
10008,1238990013,1238994051,4038
10008,1238990013,1238994051,4038
10008,1238990013,1238994051,4038
10008,1238990013,1238994051,4038
10008,1238990013,1238994051,4038
10008,1238990013,1238994051,4038
10008,1238990013,1238994051,4038
10008,1238990013,1238994051,4038
10008,1238990013,1238994051,4038
10008,1238990013,1238994051,4038
10008,1238990013,1238994051,4038
10008,1238990013,1238994051,4038
10008,1238990013,1238994051,4038
10008,1238990013,1238994051,4038
10008,1238990013,1238994051,4038
10008,1238990013,1238994051,4038
10008,1238990013,1238994051,4038
10008,1238990013,1238994051,4038
10008,1238990013,1238994051,4038
10008,1238990013,1238994051,4038
10008,1238990013,1238994051,4038
10008,1238990013,1238994051,4038
10008,1238990013,1238994051,4038
10008,1238990013,1238994051,4038
10008,1238990013,1238994051,4038
10008,1238990013,1238994051,4038
10008,1238990013,1238994051,4038
10008,1238990013,1238994051,4038
10008,1238990013,1238994051,4038
10008,1238990013,1238994051,4038
10008,1238990013,1238994051,4038
10008,1238990013,1238994051,4038
10008,1238990013,1238994051,4038
10008,1238990013,1238994051,4038
10008,1238990013,1238994051,4038
10008,1238990013,1238994051,4038
10008,1238990013,1238994051,4038
10008,1238990013,1238994051,4038
10008,1238990013,1238994051,4038
10008,1238990013,1238994051,4038
10008,1238990013,1238994051,4038
10008,1238990013,1238994051,4038
10008,1238990013,1238994051,4038
10008,1238990013,1238994051,4038
10008,1238990013,1238994051,4038
10008,1238990013,1238994051,4038
10008,1238990013,1238994051,4038
10008,1238990013,1238994051,4038
10008,1238990013,1238994051,4038
10008,1238990013,1238994051,4038
10008,1238990013,1238994051,4038
10008,1238990013,1238994051,4038
10008,1238990013,1238994051,4038
10008,1238990013,1238994051,4038
10008,1238990013,1238994051,4038
10008,1238990013,1238994051,4038
10009,1238990738,1238994736,3998
10009,1238990738,1238994736,3998
10009,1238990738,1238994736,3998
10009,1238990738,1238994736,3998
10009,1238990738,1238994736,3998
10009,1238990738,1238994736,3998
10009,1238990738,1238994736,3998
10009,1238990738,1238994736,3998
10009,1238990738,1238994736,3998
10009,1238990738,1238994736,3998
10009,1238990738,1238994736,3998
10010,1238991123,1238995200,4077
10011,1238991796,1238996135,4339
10012,1238992720,1238997592,4872
10013,1238993407,1238998290,4883
10014,1238994051,1238999370,5319
10015,1238994736,1238999947,5211
10016,1238995200,1239000809,5609
10017,1238996135,1239002446,6311
10018,1238997592,1239003912,6320
10019,1238998290,1239004584,6294
10020,1238999370,1239005793,6423
10021,1238999947,1239006711,6764
10022,1239000809,1239007880,7071
10023,1239002446,1239008443,5997
10024,1239003912,1239009314,5402
10025,1239004584,1239010473,5889
10026,1239005793,1239011975,6182
10027,1239006711,1239012916,6205
10028,1239007880,1239013782,5902
10029,1239008443,1239015305,6862
10030,1239009314,1239015699,6385
10031,1239010473,1239017138,6665
10032,1239011975,1239018561,6586
10033,1239012916,1239020040,7124
10034,1239013782,1239021216,7434
10035,1239015305,1239022696,7391
10036,1239015699,1239023667,7968
10037,1239017138,1239024141,7003
10038,1239018561,1239024213,5652
10039,1239020040,1239024698,4658
10040,1239021216,1239025846,4630
10041,1239022696,1239026114,3418
10042,1239023667,1239026843,3176
10043,1239024141,1239027835,3694
10044,1239024213,1239028526,4313
10045,1239024698,1239029995,5297
10046,1239025846,1239031199,5353
10047,1239026114,1239031799,5685
10048,1239026843,1239032996,6153
10049,1239027835,1239033550,5715
10050,1239028526,1239033861,5335
10051,1239029995,1239034311,4316
10052,1239031199,1239034871,3672
10053,1239031799,1239035454,3655
10054,1239032996,1239035714,2718
10055,1239033550,1239036468,2918
10056,1239033861,1239036907,3046
10057,1239034311,1239037083,2772
10058,1239034871,1239037548,2677
10059,1239035454,1239038630,3176
10060,1239035714,1239039218,3504
10061,1239036468,1239040359,3891
10062,1239036907,1239041186,4279
10063,1239037083,1239041365,4282
10064,1239037548,1239041912,4364
10065,1239038630,1239042584,3954
10066,1239039218,1239043176,3958
10067,1239040359,1239044183,3824
10068,1239041186,1239045596,4410
10069,1239041365,1239046905,5540
10070,1239041912,1239047778,5866
10071,1239042584,1239048256,5672
10072,1239043176,1239048748,5572
10073,1239044183,1239049584,5401
10074,1239045596,1239050970,5374
10075,1239046905,1239051721,4816
10076,1239047778,1239052785,5007
10077,1239048256,1239053725,5469
10078,1239048748,1239053929,5181
10079,1239049584,1239054978,5394
10080,1239050970,1239055463,4493
10081,1239051721,1239056844,5123
10082,1239052785,1239058247,5462
10083,1239053725,1239058994,5269
10084,1239053929,1239060024,6095
10085,1239054978,1239061070,6092
10086,1239055463,1239061807,6344
10087,1239056844,1239062496,5652
10088,1239058247,1239063343,5096
10089,1239058994,1239064296,5302
10090,1239060024,1239065656,5632
10091,1239061070,1239066154,5084
10092,1239061807,1239067056,5249
10093,1239062496,1239068016,5520
10094,1239063343,1239068131,4788
10095,1239064296,1239069092,4796
10096,1239065656,1239070260,4604
10097,1239066154,1239071694,5540
10098,1239067056,1239072061,5005
10099,1239068016,1239072555,4539
10100,1239068131,1239073196,5065
10101,1239069092,1239074221,5129
10102,1239070260,1239075390,5130
10103,1239071694,1239076401,4707
10104,1239072061,1239076742,4681
10105,1239072555,1239077099,4544
10106,1239073196,1239077752,4556
10107,1239074221,1239078167,3946
10108,1239075390,1239078581,3191
10109,1239076401,1239079097,2696
10110,1239076742,1239079704,2962
10111,1239077099,1239080825,3726
10112,1239077752,1239081485,3733
10113,1239078167,1239082614,4447
10114,1239078581,1239083589,5008
10115,1239079097,1239084067,4970
10116,1239079704,1239085454,5750
10117,1239080825,1239086036,5211
10118,1239081485,1239086227,4742
10119,1239082614,1239086916,4302
10120,1239083589,1239087478,3889
10121,1239084067,1239088308,4241
10122,1239085454,1239089758,4304
10123,1239086036,1239091129,5093
10124,1239086227,1239092248,6021
10125,1239086916,1239093358,6442
10126,1239087478,1239094294,6816
10127,1239088308,1239094535,6227
10128,1239089758,1239095847,6089
10129,1239091129,1239096669,5540
10130,1239092248,1239097822,5574
10131,1239093358,1239098764,5406
10132,1239094294,1239099429,5135
10133,1239094535,1239100252,5717
10134,1239095847,1239100706,4859
10135,1239096669,1239101781,5112
10136,1239097822,1239102257,4435
10137,1239098764,1239103426,4662
10138,1239099429,1239103917,4488
10139,1239100252,1239105452,5200
10140,1239100706,1239106894,6188
10141,1239101781,1239108254,6473
10142,1239102257,1239109059,6802
10143,1239103426,1239109780,6354
10144,1239103917,1239110932,7015
10145,1239105452,1239111646,6194
10146,1239106894,1239113060,6166
10147,1239108254,1239114106,5852
10148,1239109059,1239115643,6584
10149,1239109780,1239116574,6794
10150,1239110932,1239117888,6956
10151,1239111646,1239119080,7434
10152,1239113060,1239120373,7313
10153,1239114106,1239121179,7073
10154,1239115643,1239122137,6494
10155,1239116574,1239123189,6615
10156,1239117888,1239123688,5800
10157,1239119080,1239124142,5062
10158,1239120373,1239124987,4614
10159,1239121179,1239125750,4571
10160,1239122137,1239125740,3603
10161,1239123189,1239126865,3676
10162,1239123688,1239127608,3920
10163,1239124142,1239128446,4304
10164,1239124987,1239129406,4419
10165,1239125740,1239130860,5120
10166,1239125750,1239131701,5951
10167,1239126865,1239132421,5556
10168,1239127608,1239133144,5536
10169,1239128446,1239133973,5527
10170,1239129406,1239134429,5023
10171,1239130860,1239134876,4016
10172,1239131701,1239135742,4041
10173,1239132421,1239135855,3434
10174,1239133144,1239137000,3856
10175,1239133973,1239138250,4277
10176,1239134429,1239139150,4721
10177,1239134876,1239139954,5078
10178,1239135742,1239141411,5669
10179,1239135855,1239142240,6385
10180,1239137000,1239143219,6219
10181,1239138250,1239144675,6425
10182,1239139150,1239145392,6242
10183,1239139954,1239146290,6336
10184,1239141411,1239147259,5848
10185,1239142240,1239147731,5491
10186,1239143219,1239148372,5153
10187,1239144675,1239149073,4398
10188,1239145392,1239149161,3769
10189,1239146290,1239149707,3417
10190,1239147259,1239150253,2994
10191,1239147731,1239151713,3982
10192,1239148372,1239152757,4385
10193,1239149073,1239153686,4613
10194,1239149161,1239154589,5428
10195,1239149707,1239155228,5521
10196,1239150253,1239155657,5404
10197,1239151713,1239156031,4318
10198,1239152757,1239156650,3893
10199,1239153686,1239157661,3975
10200,1239154589,1239158100,3511
10201,1239155228,1239159551,4323
10202,1239155657,1239160403,4746
10203,1239156031,1239161757,5726
10204,1239156650,1239162627,5977
10205,1239157661,1239163608,5947
10206,1239158100,1239164986,6886
10207,1239159551,1239166180,6629
10208,1239160403,1239167419,7016
10209,1239161757,1239168856,7099
10210,1239162627,1239169040,6413
10211,1239163608,1239169486,5878
10212,1239164986,1239169904,4918
10213,1239166180,1239169871,3691
10214,1239167419,1239170177,2758
10215,1239168856,1239170386,1530
10216,1239169040,1239170996,1956
10217,1239169486,1239171046,1560
10218,1239169871,1239172090,2219
10219,1239169904,1239173622,3718
10220,1239170177,1239174236,4059
10221,1239170386,1239174832,4446
10222,1239170996,1239176281,5285
10223,1239171046,1239177178,6132
10224,1239172090,1239178337,6247
10225,1239173622,1239178396,4774
10226,1239174236,1239179611,5375
10227,1239174832,1239180388,5556
10228,1239176281,1239181919,5638
10229,1239177178,1239182896,5718
10230,1239178337,1239183255,4918
10231,1239178396,1239184203,5807
10232,1239179611,1239184878,5267
10233,1239180388,1239184950,4562
10234,1239181919,1239185691,3772
10235,1239182896,1239186115,3219
10236,1239183255,1239186796,3541
10237,1239184203,1239187334,3131
10238,1239184878,1239187902,3024
10239,1239184950,1239188892,3942
10240,1239185691,1239188949,3258
10241,1239186115,1239190125,4010
10242,1239186796,1239191242,4446
10243,1239187334,1239191599,4265
10244,1239187902,1239192163,4261
10245,1239188892,1239192683,3791
10246,1239188949,1239193439,4490
10247,1239190125,1239194647,4522
10248,1239191242,1239195534,4292
10249,1239191599,1239197083,5484
10250,1239192163,1239198527,6364
10251,1239192683,1239199205,6522
10252,1239193439,1239200598,7159
10253,1239194647,1239201459,6812
10254,1239195534,1239202660,7126
10255,1239197083,1239203817,6734
10256,1239198527,1239204527,6000
10257,1239199205,1239205690,6485
10258,1239200598,1239206287,5689
10259,1239201459,1239207200,5741
10260,1239202660,1239207612,4952
10261,1239203817,1239208610,4793
10262,1239204527,1239209238,4711
10263,1239205690,1239210559,4869
10264,1239206287,1239211920,5633
10265,1239207200,1239213374,6174
10266,1239207612,1239214364,6752
10267,1239208610,1239215631,7021
10268,1239209238,1239216646,7408
10269,1239210559,1239217814,7255
10270,1239211920,1239218918,6998
10271,1239213374,1239219711,6337
10272,1239214364,1239220244,5880
10273,1239215631,1239220394,4763
10274,1239216646,1239220762,4116
10275,1239217814,1239221818,4004
10276,1239218918,1239222701,3783
10277,1239219711,1239224323,4612
10278,1239220244,1239224491,4247
10279,1239220394,1239224988,4594
10280,1239220762,1239225972,5210
10281,1239221818,1239226630,4812
10282,1239222701,1239227698,4997
10283,1239224323,1239228200,3877
10284,1239224491,1239229299,4808
10285,1239224988,1239230439,5451
10286,1239225972,1239231374,5402
10287,1239226630,1239231619,4989
10288,1239227698,1239232658,4960
10289,1239228200,1239233590,5390
10290,1239229299,1239233784,4485
10291,1239230439,1239235005,4566
10292,1239231374,1239236488,5114
10293,1239231619,1239237279,5660
10294,1239232658,1239238746,6088
10295,1239233590,1239239603,6013
10296,1239233784,1239240932,7148
10297,1239235005,1239241627,6622
10298,1239236488,1239241942,5454
10299,1239237279,1239242879,5600
10300,1239238746,1239243778,5032
10301,1239239603,1239244321,4718
10302,1239240932,1239244807,3875
10303,1239241627,1239245620,3993
10304,1239241942,1239246147,4205
10305,1239242879,1239247160,4281
10306,1239243778,1239248334,4556
10307,1239244321,1239249845,5524
10308,1239244807,1239250991,6184
10309,1239245620,1239251873,6253
10310,1239246147,1239252875,6728
10311,1239247160,1239253088,5928
10312,1239248334,1239253600,5266
10313,1239249845,1239254044,4199
10314,1239250991,1239255016,4025
10315,1239251873,1239255675,3802
10316,1239252875,1239256996,4121
10317,1239253088,1239257720,4632
10318,1239253600,1239257791,4191
10319,1239254044,1239258529,4485
10320,1239255016,1239259968,4952
10321,1239255675,1239261201,5526
10322,1239256996,1239262674,5678
10323,1239257720,1239263800,6080
10324,1239257791,1239265266,7475
10325,1239258529,1239266389,7860
10326,1239259968,1239267472,7504
10327,1239261201,1239267983,6782
10328,1239262674,1239268848,6174
10329,1239263800,1239270009,6209
10330,1239265266,1239270759,5493
10331,1239266389,1239271148,4759
10332,1239267472,1239272596,5124
10333,1239267983,1239272724,4741
10334,1239268848,1239273963,5115
10335,1239270009,1239275473,5464
10336,1239270759,1239276871,6112
10337,1239271148,1239277471,6323
10338,1239272596,1239278354,5758
10339,1239272724,1239279207,6483
10340,1239273963,1239279689,5726
10341,1239275473,1239280134,4661
10342,1239276871,1239280874,4003
10343,1239277471,1239282366,4895
10344,1239278354,1239283296,4942
10345,1239279207,1239283616,4409
10346,1239279689,1239284818,5129
10347,1239280134,1239285967,5833
10348,1239280874,1239287499,6625
10349,1239282366,1239287530,5164
10350,1239283296,1239288139,4843
10351,1239283616,1239288264,4648
10352,1239284818,1239289331,4513
10353,1239285967,1239289729,3762
10354,1239287499,1239290224,2725
10355,1239287530,1239290282,2752
10356,1239288139,1239294829,6690
10357,1239288264,1239295744,7480
10358,1239289331,1239296633,7302
10359,1239289729,1239297247,7518
10360,1239290224,1239297328,7104
10361,1239290282,1239298384,8102
10362,1239294829,1239298768,3939
10363,1239295744,1239298845,3101
10364,1239296633,1239299657,3024
10365,1239297247,1239300466,3219
10366,1239297328,1239301336,4008
10367,1239298384,1239301462,3078
10368,1239298768,1239302698,3930
10369,1239298845,1239303701,4856
10370,1239299657,1239305138,5481
10371,1239300466,1239305598,5132
10372,1239301336,1239306879,5543
10373,1239301462,1239307382,5920
10374,1239302698,1239308838,6140
10375,1239303701,1239309660,5959
10376,1239305138,1239311127,5989
10377,1239305598,1239312336,6738
10378,1239306879,1239313238,6359
10379,1239307382,1239313924,6542
10380,1239308838,1239315184,6346
10381,1239309660,1239315322,5662
10382,1239311127,1239316166,5039
10383,1239312336,1239316853,4517
10384,1239313238,1239317555,4317
10385,1239313924,1239318971,5047
10386,1239315184,1239319688,4504
10387,1239315322,1239320088,4766
10388,1239316166,1239320168,4002
10389,1239316853,1239320466,3613
10390,1239317555,1239320939,3384
10391,1239318971,1239322164,3193
10392,1239319688,1239323251,3563
10393,1239320088,1239324068,3980
10394,1239320168,1239324617,4449
10395,1239320466,1239325889,5423
10396,1239320939,1239326169,5230
10397,1239322164,1239326955,4791
10398,1239323251,1239328425,5174
10399,1239324068,1239328864,4796
10400,1239324617,1239329460,4843
10401,1239325889,1239329890,4001
10402,1239326169,1239330461,4292
10403,1239326955,1239331834,4879
10404,1239328425,1239332289,3864
10405,1239328864,1239333421,4557
10406,1239329460,1239334121,4661
10407,1239329890,1239335497,5607
10408,1239330461,1239336337,5876
10409,1239331834,1239336939,5105
10410,1239332289,1239338385,6096
10411,1239333421,1239340096,6675
10412,1239334121,1239340600,6479
10413,1239335497,1239341266,5769
10414,1239336337,1239341990,5653
10415,1239336939,1239342764,5825
10416,1239338385,1239344054,5669
10417,1239340096,1239345462,5366
10418,1239340600,1239346633,6033
10419,1239341266,1239348054,6788
10420,1239341990,1239348138,6148
10421,1239342764,1239348247,5483
10422,1239344054,1239348842,4788
10423,1239345462,1239350216,4754
10424,1239346633,1239351722,5089
10425,1239348054,1239353270,5216
10426,1239348138,1239353888,5750
10427,1239348247,1239355463,7216
10428,1239348842,1239356230,7388
10429,1239350216,1239357250,7034
10430,1239351722,1239358372,6650
10431,1239353270,1239358803,5533
10432,1239353888,1239359656,5768
10433,1239355463,1239360317,4854
10434,1239356230,1239361474,5244
10435,1239357250,1239362823,5573
10436,1239358372,1239363265,4893
10437,1239358803,1239364656,5853
10438,1239359656,1239364667,5011
10439,1239360317,1239365927,5610
10440,1239361474,1239367413,5939
10441,1239362823,1239367391,4568
10442,1239363265,1239367847,4582
10443,1239364656,1239369139,4483
10444,1239364667,1239370506,5839
10445,1239365927,1239371333,5406
10446,1239367391,1239371667,4276
10447,1239367413,1239372966,5553
10448,1239367847,1239373727,5880
10449,1239369139,1239374746,5607
10450,1239370506,1239375631,5125
10451,1239371333,1239376547,5214
10452,1239371667,1239377081,5414
10453,1239372966,1239377155,4189
10454,1239373727,1239378442,4715
10455,1239374746,1239379495,4749
10456,1239375631,1239379856,4225
10457,1239376547,1239379972,3425
10458,1239377081,1239381120,4039
10459,1239377155,1239381189,4034
10460,1239378442,1239382672,4230
10461,1239379495,1239383796,4301
10462,1239379856,1239384006,4150
10463,1239379972,1239384388,4416
10464,1239381120,1239384606,3486
10465,1239381189,1239385308,4119
10466,1239382672,1239385824,3152
10467,1239383796,1239387028,3232
10468,1239384006,1239387080,3074
10469,1239384388,1239387506,3118
10470,1239384606,1239387815,3209
10471,1239385308,1239388810,3502
10472,1239385824,1239390193,4369
10473,1239387028,1239390624,3596
10474,1239387080,1239391703,4623
10475,1239387506,1239392616,5110
10476,1239387815,1239393772,5957
10477,1239388810,1239394263,5453
10478,1239390193,1239394980,4787
10479,1239390624,1239395360,4736
10480,1239391703,1239395718,4015
10481,1239392616,1239396445,3829
10482,1239393772,1239396802,3030
10483,1239394263,1239397264,3001
10484,1239394980,1239397969,2989
10485,1239395360,1239398454,3094
10486,1239395718,1239399507,3789
10487,1239396445,1239400169,3724
10488,1239396802,1239401125,4323
10489,1239397264,1239402431,5167
10490,1239397969,1239403391,5422
10491,1239398454,1239404166,5712
10492,1239399507,1239404345,4838
10493,1239400169,1239404874,4705
10494,1239401125,1239406080,4955
10495,1239402431,1239406587,4156
10496,1239403391,1239407030,3639
10497,1239404166,1239407486,3320
10498,1239404345,1239407943,3598
10499,1239404874,1239409119,4245
10500,1239406080,1239410223,4143
10501,1239406587,1239411479,4892
10502,1239407030,1239411564,4534
10503,1239407486,1239412164,4678
10504,1239407943,1239413667,5724
10505,1239409119,1239414114,4995
10506,1239410223,1239414861,4638
10507,1239411479,1239415391,3912
10508,1239411564,1239416219,4655
10509,1239412164,1239416536,4372
10510,1239413667,1239416705,3038
10511,1239414114,1239416623,2509
10512,1239414861,1239417879,3018
10513,1239415391,1239418956,3565
10514,1239416219,1239419076,2857
10515,1239416536,1239420137,3601
10516,1239416623,1239421021,4398
10517,1239416705,1239421205,4500
10518,1239417879,1239421419,3540
10519,1239418956,1239421527,2571
10520,1239419076,1239422107,3031
10521,1239420137,1239423336,3199
10522,1239421021,1239423532,2511
10523,1239421205,1239424195,2990
10524,1239421419,1239424320,2901
10525,1239421527,1239424723,3196
10526,1239422107,1239425282,3175
10527,1239423336,1239426003,2667
10528,1239423532,1239426609,3077
10529,1239424195,1239427003,2808
10530,1239424320,1239427484,3164
10531,1239424723,1239428927,4204
10532,1239425282,1239430410,5128
10533,1239426003,1239431426,5423
10534,1239426609,1239432670,6061
10535,1239427003,1239433833,6830
10536,1239427484,1239434125,6641
10537,1239428927,1239434782,5855
10538,1239430410,1239435425,5015
10539,1239431426,1239436916,5490
10540,1239432670,1239438430,5760
10541,1239433833,1239439150,5317
10542,1239434125,1239440009,5884
10543,1239434782,1239441327,6545
10544,1239435425,1239442284,6859
10545,1239436916,1239442482,5566
10546,1239438430,1239443435,5005
10547,1239439150,1239443647,4497
10548,1239440009,1239444734,4725
10549,1239441327,1239445363,4036
10550,1239442284,1239446006,3722
10551,1239442482,1239446114,3632
10552,1239443435,1239446679,3244
10553,1239443647,1239447500,3853
10554,1239444734,1239448193,3459
10555,1239445363,1239449427,4064
10556,1239446006,1239449819,3813
10557,1239446114,1239450009,3895
10558,1239446679,1239450010,3331
10559,1239447500,1239450534,3034
10560,1239448193,1239451795,3602
10561,1239449427,1239452027,2600
10562,1239449819,1239452535,2716
10563,1239450009,1239453318,3309
10564,1239450010,1239454820,4810
10565,1239450534,1239455281,4747
10566,1239451795,1239456435,4640
10567,1239452027,1239456516,4489
10568,1239452535,1239456884,4349
10569,1239453318,1239458179,4861
10570,1239454820,1239458662,3842
10571,1239455281,1239459773,4492
10572,1239456435,1239461160,4725
10573,1239456516,1239461633,5117
10574,1239456884,1239462057,5173
10575,1239458179,1239462310,4131
10576,1239458662,1239462931,4269
10577,1239459773,1239462988,3215
10578,1239461160,1239464241,3081
10579,1239461633,1239464301,2668
10580,1239462057,1239464997,2940
10581,1239462310,1239465594,3284
10582,1239462931,1239466948,4017
10583,1239462988,1239467490,4502
10584,1239464241,1239468758,4517
10585,1239464301,1239469334,5033
10586,1239464997,1239470213,5216
10587,1239465594,1239470722,5128
10588,1239466948,1239471150,4202
10589,1239467490,1239472570,5080
10590,1239468758,1239473398,4640
10591,1239469334,1239473783,4449
10592,1239470213,1239475099,4886
10593,1239470722,1239475916,5194
10594,1239471150,1239476304,5154
10595,1239472570,1239477201,4631
10596,1239473398,1239477729,4331
10597,1239473783,1239478151,4368
10598,1239475099,1239478729,3630
10599,1239475916,1239479087,3171
10600,1239476304,1239479487,3183
10601,1239477201,1239479524,2323
10602,1239477729,1239480450,2721
10603,1239478151,1239481700,3549
10604,1239478729,1239483208,4479
10605,1239479087,1239483501,4414
10606,1239479487,1239483813,4326
10607,1239479524,1239483912,4388
10608,1239480450,1239485272,4822
10609,1239481700,1239485815,4115
10610,1239483208,1239486800,3592
10611,1239483501,1239487535,4034
10612,1239483813,1239488451,4638
10613,1239483912,1239489056,5144
10614,1239485272,1239490228,4956
10615,1239485815,1239491136,5321
10616,1239486800,1239491564,4764
10617,1239487535,1239492207,4672
10618,1239488451,1239493216,4765
10619,1239489056,1239494402,5346
10620,1239490228,1239494679,4451
10621,1239491136,1239495114,3978
10622,1239491564,1239495519,3955
10623,1239492207,1239496886,4679
10624,1239493216,1239497654,4438
10625,1239494402,1239498010,3608
10626,1239494679,1239498262,3583
10627,1239495114,1239499042,3928
10628,1239495519,1239499947,4428
10629,1239496886,1239500562,3676
10630,1239497654,1239501562,3908
10631,1239498010,1239502101,4091
10632,1239498262,1239502862,4600
10633,1239499042,1239503464,4422
10634,1239499947,1239504440,4493
10635,1239500562,1239505178,4616
10636,1239501562,1239505887,4325
10637,1239502101,1239506364,4263
10638,1239502862,1239507023,4161
10639,1239503464,1239507409,3945
10640,1239504440,1239508135,3695
10641,1239505178,1239508649,3471
10642,1239505887,1239510111,4224
10643,1239506364,1239510983,4619
10644,1239507023,1239511459,4436
10645,1239507409,1239512441,5032
10646,1239508135,1239512614,4479
10647,1239508649,1239513017,4368
10648,1239510111,1239514490,4379
10649,1239510983,1239515123,4140
10650,1239511459,1239516086,4627
10651,1239512441,1239516927,4486
10652,1239512614,1239517518,4904
10653,1239513017,1239517905,4888
10654,1239514490,1239518603,4113
10655,1239515123,1239519733,4610
10656,1239516086,1239520818,4732
10657,1239516927,1239521226,4299
10658,1239517518,1239521516,3998
10659,1239517905,1239521962,4057
10660,1239518603,1239522644,4041
10661,1239519733,1239523550,3817
10662,1239520818,1239525028,4210
10663,1239521226,1239526243,5017
10664,1239521516,1239526493,4977
10665,1239521962,1239526938,4976
10666,1239522644,1239528383,5739
10667,1239523550,1239529193,5643
10668,1239525028,1239529691,4663
10669,1239526243,1239531176,4933
10670,1239526493,1239532398,5905
10671,1239526938,1239533820,6882
10672,1239528383,1239534965,6582
10673,1239529193,1239535658,6465
10674,1239529691,1239536359,6668
10675,1239531176,1239537551,6375
10676,1239532398,1239538374,5976
10677,1239533820,1239539104,5284
10678,1239534965,1239539711,4746
10679,1239535658,1239540918,5260
10680,1239536359,1239542203,5844
10681,1239537551,1239543445,5894
10682,1239538374,1239543852,5478
10683,1239539104,1239544041,4937
10684,1239539711,1239544362,4651
10685,1239540918,1239544562,3644
10686,1239542203,1239545854,3651
10687,1239543445,1239546874,3429
10688,1239543852,1239547391,3539
10689,1239544041,1239548110,4069
10690,1239544362,1239548649,4287
10691,1239544562,1239548864,4302
10692,1239545854,1239549535,3681
10693,1239546874,1239550521,3647
10694,1239547391,1239551942,4551
10695,1239548110,1239553214,5104
10696,1239548649,1239553531,4882
10697,1239548864,1239554248,5384
10698,1239549535,1239555035,5500
10699,1239550521,1239555662,5141
10700,1239551942,1239556166,4224
10701,1239553214,1239556565,3351
10702,1239553531,1239557120,3589
10703,1239554248,1239557963,3715
10704,1239555035,1239558578,3543
10705,1239555662,1239559507,3845
10706,1239556166,1239560466,4300
10707,1239556565,1239561420,4855
10708,1239557120,1239561984,4864
10709,1239557963,1239563227,5264
10710,1239558578,1239564402,5824
10711,1239559507,1239564428,4921
10712,1239560466,1239565617,5151
10713,1239561420,1239566129,4709
10714,1239561984,1239566996,5012
10715,1239563227,1239568272,5045
10716,1239564402,1239568894,4492
10717,1239564428,1239569321,4893
10718,1239565617,1239570002,4385
10719,1239566129,1239570286,4157
10720,1239566996,1239570400,3404
10721,1239568272,1239570799,2527
10722,1239568894,1239571027,2133
10723,1239569321,1239571781,2460
10724,1239570002,1239572512,2510
10725,1239570286,1239573777,3491
10726,1239570400,1239575034,4634
10727,1239570799,1239575021,4222
10728,1239571027,1239575266,4239
10729,1239571781,1239575552,3771
10730,1239572512,1239576155,3643
10731,1239573777,1239577196,3419
10732,1239575021,1239577481,2460
10733,1239575034,1239578279,3245
10734,1239575266,1239579446,4180
10735,1239575552,1239579686,4134
10736,1239576155,1239580134,3979
10737,1239577196,1239581026,3830
10738,1239577481,1239582084,4603
10739,1239578279,1239583188,4909
10740,1239579446,1239584233,4787
10741,1239579686,1239585111,5425
10742,1239580134,1239585366,5232
10743,1239581026,1239585765,4739
10744,1239582084,1239586139,4055
10745,1239583188,1239586596,3408
10746,1239584233,1239587497,3264
10747,1239585111,1239588023,2912
10748,1239585366,1239588780,3414
10749,1239585765,1239589000,3235
10750,1239586139,1239589733,3594
10751,1239586596,1239590679,4083
10752,1239587497,1239591645,4148
10753,1239588023,1239592040,4017
10754,1239588780,1239593104,4324
10755,1239589000,1239594001,5001
10756,1239589733,1239594054,4321
10757,1239590679,1239594942,4263
10758,1239591645,1239595641,3996
10759,1239592040,1239597052,5012
10760,1239593104,1239598292,5188
10761,1239594001,1239599356,5355
10762,1239594054,1239600005,5951
10763,1239594942,1239600373,5431
10764,1239595641,1239600970,5329
10765,1239597052,1239601954,4902
10766,1239598292,1239602924,4632
10767,1239599356,1239603459,4103
10768,1239600005,1239603948,3943
10769,1239600373,1239604996,4623
10770,1239600970,1239606421,5451
10771,1239601954,1239606780,4826
10772,1239602924,1239607192,4268
10773,1239603459,1239608062,4603
10774,1239603948,1239608310,4362
10775,1239604996,1239608598,3602
10776,1239606421,1239608941,2520
10777,1239606780,1239609754,2974
10778,1239607192,1239610250,3058
10779,1239608062,1239611100,3038
10780,1239608310,1239611617,3307
10781,1239608598,1239612323,3725
10782,1239608941,1239613892,4951
10783,1239609754,1239614194,4440
10784,1239610250,1239615339,5089
10785,1239611100,1239615780,4680
10786,1239611617,1239616623,5006
10787,1239612323,1239617844,5521
10788,1239613892,1239618485,4593
10789,1239614194,1239618895,4701
10790,1239615339,1239619579,4240
10791,1239615780,1239621009,5229
10792,1239616623,1239621855,5232
10793,1239617844,1239623141,5297
10794,1239618485,1239623546,5061
10795,1239618895,1239624339,5444
10796,1239619579,1239625136,5557
10797,1239621009,1239625310,4301
10798,1239621855,1239625916,4061
10799,1239623141,1239627068,3927
10800,1239623546,1239627725,4179
10801,1239624339,1239629127,4788
10802,1239625136,1239630470,5334
10803,1239625310,1239631781,6471
10804,1239625916,1239633152,7236
10805,1239627068,1239633540,6472
10806,1239627725,1239633614,5889
10807,1239629127,1239634682,5555
10808,1239630470,1239635876,5406
10809,1239631781,1239636933,5152
10810,1239633152,1239637246,4094
10811,1239633540,1239637887,4347
10812,1239633614,1239638853,5239
10813,1239634682,1239639429,4747
10814,1239635876,1239640234,4358
10815,1239636933,1239641067,4134
10816,1239637246,1239642549,5303
10817,1239637887,1239643130,5243
10818,1239638853,1239643610,4757
10819,1239639429,1239644953,5524
10820,1239640234,1239646082,5848
10821,1239641067,1239646536,5469
10822,1239642549,1239646956,4407
10823,1239643130,1239647359,4229
10824,1239643610,1239647734,4124
10825,1239644953,1239648593,3640
10826,1239646082,1239648659,2577
10827,1239646536,1239649970,3434
10828,1239646956,1239650138,3182
10829,1239647359,1239651458,4099
10830,1239647734,1239652312,4578
10831,1239648593,1239652958,4365
10832,1239648659,1239653635,4976
10833,1239649970,1239654213,4243
10834,1239650138,1239654342,4204
10835,1239651458,1239655084,3626
10836,1239652312,1239655151,2839
10837,1239652958,1239655746,2788
10838,1239653635,1239657136,3501
10839,1239654213,1239658094,3881
10840,1239654342,1239658760,4418
10841,1239655084,1239659496,4412
10842,1239655151,1239659966,4815
10843,1239655746,1239661383,5637
10844,1239657136,1239661469,4333
10845,1239658094,1239662364,4270
10846,1239658760,1239663366,4606
10847,1239659496,1239663984,4488
10848,1239659966,1239664738,4772
10849,1239661383,1239665135,3752
10850,1239661469,1239665587,4118
10851,1239662364,1239666032,3668
10852,1239663366,1239667478,4112
10853,1239663984,1239667604,3620
10854,1239664738,1239668020,3282
10855,1239665135,1239668339,3204
10856,1239665587,1239668986,3399
10857,1239666032,1239670316,4284
10858,1239667478,1239671576,4098
10859,1239667604,1239672438,4834
10860,1239668020,1239672640,4620
10861,1239668339,1239672936,4597
10862,1239668986,1239673301,4315
10863,1239670316,1239673723,3407
10864,1239671576,1239675137,3561
10865,1239672438,1239675308,2870
10866,1239672640,1239675384,2744
10867,1239672936,1239675642,2706
10868,1239673301,1239676559,3258
10869,1239673723,1239676970,3247
10870,1239675137,1239677708,2571
10871,1239675308,1239678327,3019
10872,1239675384,1239678929,3545
10873,1239675642,1239679567,3925
10874,1239676559,1239680932,4373
10875,1239676970,1239681332,4362
10876,1239677708,1239681743,4035
10877,1239678327,1239681945,3618
10878,1239678929,1239682911,3982
10879,1239679567,1239683124,3557
10880,1239680932,1239683444,2512
10881,1239681332,1239684615,3283
10882,1239681743,1239685886,4143
10883,1239681945,1239686375,4430
10884,1239682911,1239686792,3881
10885,1239683124,1239687784,4660
10886,1239683444,1239688505,5061
10887,1239684615,1239689988,5373
10888,1239685886,1239690305,4419
10889,1239686375,1239690601,4226
10890,1239686792,1239691310,4518
10891,1239687784,1239692676,4892
10892,1239688505,1239692939,4434
10893,1239689988,1239693572,3584
10894,1239690305,1239694138,3833
10895,1239690601,1239695345,4744
10896,1239691310,1239696055,4745
10897,1239692676,1239696319,3643
10898,1239692939,1239696927,3988
10899,1239693572,1239697790,4218
10900,1239694138,1239698490,4352
10901,1239695345,1239699503,4158
10902,1239696055,1239700531,4476
10903,1239696319,1239700580,4261
10904,1239696927,1239702130,5203
10905,1239697790,1239703376,5586
10906,1239698490,1239703727,5237
10907,1239699503,1239704057,4554
10908,1239700531,1239704751,4220
10909,1239700580,1239704924,4344
10910,1239702130,1239705317,3187
10911,1239703376,1239706658,3282
10912,1239703727,1239708180,4453
10913,1239704057,1239709104,5047
10914,1239704751,1239709309,4558
10915,1239704924,1239709984,5060
10916,1239705317,1239710932,5615
10917,1239706658,1239711954,5296
10918,1239708180,1239712725,4545
10919,1239709104,1239712899,3795
10920,1239709309,1239713053,3744
10921,1239709984,1239713497,3513
10922,1239710932,1239714114,3182
10923,1239711954,1239714335,2381
10924,1239712725,1239715471,2746
10925,1239712899,1239716905,4006
10926,1239713053,1239718156,5103
10927,1239713497,1239718282,4785
10928,1239714114,1239719590,5476
10929,1239714335,1239720097,5762
10930,1239715471,1239720150,4679
10931,1239716905,1239721197,4292
10932,1239718156,1239721420,3264
10933,1239718282,1239722804,4522
10934,1239719590,1239723491,3901
10935,1239720097,1239723532,3435
10936,1239720150,1239723829,3679
10937,1239721197,1239725313,4116
10938,1239721420,1239725981,4561
10939,1239722804,1239726734,3930
10940,1239723491,1239727793,4302
10941,1239723532,1239728755,5223
10942,1239723829,1239728885,5056
10943,1239725313,1239729340,4027
10944,1239725981,1239729685,3704
10945,1239726734,1239730225,3491
10946,1239727793,1239730978,3185
10947,1239728755,1239732839,4084
10948,1239728885,1239733445,4560
10949,1239729340,1239734986,5646
10950,1239729685,1239735776,6091
10951,1239730225,1239735868,5643
10952,1239730978,1239736571,5593
10953,1239732839,1239736812,3973
10954,1239733445,1239737438,3993
10955,1239734986,1239737986,3000
10956,1239735776,1239739157,3381
10957,1239735868,1239739901,4033
10958,1239736571,1239740553,3982
10959,1239736812,1239740964,4152
10960,1239737438,1239742033,4595
10961,1239737986,1239743105,5119
10962,1239739157,1239743875,4718
10963,1239739901,1239745144,5243
10964,1239740553,1239746308,5755
10965,1239740964,1239747272,6308
10966,1239742033,1239748428,6395
10967,1239743105,1239748839,5734
10968,1239743875,1239749206,5331
10969,1239745144,1239749715,4571
10970,1239746308,1239750848,4540
10971,1239747272,1239750813,3541
10972,1239748428,1239752000,3572
10973,1239748839,1239752502,3663
10974,1239749206,1239753006,3800
10975,1239749715,1239753041,3326
10976,1239750813,1239753763,2950
10977,1239750848,1239754379,3531
10978,1239752000,1239755687,3687
10979,1239752502,1239756860,4358
10980,1239753006,1239757077,4071
10981,1239753041,1239758220,5179
10982,1239753763,1239759288,5525
10983,1239754379,1239759965,5586
10984,1239755687,1239760212,4525
10985,1239756860,1239761087,4227
10986,1239757077,1239762067,4990
10987,1239758220,1239762578,4358
10988,1239759288,1239762864,3576
10989,1239759965,1239763772,3807
10990,1239760212,1239764165,3953
10991,1239761087,1239765020,3933
10992,1239762067,1239765935,3868
10993,1239762578,1239767212,4634
10994,1239762864,1239768359,5495
10995,1239763772,1239768856,5084
10996,1239764165,1239769303,5138
10997,1239765020,1239770156,5136
10998,1239765935,1239770830,4895
10999,1239767212,1239771294,4082
11000,1239768359,1239771564,3205
11001,1239768856,1239771936,3080
11002,1239769303,1239772748,3445
11003,1239770156,1239774165,4009
11004,1239770830,1239775125,4295
11005,1239771294,1239778206,6912
11006,1239771564,1239778407,6843
11007,1239771936,1239779559,7623
11008,1239772748,1239780113,7365
11009,1239774165,1239781534,7369
11010,1239775125,1239782907,7782
11011,1239778206,1239783798,5592
11012,1239778407,1239784623,6216
11013,1239779559,1239785150,5591
11014,1239780113,1239786594,6481
11015,1239781534,1239787683,6149
11016,1239782907,1239787792,4885
11017,1239783798,1239788716,4918
11018,1239784623,1239788870,4247
11019,1239785150,1239790128,4978
11020,1239786594,1239791391,4797
11021,1239787683,1239791882,4199
11022,1239787792,1239792765,4973
11023,1239788716,1239794057,5341
11024,1239788870,1239794091,5221
11025,1239790128,1239794507,4379
11026,1239791391,1239794928,3537
11027,1239791882,1239796429,4547
11028,1239792765,1239797093,4328
11029,1239794057,1239798504,4447
11030,1239794091,1239798883,4792
11031,1239794507,1239798991,4484
11032,1239794928,1239799991,5063
11033,1239796429,1239801028,4599
11034,1239797093,1239802558,5465
11035,1239798504,1239803971,5467
11036,1239798883,1239804148,5265
11037,1239798991,1239804397,5406
11038,1239799991,1239804495,4504
11039,1239801028,1239804791,3763
11040,1239802558,1239804886,2328
11041,1239803971,1239805655,1684
11042,1239804148,1239806331,2183
11043,1239804397,1239806809,2412
11044,1239804495,1239808354,3859
11045,1239804791,1239808958,4167
11046,1239804886,1239809436,4550
11047,1239805655,1239810237,4582
11048,1239806331,1239811382,5051
11049,1239806809,1239812649,5840
11050,1239808354,1239813916,5562
11051,1239808958,1239814573,5615
11052,1239809436,1239814710,5274
11053,1239810237,1239814803,4566
11054,1239811382,1239815405,4023
11055,1239812649,1239816042,3393
11056,1239813916,1239816814,2898
11057,1239814573,1239817140,2567
11058,1239814710,1239817841,3131
11059,1239814803,1239818450,3647
11060,1239815405,1239819761,4356
11061,1239816042,1239820823,4781
11062,1239816814,1239821532,4718
11063,1239817140,1239822969,5829
11064,1239817841,1239823469,5628
11065,1239818450,1239823918,5468
11066,1239819761,1239824459,4698
11067,1239820823,1239824667,3844
11068,1239821532,1239824826,3294
11069,1239822969,1239825625,2656
11070,1239823469,1239826881,3412
11071,1239823918,1239827355,3437
11072,1239824459,1239828279,3820
11073,1239824667,1239828339,3672
11074,1239824826,1239828914,4088
11075,1239825625,1239829411,3786
11076,1239826881,1239829887,3006
11077,1239827355,1239830578,3223
11078,1239828279,1239830983,2704
11079,1239828339,1239832150,3811
11080,1239828914,1239832427,3513
11081,1239829411,1239833416,4005
11082,1239829887,1239834311,4424
11083,1239830578,1239835191,4613
11084,1239830983,1239836456,5473
11085,1239832150,1239837272,5122
11086,1239832427,1239837624,5197
11087,1239833416,1239839077,5661
11088,1239834311,1239839502,5191
11089,1239835191,1239840086,4895
11090,1239836456,1239840019,3563
11091,1239837272,1239841248,3976
11092,1239837624,1239841400,3776
11093,1239839077,1239841759,2682
11094,1239839502,1239842415,2913
11095,1239840019,1239842452,2433
11096,1239840086,1239843554,3468
11097,1239841248,1239844022,2774
11098,1239841400,1239844513,3113
11099,1239841759,1239845693,3934
11100,1239842415,1239846375,3960
11101,1239842452,1239846738,4286
11102,1239843554,1239846922,3368
11103,1239844022,1239847994,3972
11104,1239844513,1239848454,3941
11105,1239845693,1239848957,3264
11106,1239846375,1239849889,3514
11107,1239846738,1239850531,3793
11108,1239846922,1239851257,4335
11109,1239847994,1239851676,3682
11110,1239848454,1239851866,3412
11111,1239848957,1239852051,3094
11112,1239849889,1239853095,3206
11113,1239850531,1239853542,3011
11114,1239851257,1239854299,3042
11115,1239851676,1239855184,3508
11116,1239851866,1239856323,4457
11117,1239852051,1239857450,5399
11118,1239853095,1239857673,4578
11119,1239853542,1239858525,4983
11120,1239854299,1239860004,5705
11121,1239855184,1239861527,6343
11122,1239856323,1239862018,5695
11123,1239857450,1239863583,6133
11124,1239857673,1239864960,7287
11125,1239858525,1239865987,7462
11126,1239860004,1239866355,6351
11127,1239861527,1239866686,5159
11128,1239862018,1239867555,5537
11129,1239863583,1239867762,4179
11130,1239864960,1239868344,3384
11131,1239865987,1239869507,3520
11132,1239866355,1239869704,3349
11133,1239866686,1239870689,4003
11134,1239867555,1239870945,3390
11135,1239867762,1239872025,4263
11136,1239868344,1239872436,4092
11137,1239869507,1239873020,3513
11138,1239869704,1239873872,4168
11139,1239870689,1239874658,3969
11140,1239870945,1239876199,5254
11141,1239872025,1239877000,4975
11142,1239872436,1239877565,5129
11143,1239873020,1239877882,4862
11144,1239873872,1239878974,5102
11145,1239874658,1239880164,5506
11146,1239876199,1239881207,5008
11147,1239877000,1239881809,4809
11148,1239877565,1239882558,4993
11149,1239877882,1239883702,5820
11150,1239878974,1239884037,5063
11151,1239880164,1239884482,4318
11152,1239881207,1239884743,3536
11153,1239881809,1239885723,3914
11154,1239882558,1239885696,3138
11155,1239883702,1239886446,2744
11156,1239884037,1239886726,2689
11157,1239884482,1239887098,2616
11158,1239884743,1239887379,2636
11159,1239885696,1239887468,1772
11160,1239885723,1239888476,2753
11161,1239886446,1239889138,2692
11162,1239886726,1239889649,2923
11163,1239887098,1239891025,3927
11164,1239887379,1239891897,4518
11165,1239887468,1239892079,4611
11166,1239888476,1239892332,3856
11167,1239889138,1239893695,4557
11168,1239889649,1239894444,4795
11169,1239891025,1239895272,4247
11170,1239891897,1239896299,4402
11171,1239892079,1239897472,5393
11172,1239892332,1239898638,6306
11173,1239893695,1239899606,5911
11174,1239894444,1239899636,5192
11175,1239895272,1239900802,5530
11176,1239896299,1239901361,5062
11177,1239897472,1239901710,4238
11178,1239898638,1239902727,4089
11179,1239899606,1239903683,4077
11180,1239899636,1239903847,4211
11181,1239900802,1239904377,3575
11182,1239901361,1239904895,3534
11183,1239901710,1239905959,4249
11184,1239902727,1239906398,3671
11185,1239903683,1239906572,2889
11186,1239903847,1239907486,3639
11187,1239904377,1239907765,3388
11188,1239904895,1239907854,2959
11189,1239905959,1239909192,3233
11190,1239906398,1239909730,3332
11191,1239906572,1239909987,3415
11192,1239907486,1239910848,3362
11193,1239907765,1239911784,4019
11194,1239907854,1239912774,4920
11195,1239909192,1239912897,3705
11196,1239909730,1239913862,4132
11197,1239909987,1239914811,4824
11198,1239910848,1239916005,5157
11199,1239911784,1239917550,5766
11200,1239912774,1239918184,5410
11201,1239912897,1239918880,5983
11202,1239913862,1239919009,5147
11203,1239914811,1239920439,5628
11204,1239916005,1239921465,5460
11205,1239917550,1239921853,4303
11206,1239918184,1239922311,4127
11207,1239918880,1239923314,4434
11208,1239919009,1239924447,5438
11209,1239920439,1239924993,4554
11210,1239921465,1239925708,4243
11211,1239921853,1239926230,4377
11212,1239922311,1239926607,4296
11213,1239923314,1239927369,4055
11214,1239924447,1239927565,3118
11215,1239924993,1239928862,3869
11216,1239925708,1239929598,3890
11217,1239926230,1239930525,4295
11218,1239926607,1239930835,4228
11219,1239927369,1239931121,3752
11220,1239927565,1239931863,4298
11221,1239928862,1239932058,3196
11222,1239929598,1239933350,3752
11223,1239930525,1239934626,4101
11224,1239930835,1239935116,4281
11225,1239931121,1239935336,4215
11226,1239931863,1239936027,4164
11227,1239932058,1239937133,5075
11228,1239933350,1239937975,4625
11229,1239934626,1239938080,3454
11230,1239935116,1239938410,3294
11231,1239935336,1239938728,3392
11232,1239936027,1239939124,3097
11233,1239937133,1239940311,3178
11234,1239937975,1239941902,3927
11235,1239938080,1239943298,5218
11236,1239938410,1239944581,6171
11237,1239938728,1239945977,7249
11238,1239939124,1239946905,7781
11239,1239940311,1239946992,6681
11240,1239941902,1239947416,5514
11241,1239943298,1239948350,5052
11242,1239944581,1239949079,4498
11243,1239945977,1239949751,3774
11244,1239946905,1239949964,3059
11245,1239946992,1239950081,3089
11246,1239947416,1239951605,4189
11247,1239948350,1239952934,4584
11248,1239949079,1239953995,4916
11249,1239949751,1239955462,5711
11250,1239949964,1239956783,6819
11251,1239950081,1239957031,6950
11252,1239951605,1239958285,6680
11253,1239952934,1239958709,5775
11254,1239953995,1239959671,5676
11255,1239955462,1239961174,5712
11256,1239956783,1239961454,4671
11257,1239957031,1239961544,4513
11258,1239958285,1239962316,4031
11259,1239958709,1239962937,4228
11260,1239959671,1239964445,4774
11261,1239961174,1239965217,4043
11262,1239961454,1239965797,4343
11263,1239961544,1239967011,5467
11264,1239962316,1239968004,5688
11265,1239962937,1239968359,5422
11266,1239964445,1239969769,5324
11267,1239965217,1239970222,5005
11268,1239965797,1239971121,5324
11269,1239967011,1239971226,4215
11270,1239968004,1239971272,3268
11271,1239968359,1239971706,3347
11272,1239969769,1239973156,3387
11273,1239970222,1239973967,3745
11274,1239971121,1239974692,3571
11275,1239971226,1239974999,3773
11276,1239971272,1239975199,3927
11277,1239971706,1239975848,4142
11278,1239973156,1239976293,3137
11279,1239973967,1239976654,2687
11280,1239974692,1239977158,2466
11281,1239974999,1239978576,3577
11282,1239975199,1239978898,3699
11283,1239975848,1239980240,4392
11284,1239976293,1239981139,4846
11285,1239976654,1239981733,5079
11286,1239977158,1239983035,5877
11287,1239978576,1239983922,5346
11288,1239978898,1239984603,5705
11289,1239980240,1239985153,4913
11290,1239981139,1239985898,4759
11291,1239981733,1239986607,4874
11292,1239983035,1239986933,3898
11293,1239983922,1239987336,3414
11294,1239984603,1239988261,3658
11295,1239985153,1239989362,4209
11296,1239985898,1239990539,4641
11297,1239986607,1239991712,5105
11298,1239986933,1239992876,5943
11299,1239987336,1239993208,5872
11300,1239988261,1239993640,5379
11301,1239989362,1239994120,4758
11302,1239990539,1239995303,4764
11303,1239991712,1239995922,4210
11304,1239992876,1239996264,3388
11305,1239993208,1239996521,3313
11306,1239993640,1239997747,4107
11307,1239994120,1239998781,4661
11308,1239995303,1239999837,4534
11309,1239995922,1240001099,5177
11310,1239996264,1240001416,5152
11311,1239996521,1240002080,5559
11312,1239997747,1240002186,4439
11313,1239998781,1240003677,4896
11314,1239999837,1240004948,5111
11315,1240001099,1240006345,5246
11316,1240001416,1240006856,5440
11317,1240002080,1240006988,4908
11318,1240002186,1240007831,5645
11319,1240003677,1240009381,5704
11320,1240004948,1240010484,5536
11321,1240006345,1240010949,4604
11322,1240006856,1240011798,4942
11323,1240006988,1240012133,5145
11324,1240007831,1240013541,5710
11325,1240009381,1240013610,4229
11326,1240010484,1240013999,3515
11327,1240010949,1240015067,4118
11328,1240011798,1240015551,3753
11329,1240012133,1240016934,4801
11330,1240013541,1240016930,3389
11331,1240013610,1240018155,4545
11332,1240013999,1240019041,5042
11333,1240015067,1240019921,4854
11334,1240015551,1240020584,5033
11335,1240016930,1240021889,4959
11336,1240016934,1240022329,5395
11337,1240018155,1240022624,4469
11338,1240019041,1240023278,4237
11339,1240019921,1240024652,4731
11340,1240020584,1240025441,4857
11341,1240021889,1240026761,4872
11342,1240022329,1240027378,5049
11343,1240022624,1240027754,5130
11344,1240023278,1240028762,5484
11345,1240024652,1240029657,5005
11346,1240025441,1240029877,4436
11347,1240026761,1240030086,3325
11348,1240027378,1240030884,3506
11349,1240027754,1240031827,4073
11350,1240028762,1240032563,3801
11351,1240029657,1240033853,4196
11352,1240029877,1240033952,4075
11353,1240030086,1240035239,5153
11354,1240030884,1240035730,4846
11355,1240031827,1240036095,4268
11356,1240032563,1240037064,4501
11357,1240033853,1240038393,4540
11358,1240033952,1240038965,5013
11359,1240035239,1240039823,4584
11360,1240035730,1240040175,4445
11361,1240036095,1240041053,4958
11362,1240037064,1240042240,5176
11363,1240038393,1240043776,5383
11364,1240038965,1240044379,5414
11365,1240039823,1240045112,5289
11366,1240040175,1240045491,5316
11367,1240041053,1240045759,4706
11368,1240042240,1240046142,3902
11369,1240043776,1240046628,2852
11370,1240044379,1240047195,2816
11371,1240045112,1240047579,2467
11372,1240045491,1240047750,2259
11373,1240045759,1240048193,2434
11374,1240046142,1240048924,2782
11375,1240046628,1240049554,2926
11376,1240047195,1240049923,2728
11377,1240047579,1240050011,2432
11378,1240047750,1240050296,2546
11379,1240048193,1240051107,2914
11380,1240048924,1240051698,2774
11381,1240049554,1240052175,2621
11382,1240049923,1240052621,2698
11383,1240050011,1240052655,2644
11384,1240050296,1240053065,2769
11385,1240051107,1240053374,2267
11386,1240051698,1240054258,2560
11387,1240052175,1240054927,2752
11388,1240052621,1240055551,2930
11389,1240052655,1240056684,4029
11390,1240053065,1240057649,4584
11391,1240053374,1240057857,4483
11392,1240054258,1240058155,3897
11393,1240054927,1240058715,3788
11394,1240055551,1240059401,3850
11395,1240056684,1240060102,3418
11396,1240057649,1240061353,3704
11397,1240057857,1240062008,4151
11398,1240058155,1240062364,4209
11399,1240058715,1240062592,3877
11400,1240059401,1240063947,4546
11401,1240060102,1240064448,4346
11402,1240061353,1240065186,3833
11403,1240062008,1240066000,3992
11404,1240062364,1240067041,4677
11405,1240062592,1240067179,4587
11406,1240063947,1240067288,3341
11407,1240064448,1240068498,4050
11408,1240065186,1240070119,4933
11409,1240066000,1240071299,5299
11410,1240067041,1240071601,4560
11411,1240067179,1240072570,5391
11412,1240067288,1240074053,6765
11413,1240068498,1240074134,5636
11414,1240070119,1240075494,5375
11415,1240071299,1240076598,5299
11416,1240071601,1240076718,5117
11417,1240072570,1240077348,4778
11418,1240074053,1240077947,3894
11419,1240074134,1240078271,4137
11420,1240075494,1240078617,3123
11421,1240076598,1240078974,2376
11422,1240076718,1240080095,3377
11423,1240077348,1240080788,3440
11424,1240077947,1240081225,3278
11425,1240078271,1240082161,3890
11426,1240078617,1240083267,4650
11427,1240078974,1240084174,5200
11428,1240080095,1240084757,4662
11429,1240080788,1240085164,4376
11430,1240081225,1240085949,4724
11431,1240082161,1240086533,4372
11432,1240083267,1240087104,3837
11433,1240084174,1240087142,2968
11434,1240084757,1240087847,3090
11435,1240085164,1240089087,3923
11436,1240085949,1240090093,4144
11437,1240086533,1240090126,3593
11438,1240087104,1240090739,3635
11439,1240087142,1240090780,3638
11440,1240087847,1240090807,2960
11441,1240089087,1240092092,3005
11442,1240090093,1240092545,2452
11443,1240090126,1240093279,3153
11444,1240090739,1240093341,2602
11445,1240090780,1240094470,3690
11446,1240090807,1240095273,4466
11447,1240092092,1240095664,3572
11448,1240092545,1240097184,4639
11449,1240093279,1240098586,5307
11450,1240093341,1240099328,5987
11451,1240094470,1240100769,6299
11452,1240095273,1240101655,6382
11453,1240095664,1240102479,6815
11454,1240097184,1240103512,6328
11455,1240098586,1240104124,5538
11456,1240099328,1240105539,6211
11457,1240100769,1240106395,5626
11458,1240101655,1240107472,5817
11459,1240102479,1240107978,5499
11460,1240103512,1240109293,5781
11461,1240104124,1240109405,5281
11462,1240105539,1240110638,5099
11463,1240106395,1240111240,4845
11464,1240107472,1240112366,4894
11465,1240107978,1240112532,4554
11466,1240109293,1240113118,3825
11467,1240109405,1240113280,3875
11468,1240110638,1240114862,4224
11469,1240111240,1240115761,4521
11470,1240112366,1240115768,3402
11471,1240112532,1240116924,4392
11472,1240113118,1240117417,4299
11473,1240113280,1240118057,4777
11474,1240114862,1240118663,3801
11475,1240115761,1240119640,3879
11476,1240115768,1240119856,4088
11477,1240116924,1240121227,4303
11478,1240117417,1240121485,4068
11479,1240118057,1240121969,3912
11480,1240118663,1240123131,4468
11481,1240119640,1240124319,4679
11482,1240119856,1240124672,4816
11483,1240121227,1240124958,3731
11484,1240121485,1240125194,3709
11485,1240121969,1240125538,3569
11486,1240123131,1240126222,3091
11487,1240124319,1240126480,2161
11488,1240124672,1240127663,2991
11489,1240124958,1240128231,3273
11490,1240125194,1240128519,3325
11491,1240125538,1240129758,4220
11492,1240126222,1240130753,4531
11493,1240126480,1240131163,4683
11494,1240127663,1240132803,5140
11495,1240128231,1240133888,5657
11496,1240128519,1240134692,6173
11497,1240129758,1240136067,6309
11498,1240130753,1240136626,5873
11499,1240131163,1240137360,6197
11500,1240132803,1240137820,5017
11501,1240133888,1240137837,3949
11502,1240134692,1240138031,3339
11503,1240136067,1240139163,3096
11504,1240136626,1240140199,3573
11505,1240137360,1240140587,3227
11506,1240137820,1240141309,3489
11507,1240137837,1240142780,4943
11508,1240138031,1240143821,5790
11509,1240139163,1240144184,5021
11510,1240140199,1240145438,5239
11511,1240140587,1240146546,5959
11512,1240141309,1240146794,5485
11513,1240142780,1240147495,4715
11514,1240143821,1240148053,4232
11515,1240144184,1240148551,4367
11516,1240145438,1240149966,4528
11517,1240146546,1240150220,3674
11518,1240146794,1240150619,3825
11519,1240147495,1240152018,4523
11520,1240148053,1240152440,4387
11521,1240148551,1240152839,4288
11522,1240149966,1240152977,3011
11523,1240150220,1240154173,3953
11524,1240150619,1240154315,3696
11525,1240152018,1240155354,3336
11526,1240152440,1240155884,3444
11527,1240152839,1240156056,3217
11528,1240152977,1240156273,3296
11529,1240154173,1240157194,3021
11530,1240154315,1240157662,3347
11531,1240155354,1240157916,2562
11532,1240155884,1240158960,3076
11533,1240156056,1240159463,3407
11534,1240156273,1240160376,4103
11535,1240157194,1240161241,4047
11536,1240157662,1240161907,4245
11537,1240157916,1240163038,5122
11538,1240158960,1240164289,5329
11539,1240159463,1240165353,5890
11540,1240160376,1240165751,5375
11541,1240161241,1240166460,5219
11542,1240161907,1240167661,5754
11543,1240163038,1240167977,4939
11544,1240164289,1240168186,3897
11545,1240165353,1240168259,2906
11546,1240165751,1240168874,3123
11547,1240166460,1240169003,2543
11548,1240167661,1240169597,1936
11549,1240167977,1240170106,2129
11550,1240168186,1240170896,2710
11551,1240168259,1240172449,4190
11552,1240168874,1240172595,3721
11553,1240169003,1240173959,4956
11554,1240169597,1240174977,5380
11555,1240170106,1240175273,5167
11556,1240170896,1240175862,4966
11557,1240172449,1240176216,3767
11558,1240172595,1240177372,4777
11559,1240173959,1240178704,4745
11560,1240174977,1240179216,4239
11561,1240175273,1240180119,4846
11562,1240175862,1240180349,4487
11563,1240176216,1240181522,5306
11564,1240177372,1240182023,4651
11565,1240178704,1240183200,4496
11566,1240179216,1240183953,4737
11567,1240180119,1240185167,5048
11568,1240180349,1240185486,5137
11569,1240181522,1240186084,4562
11570,1240182023,1240186599,4576
11571,1240183200,1240186703,3503
11572,1240183953,1240187640,3687
11573,1240185167,1240188157,2990
11574,1240185486,1240188219,2733
11575,1240186084,1240188706,2622
11576,1240186599,1240189480,2881
11577,1240186703,1240190570,3867
11578,1240187640,1240191050,3410
11579,1240188157,1240191844,3687
11580,1240188219,1240192001,3782
11581,1240188706,1240192540,3834
11582,1240189480,1240193681,4201
11583,1240190570,1240193860,3290
11584,1240191050,1240194488,3438
11585,1240191844,1240195119,3275
11586,1240192001,1240196499,4498
11587,1240192540,1240197708,5168
11588,1240193681,1240198366,4685
11589,1240193860,1240199446,5586
11590,1240194488,1240200369,5881
11591,1240195119,1240201420,6301
11592,1240196499,1240202301,5802
11593,1240197708,1240203445,5737
11594,1240198366,1240204136,5770
11595,1240199446,1240204774,5328
11596,1240200369,1240205805,5436
11597,1240201420,1240206384,4964
11598,1240202301,1240207133,4832
11599,1240203445,1240208443,4998
11600,1240204136,1240209930,5794
11601,1240204774,1240211401,6627
11602,1240205805,1240211729,5924
11603,1240206384,1240212806,6422
11604,1240207133,1240213179,6046
11605,1240208443,1240214425,5982
11606,1240209930,1240214434,4504
11607,1240211401,1240214577,3176
11608,1240211729,1240214920,3191
11609,1240212806,1240216149,3343
11610,1240213179,1240216651,3472
11611,1240214425,1240217249,2824
11612,1240214434,1240217592,3158
11613,1240214577,1240218256,3679
11614,1240214920,1240218700,3780
11615,1240216149,1240219212,3063
11616,1240216651,1240219356,2705
11617,1240217249,1240220422,3173
11618,1240217592,1240221187,3595
11619,1240218256,1240221350,3094
11620,1240218700,1240222668,3968
11621,1240219212,1240222790,3578
11622,1240219356,1240224022,4666
11623,1240220422,1240224890,4468
11624,1240221187,1240224976,3789
11625,1240221350,1240225349,3999
11626,1240222668,1240225622,2954
11627,1240222790,1240228398,5608
11628,1240224022,1240229012,4990
11629,1240224890,1240229794,4904
11630,1240224976,1240231285,6309
11631,1240225349,1240231660,6311
11632,1240225622,1240232830,7208
11633,1240228398,1240233179,4781
11634,1240229012,1240233732,4720
11635,1240229794,1240234872,5078
11636,1240231285,1240235620,4335
11637,1240231660,1240236559,4899
11638,1240232830,1240237114,4284
11639,1240233179,1240238158,4979
11640,1240233732,1240238445,4713
11641,1240234872,1240239400,4528
11642,1240235620,1240239569,3949
11643,1240236559,1240240755,4196
11644,1240237114,1240242049,4935
11645,1240238158,1240242653,4495
11646,1240238445,1240243414,4969
11647,1240239400,1240245003,5603
11648,1240239569,1240245601,6032
11649,1240240755,1240246117,5362
11650,1240242049,1240246263,4214
11651,1240242653,1240247093,4440
11652,1240243414,1240247785,4371
11653,1240245003,1240248681,3678
11654,1240245601,1240249074,3473
11655,1240246117,1240250114,3997
11656,1240246263,1240251380,5117
11657,1240247093,1240251621,4528
11658,1240247785,1240251634,3849
11659,1240248681,1240252596,3915
11660,1240249074,1240253275,4201
11661,1240250114,1240253829,3715
11662,1240251380,1240254538,3158
11663,1240251621,1240255240,3619
11664,1240251634,1240255799,4165
11665,1240252596,1240257310,4714
11666,1240253275,1240258772,5497
11667,1240253829,1240259646,5817
11668,1240254538,1240260093,5555
11669,1240255240,1240260138,4898
11670,1240255799,1240260823,5024
11671,1240257310,1240261360,4050
11672,1240258772,1240262049,3277
11673,1240259646,1240262316,2670
11674,1240260093,1240263264,3171
11675,1240260138,1240263633,3495
11676,1240260823,1240264479,3656
11677,1240261360,1240265469,4109
11678,1240262049,1240265822,3773
11679,1240262316,1240265954,3638
11680,1240263264,1240266691,3427
11681,1240263633,1240267659,4026
11682,1240264479,1240268071,3592
11683,1240265469,1240268940,3471
11684,1240265822,1240269270,3448
11685,1240265954,1240270389,4435
11686,1240266691,1240270572,3881
11687,1240267659,1240271825,4166
11688,1240268071,1240272667,4596
11689,1240268940,1240272856,3916
11690,1240269270,1240273208,3938
11691,1240270389,1240273806,3417
11692,1240270572,1240274244,3672
11693,1240271825,1240274747,2922
11694,1240272667,1240275905,3238
11695,1240272856,1240277207,4351
11696,1240273208,1240277951,4743
11697,1240273806,1240278728,4922
11698,1240274244,1240280153,5909
11699,1240274747,1240280412,5665
11700,1240275905,1240280559,4654
11701,1240277207,1240281089,3882
11702,1240277951,1240282093,4142
11703,1240278728,1240283607,4879
11704,1240280153,1240284497,4344
11705,1240280412,1240285442,5030
11706,1240280559,1240285782,5223
11707,1240281089,1240286493,5404
11708,1240282093,1240287944,5851
11709,1240283607,1240289423,5816
11710,1240284497,1240289837,5340
11711,1240285442,1240290501,5059
11712,1240285782,1240291637,5855
11713,1240286493,1240292787,6294
11714,1240287944,1240293151,5207
11715,1240289423,1240294029,4606
11716,1240289837,1240294426,4589
11717,1240290501,1240294717,4216
11718,1240291637,1240295111,3474
11719,1240292787,1240296040,3253
11720,1240293151,1240297543,4392
11721,1240294029,1240298604,4575
11722,1240294426,1240299474,5048
11723,1240294717,1240299504,4787
11724,1240295111,1240300985,5874
11725,1240296040,1240301735,5695
11726,1240297543,1240301812,4269
11727,1240298604,1240302125,3521
11728,1240299474,1240302978,3504
11729,1240299504,1240303271,3767
11730,1240300985,1240304111,3126
11731,1240301735,1240304434,2699
11732,1240301812,1240305176,3364
11733,1240302125,1240305560,3435
11734,1240302978,1240305920,2942
11735,1240303271,1240306481,3210
11736,1240304111,1240307341,3230
11737,1240304434,1240308752,4318
11738,1240305176,1240308908,3732
11739,1240305560,1240309707,4147
11740,1240305920,1240309906,3986
11741,1240306481,1240310123,3642
11742,1240307341,1240311617,4276
11743,1240308752,1240312302,3550
11744,1240308908,1240312816,3908
11745,1240309707,1240313547,3840
11746,1240309906,1240314677,4771
11747,1240310123,1240314740,4617
11748,1240311617,1240316049,4432
11749,1240312302,1240317117,4815
11750,1240312816,1240317285,4469
11751,1240313547,1240317766,4219
11752,1240314677,1240317955,3278
11753,1240314740,1240318521,3781
11754,1240316049,1240319552,3503
11755,1240317117,1240320011,2894
11756,1240317285,1240320790,3505
11757,1240317766,1240321542,3776
11758,1240317955,1240322638,4683
11759,1240318521,1240323882,5361
11760,1240319552,1240324098,4546
11761,1240320011,1240324591,4580
11762,1240320790,1240325965,5175
11763,1240321542,1240327119,5577
11764,1240322638,1240327471,4833
11765,1240323882,1240328280,4398
11766,1240324098,1240328768,4670
11767,1240324591,1240330132,5541
11768,1240325965,1240330204,4239
11769,1240327119,1240331349,4230
11770,1240327471,1240332650,5179
11771,1240328280,1240332787,4507
11772,1240328768,1240333627,4859
11773,1240330132,1240333678,3546
11774,1240330204,1240334066,3862
11775,1240331349,1240334672,3323
11776,1240332650,1240335445,2795
11777,1240332787,1240336026,3239
11778,1240333627,1240337099,3472
11779,1240333678,1240337777,4099
11780,1240334066,1240338085,4019
11781,1240334672,1240339082,4410
11782,1240335445,1240339576,4131
11783,1240336026,1240340624,4598
11784,1240337099,1240341572,4473
11785,1240337777,1240342083,4306
11786,1240338085,1240343116,5031
11787,1240339082,1240343636,4554
11788,1240339576,1240344241,4665
11789,1240340624,1240344727,4103
11790,1240341572,1240345064,3492
11791,1240342083,1240345238,3155
11792,1240343116,1240345464,2348
11793,1240343636,1240346178,2542
11794,1240344241,1240347462,3221
11795,1240344727,1240348073,3346
11796,1240345064,1240349313,4249
11797,1240345238,1240349962,4724
11798,1240345464,1240350233,4769
11799,1240346178,1240350827,4649
11800,1240347462,1240352092,4630
11801,1240348073,1240352473,4400
11802,1240349313,1240352717,3404
11803,1240349962,1240352880,2918
11804,1240350233,1240353276,3043
11805,1240350827,1240354052,3225
11806,1240352092,1240354504,2412
11807,1240352473,1240355213,2740
11808,1240352717,1240356079,3362
11809,1240352880,1240356827,3947
11810,1240353276,1240358089,4813
11811,1240354052,1240359179,5127
11812,1240354504,1240359664,5160
11813,1240355213,1240360708,5495
11814,1240356079,1240361082,5003
11815,1240356827,1240362019,5192
11816,1240358089,1240362843,4754
11817,1240359179,1240363379,4200
11818,1240359664,1240363608,3944
11819,1240360708,1240364459,3751
11820,1240361082,1240364484,3402
11821,1240362019,1240365729,3710
11822,1240362843,1240366890,4047
11823,1240363379,1240368165,4786
11824,1240363608,1240368966,5358
11825,1240364459,1240370358,5899
11826,1240364484,1240371452,6968
11827,1240365729,1240372263,6534
11828,1240366890,1240372821,5931
11829,1240368165,1240373254,5089
11830,1240368966,1240374194,5228
11831,1240370358,1240374940,4582
11832,1240371452,1240376252,4800
11833,1240372263,1240376914,4651
11834,1240372821,1240377537,4716
11835,1240373254,1240378519,5265
11836,1240374194,1240379119,4925
11837,1240374940,1240380296,5356
11838,1240376252,1240381698,5446
11839,1240376914,1240381635,4721
11840,1240377537,1240382071,4534
11841,1240378519,1240382699,4180
11842,1240379119,1240383018,3899
11843,1240380296,1240383606,3310
11844,1240381635,1240384213,2578
11845,1240381698,1240384625,2927
11846,1240382071,1240385309,3238
11847,1240382699,1240385338,2639
11848,1240383018,1240386359,3341
11849,1240383606,1240387003,3397
11850,1240384213,1240387256,3043
11851,1240384625,1240387890,3265
11852,1240385309,1240388462,3153
11853,1240385338,1240389863,4525
11854,1240386359,1240391347,4988
11855,1240387003,1240392584,5581
11856,1240387256,1240393832,6576
11857,1240387890,1240395165,7275
11858,1240388462,1240395850,7388
11859,1240389863,1240395879,6016
11860,1240391347,1240396526,5179
11861,1240392584,1240397395,4811
11862,1240393832,1240398342,4510
11863,1240395165,1240399330,4165
11864,1240395850,1240399806,3956
11865,1240395879,1240400231,4352
11866,1240396526,1240401406,4880
11867,1240397395,1240401462,4067
11868,1240398342,1240402946,4604
11869,1240399330,1240403603,4273
11870,1240399806,1240405106,5300
11871,1240400231,1240406569,6338
11872,1240401406,1240407096,5690
11873,1240401462,1240407482,6020
11874,1240402946,1240408079,5133
11875,1240403603,1240408667,5064
11876,1240405106,1240409029,3923
11877,1240406569,1240409287,2718
11878,1240407096,1240409849,2753
11879,1240407482,1240410196,2714
11880,1240408079,1240411126,3047
11881,1240408667,1240411346,2679
11882,1240409029,1240411504,2475
11883,1240409287,1240412362,3075
11884,1240409849,1240413927,4078
11885,1240410196,1240414251,4055
11886,1240411126,1240414527,3401
11887,1240411346,1240414611,3265
11888,1240411504,1240415556,4052
11889,1240412362,1240417107,4745
11890,1240413927,1240417193,3266
11891,1240414251,1240418308,4057
11892,1240414527,1240418633,4106
11893,1240414611,1240419270,4659
11894,1240415556,1240420529,4973
11895,1240417107,1240421801,4694
11896,1240417193,1240422213,5020
11897,1240418308,1240422199,3891
11898,1240418633,1240423013,4380
11899,1240419270,1240423746,4476
11900,1240420529,1240424189,3660
11901,1240421801,1240425555,3754
11902,1240422199,1240426823,4624
11903,1240422213,1240426876,4663
11904,1240423013,1240427219,4206
11905,1240423746,1240428283,4537
11906,1240424189,1240428790,4601
11907,1240425555,1240428905,3350
11908,1240426823,1240429277,2454
11909,1240426876,1240429754,2878
11910,1240427219,1240430955,3736
11911,1240428283,1240431560,3277
11912,1240428790,1240431948,3158
11913,1240428905,1240432510,3605
11914,1240429277,1240433383,4106
11915,1240429754,1240434225,4471
11916,1240430955,1240435543,4588
11917,1240431560,1240436456,4896
11918,1240431948,1240438033,6085
11919,1240432510,1240438156,5646
11920,1240433383,1240438821,5438
11921,1240434225,1240439692,5467
11922,1240435543,1240440050,4507
11923,1240436456,1240440294,3838
11924,1240438033,1240441247,3214
11925,1240438156,1240441667,3511
11926,1240438821,1240442681,3860
11927,1240439692,1240442968,3276
11928,1240440050,1240443115,3065
11929,1240440294,1240443494,3200
11930,1240441247,1240444112,2865
11931,1240441667,1240444452,2785
11932,1240442681,1240445025,2344
11933,1240442968,1240445818,2850
11934,1240443115,1240446454,3339
11935,1240443494,1240447321,3827
11936,1240444112,1240447293,3181
11937,1240444452,1240447519,3067
11938,1240445025,1240448579,3554
11939,1240445818,1240449230,3412
11940,1240446454,1240449905,3451
11941,1240447293,1240451104,3811
11942,1240447321,1240451822,4501
11943,1240447519,1240453138,5619
11944,1240448579,1240454286,5707
11945,1240449230,1240454655,5425
11946,1240449905,1240455199,5294
11947,1240451104,1240455957,4853
11948,1240451822,1240456650,4828
11949,1240453138,1240457062,3924
11950,1240454286,1240457794,3508
11951,1240454655,1240458820,4165
11952,1240455199,1240459322,4123
11953,1240455957,1240460497,4540
11954,1240456650,1240461225,4575
11955,1240457062,1240462625,5563
11956,1240457794,1240463809,6015
11957,1240458820,1240463920,5100
11958,1240459322,1240465129,5807
11959,1240460497,1240466390,5893
11960,1240461225,1240466743,5518
11961,1240462625,1240467644,5019
11962,1240463809,1240468219,4410
11963,1240463920,1240469012,5092
11964,1240465129,1240482438,17309
11965,1240466390,1240484879,18489
11966,1240466743,1240496093,29350
11967,1240467644,1240498188,30544
11968,1240468219,1240498394,30175
11969,1240469012,1240499490,30478
11970,1240482438,1240499969,17531
11971,1240484879,1240500799,15920
11972,1240496093,1240502249,6156
11973,1240498188,1240502828,4640
11974,1240498394,1240503979,5585
11975,1240499490,1240505332,5842
11976,1240499969,1240506158,6189
11977,1240500799,1240507071,6272
11978,1240502249,1240508595,6346
11979,1240502828,1240509815,6987
11980,1240503979,1240510991,7012
11981,1240505332,1240512105,6773
11982,1240506158,1240513381,7223
11983,1240507071,1240513825,6754
11984,1240508595,1240514721,6126
11985,1240509815,1240515164,5349
11986,1240510991,1240516383,5392
11987,1240512105,1240516983,4878
11988,1240513381,1240517480,4099
11989,1240513825,1240518224,4399
11990,1240514721,1240519009,4288
11991,1240515164,1240519856,4692
11992,1240516383,1240519961,3578
11993,1240516983,1240520754,3771
11994,1240517480,1240521226,3746
11995,1240518224,1240521970,3746
11996,1240519009,1240523155,4146
11997,1240519856,1240524352,4496
11998,1240519961,1240525630,5669
11999,1240520754,1240526539,5785
12000,1240521226,1240527039,5813
12001,1240521970,1240527306,5336
12002,1240523155,1240528251,5096
12003,1240524352,1240528842,4490
12004,1240525630,1240529378,3748
12005,1240526539,1240529671,3132
12006,1240527039,1240530915,3876
12007,1240527306,1240531894,4588
12008,1240528251,1240532209,3958
12009,1240528842,1240533283,4441
12010,1240529378,1240534494,5116
12011,1240529671,1240534759,5088
12012,1240530915,1240536100,5185
12013,1240531894,1240536547,4653
12014,1240532209,1240537828,5619
12015,1240533283,1240538766,5483
12016,1240534494,1240539927,5433
12017,1240534759,1240540203,5444
12018,1240536100,1240540884,4784
12019,1240536547,1240542334,5787
12020,1240537828,1240543567,5739
12021,1240538766,1240544795,6029
12022,1240539927,1240545228,5301
12023,1240540203,1240545889,5686
12024,1240540884,1240546453,5569
12025,1240542334,1240546643,4309
12026,1240543567,1240547345,3778
12027,1240544795,1240548052,3257
12028,1240545228,1240548814,3586
12029,1240545889,1240549551,3662
12030,1240546453,1240549554,3101
12031,1240546643,1240550188,3545
12032,1240547345,1240550522,3177
12033,1240548052,1240550710,2658
12034,1240548814,1240551679,2865
12035,1240549551,1240552604,3053
12036,1240549554,1240553299,3745
12037,1240550188,1240553663,3475
12038,1240550522,1240554978,4456
12039,1240550710,1240555358,4648
12040,1240551679,1240556555,4876
12041,1240552604,1240557050,4446
12042,1240553299,1240557698,4399
12043,1240553663,1240558231,4568
12044,1240554978,1240558607,3629
12045,1240555358,1240559839,4481
12046,1240556555,1240560688,4133
12047,1240557050,1240561309,4259
12048,1240557698,1240562086,4388
12049,1240558231,1240562535,4304
12050,1240558607,1240563063,4456
12051,1240559839,1240564075,4236
12052,1240560688,1240565117,4429
12053,1240561309,1240566318,5009
12054,1240562086,1240567130,5044
12055,1240562535,1240567995,5460
12056,1240563063,1240568671,5608
12057,1240564075,1240569191,5116
12058,1240565117,1240569790,4673
12059,1240566318,1240570504,4186
12060,1240567130,1240570642,3512
12061,1240567995,1240571963,3968
12062,1240568671,1240572760,4089
12063,1240569191,1240573890,4699
12064,1240569790,1240574242,4452
12065,1240570504,1240574871,4367
12066,1240570642,1240576125,5483
12067,1240571963,1240576283,4320
12068,1240572760,1240577253,4493
12069,1240573890,1240578747,4857
12070,1240574242,1240579206,4964
12071,1240574871,1240579685,4814
12072,1240576125,1240579692,3567
12073,1240576283,1240580859,4576
12074,1240577253,1240582035,4782
12075,1240578747,1240583413,4666
12076,1240579206,1240584736,5530
12077,1240579685,1240585764,6079
12078,1240579692,1240586764,7072
12079,1240580859,1240588147,7288
12080,1240582035,1240589463,7428
12081,1240583413,1240589911,6498
12082,1240584736,1240590792,6056
12083,1240585764,1240590888,5124
12084,1240586764,1240591027,4263
12085,1240588147,1240591284,3137
12086,1240589463,1240592297,2834
12087,1240589911,1240592858,2947
12088,1240590792,1240593427,2635
12089,1240590888,1240594023,3135
12090,1240591027,1240594601,3574
12091,1240591284,1240594641,3357
12092,1240592297,1240596069,3772
12093,1240592858,1240597380,4522
12094,1240593427,1240598334,4907
12095,1240594023,1240599092,5069
12096,1240594601,1240599098,4497
12097,1240594641,1240599880,5239
12098,1240596069,1240601042,4973
12099,1240597380,1240601310,3930
12100,1240598334,1240602718,4384
12101,1240599092,1240603450,4358
12102,1240599098,1240604140,5042
12103,1240599880,1240605206,5326
12104,1240601042,1240605808,4766
12105,1240601310,1240607120,5810
12106,1240602718,1240607282,4564
12107,1240603450,1240607647,4197
12108,1240604140,1240609037,4897
12109,1240605206,1240610202,4996
12110,1240605808,1240610792,4984
12111,1240607120,1240610939,3819
12112,1240607282,1240612405,5123
12113,1240607647,1240613871,6224
12114,1240609037,1240613859,4822
12115,1240610202,1240614832,4630
12116,1240610792,1240615356,4564
12117,1240610939,1240615898,4959
12118,1240612405,1240616369,3964
12119,1240613859,1240616903,3044
12120,1240613871,1240617132,3261
12121,1240614832,1240617429,2597
12122,1240615356,1240618056,2700
12123,1240615898,1240618954,3056
12124,1240616369,1240619892,3523
12125,1240616903,1240620498,3595
12126,1240617132,1240621838,4706
12127,1240617429,1240621803,4374
12128,1240618056,1240622591,4535
12129,1240618954,1240623932,4978
12130,1240619892,1240624287,4395
12131,1240620498,1240624944,4446
12132,1240621803,1240625874,4071
12133,1240621838,1240627282,5444
12134,1240622591,1240628414,5823
12135,1240623932,1240628894,4962
12136,1240624287,1240629912,5625
12137,1240624944,1240630288,5344
12138,1240625874,1240630690,4816
12139,1240627282,1240631515,4233
12140,1240628414,1240632349,3935
12141,1240628894,1240633759,4865
12142,1240629912,1240635281,5369
12143,1240630288,1240635391,5103
12144,1240630690,1240636807,6117
12145,1240631515,1240637204,5689
12146,1240632349,1240637806,5457
12147,1240633759,1240638362,4603
12148,1240635281,1240639165,3884
12149,1240635391,1240640032,4641
12150,1240636807,1240640428,3621
12151,1240637204,1240641460,4256
12152,1240637806,1240641782,3976
12153,1240638362,1240642225,3863
12154,1240639165,1240642630,3465
12155,1240640032,1240643401,3369
12156,1240640428,1240644391,3963
12157,1240641460,1240645120,3660
12158,1240641782,1240645111,3329
12159,1240642225,1240646481,4256
12160,1240642630,1240647533,4903
12161,1240643401,1240647718,4317
12162,1240644391,1240648056,3665
12163,1240645111,1240649132,4021
12164,1240645120,1240649900,4780
12165,1240646481,1240650448,3967
12166,1240647533,1240651477,3944
12167,1240647718,1240652042,4324
12168,1240648056,1240652030,3974
12169,1240649132,1240652966,3834
12170,1240649900,1240653082,3182
12171,1240650448,1240653579,3131
12172,1240651477,1240654252,2775
12173,1240652030,1240655462,3432
12174,1240652042,1240656580,4538
12175,1240652966,1240657356,4390
12176,1240653082,1240657644,4562
12177,1240653579,1240658107,4528
12178,1240654252,1240659444,5192
12179,1240655462,1240660598,5136
12180,1240656580,1240661275,4695
12181,1240657356,1240661914,4558
12182,1240657644,1240661842,4198
12183,1240658107,1240662482,4375
12184,1240659444,1240663591,4147
12185,1240660598,1240663763,3165
12186,1240661275,1240664036,2761
12187,1240661842,1240664572,2730
12188,1240661914,1240664577,2663
12189,1240662482,1240665315,2833
12190,1240663591,1240666390,2799
12191,1240663763,1240666577,2814
12192,1240664036,1240666904,2868
12193,1240664572,1240666944,2372
12194,1240664577,1240667598,3021
12195,1240665315,1240668290,2975
12196,1240666390,1240669181,2791
12197,1240666577,1240670248,3671
12198,1240666904,1240670711,3807
12199,1240666944,1240671207,4263
12200,1240667598,1240672260,4662
12201,1240668290,1240672848,4558
12202,1240669181,1240673590,4409
12203,1240670248,1240674205,3957
12204,1240670711,1240674793,4082
12205,1240671207,1240676275,5068
12206,1240672260,1240676459,4199
12207,1240672848,1240677266,4418
12208,1240673590,1240678407,4817
12209,1240674205,1240679503,5298
12210,1240674793,1240680948,6155
12211,1240676275,1240681469,5194
12212,1240676459,1240682135,5676
12213,1240677266,1240682107,4841
12214,1240678407,1240682791,4384
12215,1240679503,1240683552,4049
12216,1240680948,1240684132,3184
12217,1240681469,1240684760,3291
12218,1240682107,1240684889,2782
12219,1240682135,1240686166,4031
12220,1240682791,1240686642,3851
12221,1240683552,1240687901,4349
12222,1240684132,1240689204,5072
12223,1240684760,1240690637,5877
12224,1240684889,1240691971,7082
12225,1240686166,1240692929,6763
12226,1240686642,1240694322,7680
12227,1240687901,1240694784,6883
12228,1240689204,1240696255,7051
12229,1240690637,1240697141,6504
12230,1240691971,1240697937,5966
12231,1240692929,1240699264,6335
12232,1240694322,1240700386,6064
12233,1240694784,1240700961,6177
12234,1240696255,1240701091,4836
12235,1240697141,1240701249,4108
12236,1240697937,1240701620,3683
12237,1240699264,1240701885,2621
12238,1240700386,1240703038,2652
12239,1240700961,1240703735,2774
12240,1240701091,1240704003,2912
12241,1240701249,1240704671,3422
12242,1240701620,1240705066,3446
12243,1240701885,1240705978,4093
12244,1240703038,1240706862,3824
12245,1240703735,1240707692,3957
12246,1240704003,1240709021,5018
12247,1240704671,1240710535,5864
12248,1240705066,1240711313,6247
12249,1240705978,1240711610,5632
12250,1240706862,1240711901,5039
12251,1240707692,1240712542,4850
12252,1240709021,1240713105,4084
12253,1240710535,1240713251,2716
12254,1240711313,1240714104,2791
12255,1240711610,1240714237,2627
12256,1240711901,1240715150,3249
12257,1240712542,1240716463,3921
12258,1240713105,1240716984,3879
12259,1240713251,1240717751,4500
12260,1240714104,1240718474,4370
12261,1240714237,1240719515,5278
12262,1240715150,1240720635,5485
12263,1240716463,1240721757,5294
12264,1240716984,1240722802,5818
12265,1240717751,1240723148,5397
12266,1240718474,1240724139,5665
12267,1240719515,1240724692,5177
12268,1240720635,1240725046,4411
12269,1240721757,1240725877,4120
12270,1240722802,1240726289,3487
12271,1240723148,1240726917,3769
12272,1240724139,1240727914,3775
12273,1240724692,1240728684,3992
12274,1240725046,1240729166,4120
12275,1240725877,1240729119,3242
12276,1240726289,1240729766,3477
12277,1240726917,1240730320,3403
12278,1240727914,1240730304,2390
12279,1240728684,1240731091,2407
12280,1240729119,1240731725,2606
12281,1240729166,1240732603,3437
12282,1240729766,1240733929,4163
12283,1240730304,1240734136,3832
12284,1240730320,1240734202,3882
12285,1240731091,1240734663,3572
12286,1240731725,1240735221,3496
12287,1240732603,1240736812,4209
12288,1240733929,1240737251,3322
12289,1240734136,1240738216,4080
12290,1240734202,1240738730,4528
12291,1240734663,1240739264,4601
12292,1240735221,1240740627,5406
12293,1240736812,1240741880,5068
12294,1240737251,1240742314,5063
12295,1240738216,1240743227,5011
12296,1240738730,1240744700,5970
12297,1240739264,1240745360,6096
12298,1240740627,1240746628,6001
12299,1240741880,1240747547,5667
12300,1240742314,1240748085,5771
12301,1240743227,1240748639,5412
12302,1240744700,1240750043,5343
12303,1240745360,1240750647,5287
12304,1240746628,1240751919,5291
12305,1240747547,1240753108,5561
12306,1240748085,1240753903,5818
12307,1240748639,1240754362,5723
12308,1240750043,1240755925,5882
12309,1240750647,1240757128,6481
12310,1240751919,1240758445,6526
12311,1240753108,1240758776,5668
12312,1240753903,1240759940,6037
12313,1240754362,1240761385,7023
12314,1240755925,1240761990,6065
12315,1240757128,1240762207,5079
12316,1240758445,1240762835,4390
12317,1240758776,1240762992,4216
12318,1240759940,1240764459,4519
12319,1240761385,1240765986,4601
12320,1240761990,1240766804,4814
12321,1240762207,1240768463,6256
12322,1240762835,1240769562,6727
12323,1240762992,1240769549,6557
12324,1240764459,1240770054,5595
12325,1240765986,1240771460,5474
12326,1240766804,1240772736,5932
12327,1240768463,1240773953,5490
12328,1240769549,1240775223,5674
12329,1240769562,1240775736,6174
12330,1240770054,1240776271,6217
12331,1240771460,1240776507,5047
12332,1240772736,1240777846,5110
12333,1240773953,1240778358,4405
12334,1240775223,1240778492,3269
12335,1240775736,1240779146,3410
12336,1240776271,1240779257,2986
12337,1240776507,1240780369,3862
12338,1240777846,1240781067,3221
12339,1240778358,1240781584,3226
12340,1240778492,1240781715,3223
12341,1240779146,1240782328,3182
12342,1240779257,1240782745,3488
12343,1240780369,1240783300,2931
12344,1240781067,1240783462,2395
12345,1240781584,1240784732,3148
12346,1240781715,1240786029,4314
12347,1240782328,1240787016,4688
12348,1240782745,1240788091,5346
12349,1240783300,1240788154,4854
12350,1240783462,1240789416,5954
12351,1240784732,1240790285,5553
12352,1240786029,1240791373,5344
12353,1240787016,1240793328,6312
12354,1240788091,1240793919,5828
12355,1240788154,1240795177,7023
12356,1240789416,1240795798,6382
12357,1240790285,1240796494,6209
12358,1240791373,1240797727,6354
12359,1240793328,1240798233,4905
12360,1240793919,1240798883,4964
12361,1240795177,1240799349,4172
12362,1240795798,1240799816,4018
12363,1240796494,1240800408,3914
12364,1240797727,1240800592,2865
12365,1240798233,1240801745,3512
12366,1240798883,1240802320,3437
12367,1240799349,1240803302,3953
12368,1240799816,1240804125,4309
12369,1240800408,1240805626,5218
12370,1240800592,1240806641,6049
12371,1240801745,1240807813,6068
12372,1240802320,1240809258,6938
12373,1240803302,1240810410,7108
12374,1240804125,1240811121,6996
12375,1240805626,1240812331,6705
12376,1240806641,1240813310,6669
12377,1240807813,1240814583,6770
12378,1240809258,1240815210,5952
12379,1240810410,1240816394,5984
12380,1240811121,1240817457,6336
12381,1240812331,1240817899,5568
12382,1240813310,1240818909,5599
12383,1240814583,1240819686,5103
12384,1240815210,1240820459,5249
12385,1240816394,1240820836,4442
12386,1240817457,1240821704,4247
12387,1240817899,1240823329,5430
12388,1240818909,1240824379,5470
12389,1240819686,1240824935,5249
12390,1240820459,1240826311,5852
12391,1240820836,1240827415,6579
12392,1240821704,1240827699,5995
12393,1240823329,1240828552,5223
12394,1240824379,1240829734,5355
12395,1240824935,1240830569,5634
12396,1240826311,1240831481,5170
12397,1240827415,1240832445,5030
12398,1240827699,1240833592,5893
12399,1240828552,1240834847,6295
12400,1240829734,1240836026,6292
12401,1240830569,1240837140,6571
12402,1240831481,1240837171,5690
12403,1240832445,1240837802,5357
12404,1240833592,1240838386,4794
12405,1240834847,1240838651,3804
12406,1240836026,1240839506,3480
12407,1240837140,1240840287,3147
12408,1240837171,1240840252,3081
12409,1240837802,1240841285,3483
12410,1240838386,1240841897,3511
12411,1240838651,1240842448,3797
12412,1240839506,1240842660,3154
12413,1240840252,1240843497,3245
12414,1240840287,1240844356,4069
12415,1240841285,1240845658,4373
12416,1240841897,1240847064,5167
12417,1240842448,1240847684,5236
12418,1240842660,1240847818,5158
12419,1240843497,1240848143,4646
12420,1240844356,1240849362,5006
12421,1240845658,1240850350,4692
12422,1240847064,1240850871,3807
12423,1240847684,1240851216,3532
12424,1240847818,1240851774,3956
12425,1240848143,1240853191,5048
12426,1240849362,1240853327,3965
12427,1240850350,1240854474,4124
12428,1240850871,1240855240,4369
12429,1240851216,1240856589,5373
12430,1240851774,1240857286,5512
12431,1240853191,1240857977,4786
12432,1240853327,1240858211,4884
12433,1240854474,1240859326,4852
12434,1240855240,1240859699,4459
12435,1240856589,1240860770,4181
12436,1240857286,1240861352,4066
12437,1240857977,1240861519,3542
12438,1240858211,1240862569,4358
12439,1240859326,1240863884,4558
12440,1240859699,1240864236,4537
12441,1240860770,1240865178,4408
12442,1240861352,1240865799,4447
12443,1240861519,1240866646,5127
12444,1240862569,1240867927,5358
12445,1240863884,1240869376,5492
12446,1240864236,1240870145,5909
12447,1240865178,1240870694,5516
12448,1240865799,1240871076,5277
12449,1240866646,1240871957,5311
12450,1240867927,1240872695,4768
12451,1240869376,1240873360,3984
12452,1240870145,1240874138,3993
12453,1240870694,1240875513,4819
12454,1240871076,1240875649,4573
12455,1240871957,1240876683,4726
12456,1240872695,1240877151,4456
12457,1240873360,1240877793,4433
12458,1240874138,1240879346,5208
12459,1240875513,1240879698,4185
12460,1240875649,1240880375,4726
12461,1240876683,1240881147,4464
12462,1240877151,1240881511,4360
12463,1240877793,1240881750,3957
12464,1240879346,1240883003,3657
12465,1240879698,1240884217,4519
12466,1240880375,1240885113,4738
12467,1240881147,1240886437,5290
12468,1240881511,1240887042,5531
12469,1240881750,1240887164,5414
12470,1240883003,1240887566,4563
12471,1240884217,1240888541,4324
12472,1240885113,1240889738,4625
12473,1240886437,1240891257,4820
12474,1240887042,1240891973,4931
12475,1240887164,1240892470,5306
12476,1240887566,1240892825,5259
12477,1240888541,1240894152,5611
12478,1240889738,1240895296,5558
12479,1240891257,1240895626,4369
12480,1240891973,1240896682,4709
12481,1240892470,1240897355,4885
12482,1240892825,1240897507,4682
12483,1240894152,1240898123,3971
12484,1240895296,1240899149,3853
12485,1240895626,1240899624,3998
12486,1240896682,1240900460,3778
12487,1240897355,1240901905,4550
12488,1240897507,1240903134,5627
12489,1240898123,1240903816,5693
12490,1240899149,1240904360,5211
12491,1240899624,1240905340,5716
12492,1240900460,1240906149,5689
12493,1240901905,1240906919,5014
12494,1240903134,1240907291,4157
12495,1240903816,1240907677,3861
12496,1240904360,1240907700,3340
12497,1240905340,1240908750,3410
12498,1240906149,1240909086,2937
12499,1240906919,1240909355,2436
12500,1240907291,1240910013,2722
12501,1240907677,1240911143,3466
12502,1240907700,1240911410,3710
12503,1240908750,1240912430,3680
12504,1240909086,1240912504,3418
12505,1240909355,1240913002,3647
12506,1240910013,1240913312,3299
12507,1240911143,1240913902,2759
12508,1240911410,1240914140,2730
12509,1240912430,1240914757,2327
12510,1240912504,1240915583,3079
12511,1240913002,1240916448,3446
12512,1240913312,1240916890,3578
12513,1240913902,1240917912,4010
12514,1240914140,1240919128,4988
12515,1240914757,1240919357,4600
12516,1240915583,1240919825,4242
12517,1240916448,1240920894,4446
12518,1240916890,1240921593,4703
12519,1240917912,1240922894,4982
12520,1240919128,1240922967,3839
12521,1240919357,1240923409,4052
12522,1240919825,1240923517,3692
12523,1240920894,1240924409,3515
12524,1240921593,1240925405,3812
12525,1240922894,1240925780,2886
12526,1240922967,1240926247,3280
12527,1240923409,1240926619,3210
12528,1240923517,1240928224,4707
12529,1240924409,1240930221,5812
12530,1240925405,1240931480,6075
12531,1240925780,1240933027,7247
12532,1240926247,1240934288,8041
12533,1240926619,1240934538,7919
12534,1240928224,1240935917,7693
12535,1240930221,1240936510,6289
12536,1240931480,1240938081,6601
12537,1240933027,1240939163,6136
12538,1240934288,1240939612,5324
12539,1240934538,1240939920,5382
12540,1240935917,1240940540,4623
12541,1240936510,1240941050,4540
12542,1240938081,1240941305,3224
12543,1240939163,1240941613,2450
12544,1240939612,1240941931,2319
12545,1240939920,1240941963,2043
12546,1240940540,1240942640,2100
12547,1240941050,1240943123,2073
12548,1240941305,1240944123,2818
12549,1240941613,1240944550,2937
12550,1240941931,1240945310,3379
12551,1240941963,1240945434,3471
12552,1240942640,1240945985,3345
12553,1240943123,1240946373,3250
12554,1240944123,1240946992,2869
12555,1240944550,1240948296,3746
12556,1240945310,1240949374,4064
12557,1240945434,1240949510,4076
12558,1240945985,1240950349,4364
12559,1240946373,1240951547,5174
12560,1240946992,1240953092,6100
12561,1240948296,1240953252,4956
12562,1240949374,1240953976,4602
12563,1240949510,1240954246,4736
12564,1240950349,1240955366,5017
12565,1240951547,1240956031,4484
12566,1240953092,1240957318,4226
12567,1240953252,1240957992,4740
12568,1240953976,1240959450,5474
12569,1240954246,1240959485,5239
12570,1240955366,1240960657,5291
12571,1240956031,1240961419,5388
12572,1240957318,1240962436,5118
12573,1240957992,1240963206,5214
12574,1240959450,1240963843,4393
12575,1240959485,1240965056,5571
12576,1240960657,1240965828,5171
12577,1240961419,1240966654,5235
12578,1240962436,1240966768,4332
12579,1240963206,1240967108,3902
12580,1240963843,1240967728,3885
12581,1240965056,1240968246,3190
12582,1240965828,1240968869,3041
12583,1240966654,1240969416,2762
12584,1240966768,1240970338,3570
12585,1240967108,1240971717,4609
12586,1240967728,1240972204,4476
12587,1240968246,1240973036,4790
12588,1240968869,1240973696,4827
12589,1240969416,1240974529,5113
12590,1240970338,1240976008,5670
12591,1240971717,1240976993,5276
12592,1240972204,1240977488,5284
12593,1240973036,1240978066,5030
12594,1240973696,1240978258,4562
12595,1240974529,1240979271,4742
12596,1240976008,1240980228,4220
12597,1240976993,1240980813,3820
12598,1240977488,1240981654,4166
12599,1240978066,1240983048,4982
12600,1240978258,1240984231,5973
12601,1240979271,1240984572,5301
12602,1240980228,1240985600,5372
12603,1240980813,1240986873,6060
12604,1240981654,1240987669,6015
12605,1240983048,1240988653,5605
12606,1240984231,1240989189,4958
12607,1240984572,1240990001,5429
12608,1240985600,1240991090,5490
12609,1240986873,1240991745,4872
12610,1240987669,1240992564,4895
12611,1240988653,1240993740,5087
12612,1240989189,1240995056,5867
12613,1240990001,1240996325,6324
12614,1240991090,1240997004,5914
12615,1240991745,1240997207,5462
12616,1240992564,1240997427,4863
12617,1240993740,1240997951,4211
12618,1240995056,1240999046,3990
12619,1240996325,1240999058,2733
12620,1240997004,1240999904,2900
12621,1240997207,1241000875,3668
12622,1240997427,1241001600,4173
12623,1240997951,1241002278,4327
12624,1240999046,1241002435,3389
12625,1240999058,1241002402,3344
12626,1240999904,1241002805,2901
12627,1241000875,1241002891,2016
12628,1241001600,1241003749,2149
12629,1241002278,1241003883,1605
12630,1241002402,1241003982,1580
12631,1241002435,1241004547,2112
12632,1241002805,1241005057,2252
12633,1241002891,1241006475,3584
12634,1241003749,1241007753,4004
12635,1241003883,1241008288,4405
12636,1241003982,1241009400,5418
12637,1241004547,1241009748,5201
12638,1241005057,1241009876,4819
12639,1241006475,1241010038,3563
12640,1241007753,1241010183,2430
12641,1241008288,1241010539,2251
12642,1241009400,1241010875,1475
12643,1241009748,1241012042,2294
12644,1241009876,1241012254,2378
12645,1241010038,1241012638,2600
12646,1241010183,1241013210,3027
12647,1241010539,1241013746,3207
12648,1241010875,1241014346,3471
12649,1241012042,1241015842,3800
12650,1241012254,1241016802,4548
12651,1241012638,1241017391,4753
12652,1241013210,1241017996,4786
12653,1241013746,1241019203,5457
12654,1241014346,1241019464,5118
12655,1241015842,1241020817,4975
12656,1241016802,1241021396,4594
12657,1241017391,1241022003,4612
12658,1241017996,1241022264,4268
12659,1241019203,1241022873,3670
12660,1241019464,1241023531,4067
12661,1241020817,1241024265,3448
12662,1241021396,1241024293,2897
12663,1241022003,1241025836,3833
12664,1241022264,1241026492,4228
12665,1241022873,1241026636,3763
12666,1241023531,1241027621,4090
12667,1241024265,1241028345,4080
12668,1241024293,1241028839,4546
12669,1241025836,1241029367,3531
12670,1241026492,1241029678,3186
12671,1241026636,1241029912,3276
12672,1241027621,1241030084,2463
12673,1241028345,1241030765,2420
12674,1241028839,1241030911,2072
12675,1241029367,1241031730,2363
12676,1241029678,1241033164,3486
12677,1241029912,1241033601,3689
12678,1241030084,1241034720,4636
12679,1241030765,1241035652,4887
12680,1241030911,1241035866,4955
12681,1241031730,1241036203,4473
12682,1241033164,1241036894,3730
12683,1241033601,1241037331,3730
12684,1241034720,1241038327,3607
12685,1241035652,1241039208,3556
12686,1241035866,1241040651,4785
12687,1241036203,1241041402,5199
12688,1241036894,1241042227,5333
12689,1241037331,1241042448,5117
12690,1241038327,1241042357,4030
12691,1241039208,1241042457,3249
12692,1241040651,1241043397,2746
12693,1241041402,1241044061,2659
12694,1241042227,1241044122,1895
12695,1241042357,1241044824,2467
12696,1241042448,1241045832,3384
12697,1241042457,1241046771,4314
12698,1241043397,1241046904,3507
12699,1241044061,1241048156,4095
12700,1241044122,1241048514,4392
12701,1241044824,1241049884,5060
12702,1241045832,1241050442,4610
12703,1241046771,1241050856,4085
12704,1241046904,1241051853,4949
12705,1241048156,1241052284,4128
12706,1241048514,1241053733,5219
12707,1241049884,1241054241,4357
12708,1241050442,1241054615,4173
12709,1241050856,1241054904,4048
12710,1241051853,1241055416,3563
12711,1241052284,1241056479,4195
12712,1241053733,1241056608,2875
12713,1241054241,1241056830,2589
12714,1241054615,1241057725,3110
12715,1241054904,1241058555,3651
12716,1241055416,1241059474,4058
12717,1241056479,1241060045,3566
12718,1241056608,1241060470,3862
12719,1241056830,1241061102,4272
12720,1241057725,1241061580,3855
12721,1241058555,1241061788,3233
12722,1241059474,1241062668,3194
12723,1241060045,1241062921,2876
12724,1241060470,1241064049,3579
12725,1241061102,1241064893,3791
12726,1241061580,1241065649,4069
12727,1241061788,1241066094,4306
12728,1241062668,1241066445,3777
12729,1241062921,1241066978,4057
12730,1241064049,1241067118,3069
12731,1241064893,1241068186,3293
12732,1241065649,1241069613,3964
12733,1241066094,1241070269,4175
12734,1241066445,1241070968,4523
12735,1241066978,1241071991,5013
12736,1241067118,1241072376,5258
12737,1241068186,1241073229,5043
12738,1241069613,1241073365,3752
12739,1241070269,1241073804,3535
12740,1241070968,1241075181,4213
12741,1241071991,1241076596,4605
12742,1241072376,1241076752,4376
12743,1241073229,1241077114,3885
12744,1241073365,1241078283,4918
12745,1241073804,1241079196,5392
12746,1241075181,1241080318,5137
12747,1241076596,1241081179,4583
12748,1241076752,1241081297,4545
12749,1241077114,1241081831,4717
12750,1241078283,1241081858,3575
12751,1241079196,1241082514,3318
12752,1241080318,1241083316,2998
12753,1241081179,1241083474,2295
12754,1241081297,1241083665,2368
12755,1241081831,1241083738,1907
12756,1241081858,1241085084,3226
12757,1241082514,1241086293,3779
12758,1241083316,1241087422,4106
12759,1241083474,1241088378,4904
12760,1241083665,1241089245,5580
12761,1241083738,1241089651,5913
12762,1241085084,1241089731,4647
12763,1241086293,1241090145,3852
12764,1241087422,1241090315,2893
12765,1241088378,1241090954,2576
12766,1241089245,1241091773,2528
12767,1241089651,1241092523,2872
12768,1241089731,1241093538,3807
12769,1241090145,1241093870,3725
12770,1241090315,1241094623,4308
12771,1241090954,1241094835,3881
12772,1241091773,1241095585,3812
12773,1241092523,1241095727,3204
12774,1241093538,1241096317,2779
12775,1241093870,1241097569,3699
12776,1241094623,1241097585,2962
12777,1241094835,1241098995,4160
12778,1241095585,1241099488,3903
12779,1241095727,1241099759,4032
12780,1241096317,1241100244,3927
12781,1241097569,1241100750,3181
12782,1241097585,1241101119,3534
12783,1241098995,1241101527,2532
12784,1241099488,1241102570,3082
12785,1241099759,1241103853,4094
12786,1241100244,1241104891,4647
12787,1241100750,1241105355,4605
12788,1241101119,1241106243,5124
12789,1241101527,1241106656,5129
12790,1241102570,1241107959,5389
12791,1241103853,1241108118,4265
12792,1241104891,1241109671,4780
12793,1241105355,1241110168,4813
12794,1241106243,1241110619,4376
12795,1241106656,1241111417,4761
12796,1241107959,1241111838,3879
12797,1241108118,1241112767,4649
12798,1241109671,1241113184,3513
12799,1241110168,1241113498,3330
12800,1241110619,1241114845,4226
12801,1241111417,1241115313,3896
12802,1241111838,1241115756,3918
12803,1241112767,1241115938,3171
12804,1241113184,1241116702,3518
12805,1241113498,1241117343,3845
12806,1241114845,1241117384,2539
12807,1241115313,1241117853,2540
12808,1241115756,1241119248,3492
12809,1241115938,1241119982,4044
12810,1241116702,1241120970,4268
12811,1241117343,1241121818,4475
12812,1241117384,1241121908,4524
12813,1241117853,1241122389,4536
12814,1241119248,1241122526,3278
12815,1241119982,1241123200,3218
12816,1241120970,1241123829,2859
12817,1241121818,1241123944,2126
12818,1241121908,1241124978,3070
12819,1241122389,1241126154,3765
12820,1241122526,1241126837,4311
12821,1241123200,1241127653,4453
12822,1241123829,1241128160,4331
12823,1241123944,1241129117,5173
12824,1241124978,1241129348,4370
12825,1241126154,1241129761,3607
12826,1241126837,1241130020,3183
12827,1241127653,1241131012,3359
12828,1241128160,1241132387,4227
12829,1241129117,1241133555,4438
12830,1241129348,1241134161,4813
12831,1241129761,1241135617,5856
12832,1241130020,1241136855,6835
12833,1241131012,1241137054,6042
12834,1241132387,1241138228,5841
12835,1241133555,1241138809,5254
12836,1241134161,1241139211,5050
12837,1241135617,1241139819,4202
12838,1241136855,1241140793,3938
12839,1241137054,1241142331,5277
12840,1241138228,1241142951,4723
12841,1241138809,1241143884,5075
12842,1241139211,1241143782,4571
12843,1241139819,1241144142,4323
12844,1241140793,1241144117,3324
12845,1241142331,1241145131,2800
12846,1241142951,1241148551,5600
12847,1241143782,1241149072,5290
12848,1241143884,1241149525,5641
12849,1241144117,1241150151,6034
12850,1241144142,1241150469,6327
12851,1241145131,1241151566,6435
12852,1241148551,1241152184,3633
12853,1241149072,1241153289,4217
12854,1241149525,1241154357,4832
12855,1241150151,1241154378,4227
12856,1241150469,1241155023,4554
12857,1241151566,1241155924,4358
12858,1241152184,1241156548,4364
12859,1241153289,1241158010,4721
12860,1241154357,1241158969,4612
12861,1241154378,1241160386,6008
12862,1241155023,1241161382,6359
12863,1241155924,1241162305,6381
12864,1241156548,1241162765,6217
12865,1241158010,1241163366,5356
12866,1241158969,1241164046,5077
12867,1241160386,1241164592,4206
12868,1241161382,1241165148,3766
12869,1241162305,1241165680,3375
12870,1241162765,1241167085,4320
12871,1241163366,1241168549,5183
12872,1241164046,1241169909,5863
12873,1241164592,1241170669,6077
12874,1241165148,1241170760,5612
12875,1241165680,1241170999,5319
12876,1241167085,1241171673,4588
12877,1241168549,1241171834,3285
12878,1241169909,1241172802,2893
12879,1241170669,1241172831,2162
12880,1241170760,1241173391,2631
12881,1241170999,1241173796,2797
12882,1241171673,1241173905,2232
12883,1241171834,1241174413,2579
12884,1241172802,1241175620,2818
12885,1241172831,1241176260,3429
12886,1241173391,1241176762,3371
12887,1241173796,1241177619,3823
12888,1241173905,1241178220,4315
12889,1241174413,1241178578,4165
12890,1241175620,1241178786,3166
12891,1241176260,1241180045,3785
12892,1241176762,1241180563,3801
12893,1241177619,1241181564,3945
12894,1241178220,1241182239,4019
12895,1241178578,1241183226,4648
12896,1241178786,1241184394,5608
12897,1241180045,1241184786,4741
12898,1241180563,1241185700,5137
12899,1241181564,1241186655,5091
12900,1241182239,1241188042,5803
12901,1241183226,1241188683,5457
12902,1241184394,1241189308,4914
12903,1241184786,1241189914,5128
12904,1241185700,1241191092,5392
12905,1241186655,1241191177,4522
12906,1241188042,1241191211,3169
12907,1241188683,1241192234,3551
12908,1241189308,1241192538,3230
12909,1241189914,1241193992,4078
12910,1241191092,1241194566,3474
12911,1241191177,1241195073,3896
12912,1241191211,1241195796,4585
12913,1241192234,1241195810,3576
12914,1241192538,1241195985,3447
12915,1241193992,1241197285,3293
12916,1241194566,1241197868,3302
12917,1241195073,1241197992,2919
12918,1241195796,1241198671,2875
12919,1241195810,1241199219,3409
12920,1241195985,1241199996,4011
12921,1241197285,1241200684,3399
12922,1241197868,1241200950,3082
12923,1241197992,1241201406,3414
12924,1241198671,1241201911,3240
12925,1241199219,1241202673,3454
12926,1241199996,1241204032,4036
12927,1241200684,1241204254,3570
12928,1241200950,1241204915,3965
12929,1241201406,1241205581,4175
12930,1241201911,1241206056,4145
12931,1241202673,1241207506,4833
12932,1241204032,1241208140,4108
12933,1241204254,1241209515,5261
12934,1241204915,1241209572,4657
12935,1241205581,1241210335,4754
12936,1241206056,1241211615,5559
12937,1241207506,1241212153,4647
12938,1241208140,1241212977,4837
12939,1241209515,1241213187,3672
12940,1241209572,1241214151,4579
12941,1241210335,1241214747,4412
12942,1241211615,1241214944,3329
12943,1241212153,1241215306,3153
12944,1241212977,1241216029,3052
12945,1241213187,1241216468,3281
12946,1241214151,1241217214,3063
12947,1241214747,1241218245,3498
12948,1241214944,1241219171,4227
12949,1241215306,1241219840,4534
12950,1241216029,1241220823,4794
12951,1241216468,1241221592,5124
12952,1241217214,1241222355,5141
12953,1241218245,1241223130,4885
12954,1241219171,1241223563,4392
12955,1241219840,1241223657,3817
12956,1241220823,1241224798,3975
12957,1241221592,1241225261,3669
12958,1241222355,1241225747,3392
12959,1241223130,1241226202,3072
12960,1241223563,1241226541,2978
12961,1241223657,1241226766,3109
12962,1241224798,1241227241,2443
12963,1241225261,1241227389,2128
12964,1241225747,1241228150,2403
12965,1241226202,1241228856,2654
12966,1241226541,1241229993,3452
12967,1241226766,1241230446,3680
12968,1241227241,1241231437,4196
12969,1241227389,1241231461,4072
12970,1241228150,1241232939,4789
12971,1241228856,1241233757,4901
12972,1241229993,1241234356,4363
12973,1241230446,1241235714,5268
12974,1241231437,1241236313,4876
12975,1241231461,1241237224,5763
12976,1241232939,1241238158,5219
12977,1241233757,1241238344,4587
12978,1241234356,1241238576,4220
12979,1241235714,1241238697,2983
12980,1241236313,1241238720,2407
12981,1241237224,1241239222,1998
12982,1241238158,1241239740,1582
12983,1241238344,1241240541,2197
12984,1241238576,1241240532,1956
12985,1241238697,1241241090,2393
12986,1241238720,1241242141,3421
12987,1241239222,1241242597,3375
12988,1241239740,1241243177,3437
12989,1241240532,1241243667,3135
12990,1241240541,1241243896,3355
12991,1241241090,1241244573,3483
12992,1241242141,1241245088,2947
12993,1241242597,1241245719,3122
12994,1241243177,1241246075,2898
12995,1241243667,1241246828,3161
12996,1241243896,1241247436,3540
12997,1241244573,1241247919,3346
12998,1241245088,1241248896,3808
12999,1241245719,1241249880,4161
13000,1241246075,1241251100,5025
13001,1241246828,1241252608,5780
13002,1241247436,1241253494,6058
13003,1241247919,1241254489,6570
13004,1241248896,1241254796,5900
13005,1241249880,1241255075,5195
13006,1241251100,1241255233,4133
13007,1241252608,1241255398,2790
13008,1241253494,1241255687,2193
13009,1241254489,1241256479,1990
13010,1241254796,1241257584,2788
13011,1241255075,1241258267,3192
13012,1241255233,1241259218,3985
13013,1241255398,1241260158,4760
13014,1241255687,1241261073,5386
13015,1241256479,1241261878,5399
13016,1241257584,1241261959,4375
13017,1241258267,1241263419,5152
13018,1241259218,1241264480,5262
13019,1241260158,1241265283,5125
13020,1241261073,1241266246,5173
13021,1241261878,1241266933,5055
13022,1241261959,1241268281,6322
13023,1241263419,1241269199,5780
13024,1241264480,1241269762,5282
13025,1241265283,1241270235,4952
13026,1241266246,1241271737,5491
13027,1241266933,1241272832,5899
13028,1241268281,1241273023,4742
13029,1241269199,1241273912,4713
13030,1241269762,1241274276,4514
13031,1241270235,1241275100,4865
13032,1241271737,1241275684,3947
13033,1241272832,1241276951,4119
13034,1241273023,1241277700,4677
13035,1241273912,1241278077,4165
13036,1241274276,1241279688,5412
13037,1241275100,1241280723,5623
13038,1241275684,1241281677,5993
13039,1241276951,1241282908,5957
13040,1241277700,1241283396,5696
13041,1241278077,1241283566,5489
13042,1241279688,1241283874,4186
13043,1241280723,1241285265,4542
13044,1241281677,1241286370,4693
13045,1241282908,1241287184,4276
13046,1241283396,1241287218,3822
13047,1241283566,1241288141,4575
13048,1241283874,1241288579,4705
13049,1241285265,1241289065,3800
13050,1241286370,1241289689,3319
13051,1241287184,1241290909,3725
13052,1241287218,1241291553,4335
13053,1241288141,1241291586,3445
13054,1241288579,1241291916,3337
13055,1241289065,1241292307,3242
13056,1241289689,1241292401,2712
13057,1241290909,1241293920,3011
13058,1241291553,1241294141,2588
13059,1241291586,1241294994,3408
13060,1241291916,1241296358,4442
13061,1241292307,1241296467,4160
13062,1241292401,1241296796,4395
13063,1241293920,1241297665,3745
13064,1241294141,1241298482,4341
13065,1241294994,1241298730,3736
13066,1241296358,1241299143,2785
13067,1241296467,1241300128,3661
13068,1241296796,1241300692,3896
13069,1241297665,1241301696,4031
13070,1241298482,1241302835,4353
13071,1241298730,1241304217,5487
13072,1241299143,1241304770,5627
13073,1241300128,1241304808,4680
13074,1241300692,1241305261,4569
13075,1241301696,1241306214,4518
13076,1241302835,1241307284,4449
13077,1241304217,1241307403,3186
13078,1241304770,1241307765,2995
13079,1241304808,1241309138,4330
13080,1241305261,1241309192,3931
13081,1241306214,1241310342,4128
13082,1241307284,1241319154,11870
13083,1241307403,1241320305,12902
13084,1241307765,1241321238,13473
13085,1241309138,1241321815,12677
13086,1241309192,1241323201,14009
13087,1241310342,1241324636,14294
13088,1241319154,1241326162,7008
13089,1241320305,1241326415,6110
13090,1241321238,1241327132,5894
13091,1241321815,1241327541,5726
13092,1241323201,1241328973,5772
13093,1241324636,1241329006,4370
13094,1241326162,1241329844,3682
13095,1241326415,1241330328,3913
13096,1241327132,1241330783,3651
13097,1241327541,1241331344,3803
13098,1241328973,1241332442,3469
13099,1241329006,1241332964,3958
13100,1241329844,1241333307,3463
13101,1241330328,1241334011,3683
13102,1241330783,1241334442,3659
13103,1241331344,1241334612,3268
13104,1241332442,1241334947,2505
13105,1241332964,1241335292,2328
13106,1241333307,1241335809,2502
13107,1241334011,1241336273,2262
13108,1241334442,1241337348,2906
13109,1241334612,1241338415,3803
13110,1241334947,1241339140,4193
13111,1241335292,1241339544,4252
13112,1241335809,1241340094,4285
13113,1241336273,1241340684,4411
13114,1241337348,1241341685,4337
13115,1241338415,1241341979,3564
13116,1241339140,1241342188,3048
13117,1241339544,1241342461,2917
13118,1241340094,1241342969,2875
13119,1241340684,1241343528,2844
13120,1241341685,1241344496,2811
13121,1241341979,1241345744,3765
13122,1241342188,1241346789,4601
13123,1241342461,1241346835,4374
13124,1241342969,1241348097,5128
13125,1241343528,1241348518,4990
13126,1241344496,1241349636,5140
13127,1241345744,1241351159,5415
13128,1241346789,1241352231,5442
13129,1241346835,1241352502,5667
13130,1241348097,1241352909,4812
13131,1241348518,1241353302,4784
13132,1241349636,1241353659,4023
13133,1241351159,1241354375,3216
13134,1241352231,1241354970,2739
13135,1241352502,1241356069,3567
13136,1241352909,1241357707,4798
13137,1241353302,1241358758,5456
13138,1241353659,1241359655,5996
13139,1241354375,1241360855,6480
13140,1241354970,1241362165,7195
13141,1241356069,1241363569,7500
13142,1241357707,1241364379,6672
13143,1241358758,1241364576,5818
13144,1241359655,1241364963,5308
13145,1241360855,1241365450,4595
13146,1241362165,1241366352,4187
13147,1241363569,1241366518,2949
13148,1241364379,1241366706,2327
13149,1241364576,1241367612,3036
13150,1241364963,1241368462,3499
13151,1241365450,1241368622,3172
13152,1241366352,1241369278,2926
13153,1241366518,1241369987,3469
13154,1241366706,1241370506,3800
13155,1241367612,1241371850,4238
13156,1241368462,1241372477,4015
13157,1241368622,1241373284,4662
13158,1241369278,1241373464,4186
13159,1241369987,1241373883,3896
13160,1241370506,1241374471,3965
13161,1241371850,1241375128,3278
13162,1241372477,1241375731,3254
13163,1241373284,1241376570,3286
13164,1241373464,1241377020,3556
13165,1241373883,1241377034,3151
13166,1241374471,1241382075,7604
13167,1241375128,1241383182,8054
13168,1241375731,1241383513,7782
13169,1241376570,1241384498,7928
13170,1241377020,1241384355,7335
13171,1241377034,1241384926,7892
13172,1241382075,1241386052,3977
13173,1241383182,1241386394,3212
13174,1241383513,1241386901,3388
13175,1241384355,1241387994,3639
13176,1241384498,1241389477,4979
13177,1241384926,1241390245,5319
13178,1241386052,1241391513,5461
13179,1241386394,1241391722,5328
13180,1241386901,1241392110,5209
13181,1241387994,1241392502,4508
13182,1241389477,1241392685,3208
13183,1241390245,1241394075,3830
13184,1241391513,1241394458,2945
13185,1241391722,1241395293,3571
13186,1241392110,1241395602,3492
13187,1241392502,1241396447,3945
13188,1241392685,1241397668,4983
13189,1241394075,1241397885,3810
13190,1241394458,1241398235,3777
13191,1241395293,1241398442,3149
13192,1241395602,1241398733,3131
13193,1241396447,1241399318,2871
13194,1241397668,1241400141,2473
13195,1241397885,1241400826,2941
13196,1241398235,1241401351,3116
13197,1241398442,1241401840,3398
13198,1241398733,1241401699,2966
13199,1241399318,1241402202,2884
13200,1241400141,1241402644,2503
13201,1241400826,1241403316,2490
13202,1241401351,1241403715,2364
13203,1241401699,1241405251,3552
13204,1241401840,1241406831,4991
13205,1241402202,1241407275,5073
13206,1241402644,1241408191,5547
13207,1241403316,1241409730,6414
13208,1241403715,1241410976,7261
13209,1241405251,1241411968,6717
13210,1241406831,1241412373,5542
13211,1241407275,1241413003,5728
13212,1241408191,1241413862,5671
13213,1241409730,1241413834,4104
13214,1241410976,1241414237,3261
13215,1241411968,1241415548,3580
13216,1241412373,1241416164,3791
13217,1241413003,1241416128,3125
13218,1241413834,1241416684,2850
13219,1241413862,1241417517,3655
13220,1241414237,1241417423,3186
13221,1241415548,1241418063,2515
13222,1241416128,1241419600,3472
13223,1241416164,1241420259,4095
13224,1241416684,1241420819,4135
13225,1241417423,1241422354,4931
13226,1241417517,1241422784,5267
13227,1241418063,1241423395,5332
13228,1241419600,1241424272,4672
13229,1241420259,1241425465,5206
13230,1241420819,1241426651,5832
13231,1241422354,1241427684,5330
13232,1241422784,1241428086,5302
13233,1241423395,1241428522,5127
13234,1241424272,1241429811,5539
13235,1241425465,1241430870,5405
13236,1241426651,1241432209,5558
13237,1241427684,1241433381,5697
13238,1241428086,1241434763,6677
13239,1241428522,1241435133,6611
13240,1241429811,1241435894,6083
13241,1241430870,1241437080,6210
13242,1241432209,1241438423,6214
13243,1241433381,1241438384,5003
13244,1241434763,1241439049,4286
13245,1241435133,1241439104,3971
13246,1241435894,1241439651,3757
13247,1241437080,1241439913,2833
13248,1241438384,1241439868,1484
13249,1241438423,1241441177,2754
13250,1241439049,1241441701,2652
13251,1241439104,1241441699,2595
13252,1241439651,1241442989,3338
13253,1241439868,1241443566,3698
13254,1241439913,1241443633,3720
13255,1241441177,1241444280,3103
13256,1241441699,1241444134,2435
13257,1241441701,1241445280,3579
13258,1241442989,1241445669,2680
13259,1241443566,1241446222,2656
13260,1241443633,1241447034,3401
13261,1241444134,1241447655,3521
13262,1241444280,1241448292,4012
13263,1241445280,1241449345,4065
13264,1241445669,1241449435,3766
13265,1241446222,1241449810,3588
13266,1241447034,1241450291,3257
13267,1241447655,1241450642,2987
13268,1241448292,1241451157,2865
13269,1241449345,1241452678,3333
13270,1241449435,1241452755,3320
13271,1241449810,1241452826,3016
13272,1241450291,1241452927,2636
13273,1241450642,1241453117,2475
13274,1241451157,1241454289,3132
13275,1241452678,1241454872,2194
13276,1241452755,1241455476,2721
13277,1241452826,1241455371,2545
13278,1241452927,1241456263,3336
13279,1241453117,1241457378,4261
13280,1241454289,1241458588,4299
13281,1241454872,1241460100,5228
13282,1241455371,1241460512,5141
13283,1241455476,1241461777,6301
13284,1241456263,1241463224,6961
13285,1241457378,1241463301,5923
13286,1241458588,1241463987,5399
13287,1241460100,1241465211,5111
13288,1241460512,1241466431,5919
13289,1241461777,1241467873,6096
13290,1241463224,1241468131,4907
13291,1241463301,1241468227,4926
13292,1241463987,1241468684,4697
13293,1241465211,1241470016,4805
13294,1241466431,1241470272,3841
13295,1241467873,1241470452,2579
13296,1241468131,1241471401,3270
13297,1241468227,1241472005,3778
13298,1241468684,1241472645,3961
13299,1241470016,1241473372,3356
13300,1241470272,1241473917,3645
13301,1241470452,1241475275,4823
13302,1241471401,1241475937,4536
13303,1241472005,1241476565,4560
13304,1241472645,1241477230,4585
13305,1241473372,1241477685,4313
13306,1241473917,1241478284,4367
13307,1241475275,1241478327,3052
13308,1241475937,1241479169,3232
13309,1241476565,1241479483,2918
13310,1241477230,1241480068,2838
13311,1241477685,1241480737,3052
13312,1241478284,1241481505,3221
13313,1241478327,1241482413,4086
13314,1241479169,1241483799,4630
13315,1241479483,1241483995,4512
13316,1241480068,1241484065,3997
13317,1241480737,1241484462,3725
13318,1241481505,1241484327,2822
13319,1241482413,1241484393,1980
13320,1241483799,1241485708,1909
13321,1241483995,1241486865,2870
13322,1241484065,1241487487,3422
13323,1241484327,1241488698,4371
13324,1241484393,1241488652,4259
13325,1241484462,1241489265,4803
13326,1241485708,1241490089,4381
13327,1241486865,1241490898,4033
13328,1241487487,1241491450,3963
13329,1241488652,1241492431,3779
13330,1241488698,1241492904,4206
13331,1241489265,1241492750,3485
13332,1241490089,1241493939,3850
13333,1241490898,1241494184,3286
13334,1241491450,1241495299,3849
13335,1241492431,1241495724,3293
13336,1241492750,1241496386,3636
13337,1241492904,1241497150,4246
13338,1241493939,1241498644,4705
13339,1241494184,1241498648,4464
13340,1241495299,1241499054,3755
13341,1241495724,1241499203,3479
13342,1241496386,1241499416,3030
13343,1241497150,1241499707,2557
13344,1241498644,1241500172,1528
13345,1241498648,1241500338,1690
13346,1241499054,1241500478,1424
13347,1241499203,1241501638,2435
13348,1241499416,1241502318,2902
13349,1241499707,1241503259,3552
13350,1241500172,1241503724,3552
13351,1241500338,1241503854,3516
13352,1241500478,1241504740,4262
13353,1241501638,1241505738,4100
13354,1241502318,1241506922,4604
13355,1241503259,1241507532,4273
13356,1241503724,1241507889,4165
13357,1241503854,1241508702,4848
13358,1241504740,1241508946,4206
13359,1241505738,1241509057,3319
13360,1241506922,1241509740,2818
13361,1241507532,1241511241,3709
13362,1241507889,1241511732,3843
13363,1241508702,1241511882,3180
13364,1241508946,1241512290,3344
13365,1241509057,1241513021,3964
13366,1241509740,1241513463,3723
13367,1241511241,1241514988,3747
13368,1241511732,1241515347,3615
13369,1241511882,1241515592,3710
13370,1241512290,1241516004,3714
13371,1241513021,1241517350,4329
13372,1241513463,1241518169,4706
13373,1241514988,1241519126,4138
13374,1241515347,1241519145,3798
13375,1241515592,1241519646,4054
13376,1241516004,1241520694,4690
13377,1241517350,1241521191,3841
13378,1241518169,1241522308,4139
13379,1241519126,1241523283,4157
13380,1241519145,1241523500,4355
13381,1241519646,1241524810,5164
13382,1241520694,1241525417,4723
13383,1241521191,1241526750,5559
13384,1241522308,1241526622,4314
13385,1241523283,1241527345,4062
13386,1241523500,1241527457,3957
13387,1241524810,1241527715,2905
13388,1241525417,1241527761,2344
13389,1241526622,1241528749,2127
13390,1241526750,1241529568,2818
13391,1241527345,1241530169,2824
13392,1241527457,1241530739,3282
13393,1241527715,1241530893,3178
13394,1241527761,1241531320,3559
13395,1241528749,1241531809,3060
13396,1241529568,1241532418,2850
13397,1241530169,1241532850,2681
13398,1241530739,1241533945,3206
13399,1241530893,1241534709,3816
13400,1241531320,1241535397,4077
13401,1241531809,1241535882,4073
13402,1241532418,1241537155,4737
13403,1241532850,1241537630,4780
13404,1241533945,1241538373,4428
13405,1241534709,1241539495,4786
13406,1241535397,1241540798,5401
13407,1241535882,1241541764,5882
13408,1241537155,1241543170,6015
13409,1241537630,1241544462,6832
13410,1241538373,1241545727,7354
13411,1241539495,1241546707,7212
13412,1241540798,1241546874,6076
13413,1241541764,1241547080,5316
13414,1241543170,1241547262,4092
13415,1241544462,1241547709,3247
13416,1241545727,1241548060,2333
13417,1241546707,1241548802,2095
13418,1241546874,1241549105,2231
13419,1241547080,1241549343,2263
13420,1241547262,1241549578,2316
13421,1241547709,1241550725,3016
13422,1241548060,1241551076,3016
13423,1241548802,1241550975,2173
13424,1241549105,1241551145,2040
13425,1241549343,1241551157,1814
13426,1241549578,1241551594,2016
13427,1241550725,1241552469,1744
13428,1241550975,1241553418,2443
13429,1241551076,1241553705,2629
13430,1241551145,1241555180,4035
13431,1241551157,1241555779,4622
13432,1241551594,1241557119,5525
13433,1241552469,1241558209,5740
13434,1241553418,1241558526,5108
13435,1241553705,1241559516,5811
13436,1241555180,1241559570,4390
13437,1241555779,1241560002,4223
13438,1241557119,1241559859,2740
13439,1241558209,1241561022,2813
13440,1241558526,1241561603,3077
13441,1241559516,1241561877,2361
13442,1241559570,1241562997,3427
13443,1241559859,1241563946,4087
13444,1241560002,1241564065,4063
13445,1241561022,1241564824,3802
13446,1241561603,1241566279,4676
13447,1241561877,1241567046,5169
13448,1241562997,1241568488,5491
13449,1241563946,1241568953,5007
13450,1241564065,1241569385,5320
13451,1241564824,1241569756,4932
13452,1241566279,1241570742,4463
13453,1241567046,1241570861,3815
13454,1241568488,1241571104,2616
13455,1241568953,1241571681,2728
13456,1241569385,1241572174,2789
13457,1241569756,1241572816,3060
13458,1241570742,1241573535,2793
13459,1241570861,1241573675,2814
13460,1241571104,1241574463,3359
13461,1241571681,1241574855,3174
13462,1241572174,1241576096,3922
13463,1241572816,1241576351,3535
13464,1241573535,1241576757,3222
13465,1241573675,1241577127,3452
13466,1241574463,1241577975,3512
13467,1241574855,1241578145,3290
13468,1241576096,1241578389,2293
13469,1241576351,1241579314,2963
13470,1241576757,1241580284,3527
13471,1241577127,1241580345,3218
13472,1241577975,1241580832,2857
13473,1241578145,1241581108,2963
13474,1241578389,1241582002,3613
13475,1241579314,1241582815,3501
13476,1241580284,1241583777,3493
13477,1241580345,1241584962,4617
13478,1241580832,1241586229,5397
13479,1241581108,1241586777,5669
13480,1241582002,1241587839,5837
13481,1241582815,1241588603,5788
13482,1241583777,1241589383,5606
13483,1241584962,1241590889,5927
13484,1241586229,1241591730,5501
13485,1241586777,1241592984,6207
13486,1241587839,1241592869,5030
13487,1241588603,1241593795,5192
13488,1241589383,1241594594,5211
13489,1241590889,1241595336,4447
13490,1241591730,1241595357,3627
13491,1241592869,1241595634,2765
13492,1241592984,1241596868,3884
13493,1241593795,1241597191,3396
13494,1241594594,1241597330,2736
13495,1241595336,1241598550,3214
13496,1241595357,1241599527,4170
13497,1241595634,1241600023,4389
13498,1241596868,1241600500,3632
13499,1241597191,1241601372,4181
13500,1241597330,1241602564,5234
13501,1241598550,1241603972,5422
13502,1241599527,1241605307,5780
13503,1241600023,1241605751,5728
13504,1241600500,1241606477,5977
13505,1241601372,1241607162,5790
13506,1241602564,1241607349,4785
13507,1241603972,1241608578,4606
13508,1241605307,1241609215,3908
13509,1241605751,1241610423,4672
13510,1241606477,1241610366,3889
13511,1241607162,1241610558,3396
13512,1241607349,1241611251,3902
13513,1241608578,1241611916,3338
13514,1241609215,1241612488,3273
13515,1241610366,1241613860,3494
13516,1241610423,1241613857,3434
13517,1241610558,1241614984,4426
13518,1241611251,1241615184,3933
13519,1241611916,1241615938,4022
13520,1241612488,1241616580,4092
13521,1241613857,1241617369,3512
13522,1241613860,1241617338,3478
13523,1241614984,1241617343,2359
13524,1241615184,1241618640,3456
13525,1241615938,1241619483,3545
13526,1241616580,1241619844,3264
13527,1241617338,1241620784,3446
13528,1241617343,1241621644,4301
13529,1241617369,1241622451,5082
13530,1241618640,1241622898,4258
13531,1241619483,1241624025,4542
13532,1241619844,1241624687,4843
13533,1241620784,1241625461,4677
13534,1241621644,1241625943,4299
13535,1241622451,1241626171,3720
13536,1241622898,1241626241,3343
13537,1241624025,1241626467,2442
13538,1241624687,1241627327,2640
13539,1241625461,1241627353,1892
13540,1241625943,1241627420,1477
13541,1241626171,1241628306,2135
13542,1241626241,1241628816,2575
13543,1241626467,1241628896,2429
13544,1241627327,1241629995,2668
13545,1241627353,1241630485,3132
13546,1241627420,1241630575,3155
13547,1241628306,1241631049,2743
13548,1241628816,1241630944,2128
13549,1241628896,1241632521,3625
13550,1241629995,1241632995,3000
13551,1241630485,1241633568,3083
13552,1241630575,1241634893,4318
13553,1241630944,1241636007,5063
13554,1241631049,1241637040,5991
13555,1241632521,1241637758,5237
13556,1241632995,1241638158,5163
13557,1241633568,1241638992,5424
13558,1241634893,1241639420,4527
13559,1241636007,1241639930,3923
13560,1241637040,1241640272,3232
13561,1241637758,1241641309,3551
13562,1241638158,1241641817,3659
13563,1241638992,1241642965,3973
13564,1241639420,1241644449,5029
13565,1241639930,1241645406,5476
13566,1241640272,1241645938,5666
13567,1241641309,1241645863,4554
13568,1241641817,1241646012,4195
13569,1241642965,1241646614,3649
13570,1241644449,1241647485,3036
13571,1241645406,1241647826,2420
13572,1241645863,1241648044,2181
13573,1241645938,1241648180,2242
13574,1241646012,1241648761,2749
13575,1241646614,1241649597,2983
13576,1241647485,1241651020,3535
13577,1241647826,1241651456,3630
13578,1241648044,1241652565,4521
13579,1241648180,1241653063,4883
13580,1241648761,1241654029,5268
13581,1241649597,1241653979,4382
13582,1241651020,1241654215,3195
13583,1241651456,1241654514,3058
13584,1241652565,1241655413,2848
13585,1241653063,1241655822,2759
13586,1241653979,1241656074,2095
13587,1241654029,1241656308,2279
13588,1241654215,1241656748,2533
13589,1241654514,1241657842,3328
13590,1241655413,1241658605,3192
13591,1241655822,1241659126,3304
13592,1241656074,1241660050,3976
13593,1241656308,1241659907,3599
13594,1241656748,1241661618,4870
13595,1241657842,1241662766,4924
13596,1241658605,1241663123,4518
13597,1241659126,1241664230,5104
13598,1241659907,1241665127,5220
13599,1241660050,1241665546,5496
13600,1241661618,1241666599,4981
13601,1241662766,1241666744,3978
13602,1241663123,1241668067,4944
13603,1241664230,1241668481,4251
13604,1241665127,1241669514,4387
13605,1241665546,1241670730,5184
13606,1241666599,1241671135,4536
13607,1241666744,1241672176,5432
13608,1241668067,1241673224,5157
13609,1241668481,1241674585,6104
13610,1241669514,1241675892,6378
13611,1241670730,1241676031,5301
13612,1241671135,1241676304,5169
13613,1241672176,1241676603,4427
13614,1241673224,1241677762,4538
13615,1241674585,1241678592,4007
13616,1241675892,1241679264,3372
13617,1241676031,1241679968,3937
13618,1241676304,1241680015,3711
13619,1241676603,1241681167,4564
13620,1241677762,1241682110,4348
13621,1241678592,1241682112,3520
13622,1241679264,1241683434,4170
13623,1241679968,1241684111,4143
13624,1241680015,1241684882,4867
13625,1241681167,1241686363,5196
13626,1241682110,1241686883,4773
13627,1241682112,1241687779,5667
13628,1241683434,1241689060,5626
13629,1241684111,1241689856,5745
13630,1241684882,1241690138,5256
13631,1241686363,1241690984,4621
13632,1241686883,1241691314,4431
13633,1241687779,1241692267,4488
13634,1241689060,1241692363,3303
13635,1241689856,1241692522,2666
13636,1241690138,1241693386,3248
13637,1241690984,1241694321,3337
13638,1241691314,1241694563,3249
13639,1241692267,1241695640,3373
13640,1241692363,1241697007,4644
13641,1241692522,1241698031,5509
13642,1241693386,1241699403,6017
13643,1241694321,1241700136,5815
13644,1241694563,1241700804,6241
13645,1241695640,1241701537,5897
13646,1241697007,1241702188,5181
13647,1241698031,1241702643,4612
13648,1241699403,1241703064,3661
13649,1241700136,1241704074,3938
13650,1241700804,1241705386,4582
13651,1241701537,1241706343,4806
13652,1241702188,1241706764,4576
13653,1241702643,1241707535,4892
13654,1241703064,1241709056,5992
13655,1241704074,1241710513,6439
13656,1241705386,1241711008,5622
13657,1241706343,1241711422,5079
13658,1241706764,1241711808,5044
13659,1241707535,1241712061,4526
13660,1241709056,1241712662,3606
13661,1241710513,1241713120,2607
13662,1241711008,1241713397,2389
13663,1241711422,1241713924,2502
13664,1241711808,1241714650,2842
13665,1241712061,1241715069,3008
13666,1241712662,1241716112,3450
13667,1241713120,1241716315,3195
13668,1241713397,1241716858,3461
13669,1241713924,1241717233,3309
13670,1241714650,1241717555,2905
13671,1241715069,1241719152,4083
13672,1241716112,1241719823,3711
13673,1241716315,1241720782,4467
13674,1241716858,1241721292,4434
13675,1241717233,1241722087,4854
13676,1241717555,1241722442,4887
13677,1241719152,1241723845,4693
13678,1241719823,1241724430,4607
13679,1241720782,1241725171,4389
13680,1241721292,1241726571,5279
13681,1241722087,1241727355,5268
13682,1241722442,1241728102,5660
13683,1241723845,1241728273,4428
13684,1241724430,1241728741,4311
13685,1241725171,1241729146,3975
13686,1241726571,1241729632,3061
13687,1241727355,1241729854,2499
13688,1241728102,1241731048,2946
13689,1241728273,1241731660,3387
13690,1241728741,1241733222,4481
13691,1241729146,1241734052,4906
13692,1241729632,1241735174,5542
13693,1241729854,1241735113,5259
13694,1241731048,1241735618,4570
13695,1241731660,1241736606,4946
13696,1241733222,1241736749,3527
13697,1241734052,1241737119,3067
13698,1241735113,1241738005,2892
13699,1241735174,1241739150,3976
13700,1241735618,1241739825,4207
13701,1241736606,1241740226,3620
13702,1241736749,1241740443,3694
13703,1241737119,1241740737,3618
13704,1241738005,1241740620,2615
13705,1241739150,1241741351,2201
13706,1241739825,1241742433,2608
13707,1241740226,1241743371,3145
13708,1241740443,1241744307,3864
13709,1241740620,1241744910,4290
13710,1241740737,1241745711,4974
13711,1241741351,1241746940,5589
13712,1241742433,1241748051,5618
13713,1241743371,1241748117,4746
13714,1241744307,1241748661,4354
13715,1241744910,1241749801,4891
13716,1241745711,1241750293,4582
13717,1241746940,1241750348,3408
13718,1241748051,1241750218,2167
13719,1241748117,1241751560,3443
13720,1241748661,1241752532,3871
13721,1241749801,1241752422,2621
13722,1241750218,1241753156,2938
13723,1241750293,1241754578,4285
13724,1241750348,1241755316,4968
13725,1241751560,1241755767,4207
13726,1241752422,1241757070,4648
13727,1241752532,1241757134,4602
13728,1241753156,1241758364,5208
13729,1241754578,1241758782,4204
13730,1241755316,1241759722,4406
13731,1241755767,1241760068,4301
13732,1241757070,1241761588,4518
13733,1241757134,1241762692,5558
13734,1241758364,1241762844,4480
13735,1241758782,1241763491,4709
13736,1241759722,1241764416,4694
13737,1241760068,1241765056,4988
13738,1241761588,1241765891,4303
13739,1241762692,1241766610,3918
13740,1241762844,1241768013,5169
13741,1241763491,1241768401,4910
13742,1241764416,1241768716,4300
13743,1241765056,1241769281,4225
13744,1241765891,1241769766,3875
13745,1241766610,1241770673,4063
13746,1241768013,1241770986,2973
13747,1241768401,1241771288,2887
13748,1241768716,1241772230,3514
13749,1241769281,1241772417,3136
13750,1241769766,1241772636,2870
13751,1241770673,1241772812,2139
13752,1241770986,1241773396,2410
13753,1241771288,1241774682,3394
13754,1241772230,1241775868,3638
13755,1241772417,1241776967,4550
13756,1241772636,1241777971,5335
13757,1241772812,1241778016,5204
13758,1241773396,1241778133,4737
13759,1241774682,1241779168,4486
13760,1241775868,1241780228,4360
13761,1241776967,1241780706,3739
13762,1241777971,1241781168,3197
13763,1241778016,1241782321,4305
13764,1241778133,1241783193,5060
13765,1241779168,1241783477,4309
13766,1241780228,1241783515,3287
13767,1241780706,1241784045,3339
13768,1241781168,1241785196,4028
13769,1241782321,1241785693,3372
13770,1241783193,1241787269,4076
13771,1241783477,1241787302,3825
13772,1241783515,1241787706,4191
13773,1241784045,1241788402,4357
13774,1241785196,1241789405,4209
13775,1241785693,1241789911,4218
13776,1241787269,1241791225,3956
13777,1241787302,1241792540,5238
13778,1241787706,1241792742,5036
13779,1241788402,1241793398,4996
13780,1241789405,1241794176,4771
13781,1241789911,1241795077,5166
13782,1241791225,1241795446,4221
13783,1241792540,1241796108,3568
13784,1241792742,1241797122,4380
13785,1241793398,1241797894,4496
13786,1241794176,1241799104,4928
13787,1241795077,1241800096,5019
13788,1241795446,1241801549,6103
13789,1241796108,1241802082,5974
13790,1241797122,1241803043,5921
13791,1241797894,1241803872,5978
13792,1241799104,1241804646,5542
13793,1241800096,1241805160,5064
13794,1241801549,1241805757,4208
13795,1241802082,1241807309,5227
13796,1241803043,1241808035,4992
13797,1241803872,1241809571,5699
13798,1241804646,1241810901,6255
13799,1241805160,1241812214,7054
13800,1241805757,1241812705,6948
13801,1241807309,1241812818,5509
13802,1241808035,1241814422,6387
13803,1241809571,1241815618,6047
13804,1241810901,1241816567,5666
13805,1241812214,1241816716,4502
13806,1241812705,1241817602,4897
13807,1241812818,1241818988,6170
13808,1241814422,1241820278,5856
13809,1241815618,1241820334,4716
13810,1241816567,1241821626,5059
13811,1241816716,1241822077,5361
13812,1241817602,1241827558,9956
13813,1241818988,1241828873,9885
13814,1241820278,1241829416,9138
13815,1241820334,1241830620,10286
13816,1241821626,1241830824,9198
13817,1241822077,1241831399,9322
13818,1241827558,1241831474,3916
13819,1241828873,1241832058,3185
13820,1241829416,1241832802,3386
13821,1241830620,1241833348,2728
13822,1241830824,1241833754,2930
13823,1241831399,1241834903,3504
13824,1241831474,1241836070,4596
13825,1241832058,1241837352,5294
13826,1241832802,1241838541,5739
13827,1241833348,1241839238,5890
13828,1241833754,1241839555,5801
13829,1241834903,1241840520,5617
13830,1241836070,1241841550,5480
13831,1241837352,1241842300,4948
13832,1241838541,1241843152,4611
13833,1241839238,1241843285,4047
13834,1241839555,1241843529,3974
13835,1241840520,1241843854,3334
13836,1241841550,1241844758,3208
13837,1241842300,1241845257,2957
13838,1241843152,1241847886,4734
13839,1241843285,1241849019,5734
13840,1241843529,1241849934,6405
13841,1241843854,1241850505,6651
13842,1241844758,1241850375,5617
13843,1241845257,1241851252,5995
13844,1241847886,1241851845,3959
13845,1241849019,1241851832,2813
13846,1241849934,1241852293,2359
13847,1241850375,1241853290,2915
13848,1241850505,1241853703,3198
13849,1241851252,1241854389,3137
13850,1241851832,1241855035,3203
13851,1241851845,1241855243,3398
13852,1241852293,1241857059,4766
13853,1241853290,1241858267,4977
13854,1241853703,1241858592,4889
13855,1241854389,1241858847,4458
13856,1241855035,1241860109,5074
13857,1241855243,1241861197,5954
13858,1241857059,1241862288,5229
13859,1241858267,1241863001,4734
13860,1241858592,1241863513,4921
13861,1241858847,1241863963,5116
13862,1241860109,1241865869,5760
13863,1241861197,1241867794,6597
13864,1241862288,1241868881,6593
13865,1241863001,1241869563,6562
13866,1241863513,1241870113,6600
13867,1241863963,1241871325,7362
13868,1241865869,1241872335,6466
13869,1241867794,1241872707,4913
13870,1241868881,1241872982,4101
13871,1241869563,1241873349,3786
13872,1241870113,1241874923,4810
13873,1241871325,1241876405,5080
13874,1241872335,1241877511,5176
13875,1241872707,1241878713,6006
13876,1241872982,1241879667,6685
13877,1241873349,1241880737,7388
13878,1241874923,1241881812,6889
13879,1241876405,1241885094,8689
13880,1241877511,1241885960,8449
13881,1241878713,1241889994,11281
13882,1241879667,1241890411,10744
13883,1241880737,1241891253,10516
13884,1241881812,1241891843,10031
13885,1241885094,1241892179,7085
13886,1241885960,1241894423,8463
13887,1241889994,1241894437,4443
13888,1241890411,1241897878,7467
13889,1241891253,1241910410,19157
13890,1241891843,1241913951,22108
13891,1241892179,1241913994,21815
13892,1241894423,1241920337,25914
13893,1241894437,1241922581,28144
13894,1241897878,1241926638,28760
13895,1241910410,1241927861,17451
13896,1241913951,1241932165,18214
13897,1241913994,1241933190,19196
13898,1241920337,1241944972,24635
13899,1241922581,1241946512,23931
13900,1241926638,1241947032,20394
13901,1241927861,1241947642,19781
13902,1241932165,1241948398,16233
13903,1241933190,1241949057,15867
13904,1241944972,1241948918,3946
13905,1241946512,1241949983,3471
13906,1241947032,1241950984,3952
13907,1241947642,1241951898,4256
13908,1241948398,1241953050,4652
13909,1241948918,1241954492,5574
13910,1241949057,1241955747,6690
13911,1241949983,1241956482,6499
13912,1241950984,1241956315,5331
13913,1241951898,1241956549,4651
13914,1241953050,1241956874,3824
13915,1241954492,1241958036,3544
13916,1241955747,1241958802,3055
13917,1241956315,1241959709,3394
13918,1241956482,1241960311,3829
13919,1241956549,1241960787,4238
13920,1241956874,1241961174,4300
13921,1241958036,1241962253,4217
13922,1241958802,1241963606,4804
13923,1241959709,1241963779,4070
13924,1241960311,1241964522,4211
13925,1241960787,1241965865,5078
13926,1241961174,1241965984,4810
13927,1241962253,1241966592,4339
13928,1241963606,1241966785,3179
13929,1241963779,1241966865,3086
13930,1241964522,1241967460,2938
13931,1241965865,1241967868,2003
13932,1241965984,1241968321,2337
13933,1241966592,1241968641,2049
13934,1241966785,1241969182,2397
13935,1241966865,1241969848,2983
13936,1241967460,1241970676,3216
13937,1241967868,1241971424,3556
13938,1241968321,1241972017,3696
13939,1241968641,1241972583,3942
13940,1241969182,1241974008,4826
13941,1241969848,1241974475,4627
13942,1241970676,1241975822,5146
13943,1241971424,1241976265,4841
13944,1241972017,1241977311,5294
13945,1241972583,1241978492,5909
13946,1241974008,1241978743,4735
13947,1241974475,1241979118,4643
13948,1241975822,1241980413,4591
13949,1241976265,1241981816,5551
13950,1241977311,1241982010,4699
13951,1241978492,1241982689,4197
13952,1241978743,1241983482,4739
13953,1241979118,1241983716,4598
13954,1241980413,1241984096,3683
13955,1241981816,1241984471,2655
13956,1241982010,1241985436,3426
13957,1241982689,1241986145,3456
13958,1241983482,1241987471,3989
13959,1241983716,1241988566,4850
13960,1241984096,1241989950,5854
13961,1241984471,1241991179,6708
13962,1241985436,1241991452,6016
13963,1241986145,1241992393,6248
13964,1241987471,1241992757,5286
13965,1241988566,1241993638,5072
13966,1241989950,1241993490,3540
13967,1241991179,1241993639,2460
13968,1241991452,1241994902,3450
13969,1241992393,1241995525,3132
13970,1241992757,1241996948,4191
13971,1241993490,1241996982,3492
13972,1241993638,1241998051,4413
13973,1241993639,1241998787,5148
13974,1241994902,1241999178,4276
13975,1241995525,1242000127,4602
13976,1241996948,1242000913,3965
13977,1241996982,1242001564,4582
13978,1241998051,1242002405,4354
13979,1241998787,1242003773,4986
13980,1241999178,1242005042,5864
13981,1242000127,1242006719,6592
13982,1242000913,1242007551,6638
13983,1242001564,1242008703,7139
13984,1242002405,1242009528,7123
13985,1242003773,1242009916,6143
13986,1242005042,1242010796,5754
13987,1242006719,1242011634,4915
13988,1242007551,1242011772,4221
13989,1242008703,1242012161,3458
13990,1242009528,1242013125,3597
13991,1242009916,1242014284,4368
13992,1242010796,1242014149,3353
13993,1242011634,1242014966,3332
13994,1242011772,1242015747,3975
13995,1242012161,1242017114,4953
13996,1242013125,1242018338,5213
13997,1242014149,1242019446,5297
13998,1242014284,1242019813,5529
13999,1242014966,1242020337,5371
14000,1242015747,1242020885,5138
14001,1242017114,1242021424,4310
14002,1242018338,1242021876,3538
14003,1242019446,1242022429,2983
14004,1242019813,1242023457,3644
14005,1242020337,1242023930,3593
14006,1242020885,1242024295,3410
14007,1242021424,1242024645,3221
14008,1242021876,1242024889,3013
14009,1242022429,1242026073,3644
14010,1242023457,1242026831,3374
14011,1242023930,1242027465,3535
14012,1242024295,1242028259,3964
14013,1242024645,1242028412,3767
14014,1242024889,1242029208,4319
14015,1242026073,1242029606,3533
14016,1242026831,1242030244,3413
14017,1242027465,1242031460,3995
14018,1242028259,1242032281,4022
14019,1242028412,1242032856,4444
14020,1242029208,1242033983,4775
14021,1242029606,1242034726,5120
14022,1242030244,1242034920,4676
14023,1242031460,1242035131,3671
14024,1242032281,1242036483,4202
14025,1242032856,1242037429,4573
14026,1242033983,1242038182,4199
14027,1242034726,1242038990,4264
14028,1242034920,1242039627,4707
14029,1242035131,1242040063,4932
14030,1242036483,1242041178,4695
14031,1242037429,1242042677,5248
14032,1242038182,1242043402,5220
14033,1242038990,1242043835,4845
14034,1242039627,1242044506,4879
14035,1242040063,1242045573,5510
14036,1242041178,1242045735,4557
14037,1242042677,1242046347,3670
14038,1242043402,1242046867,3465
14039,1242043835,1242048005,4170
14040,1242044506,1242049013,4507
14041,1242045573,1242050210,4637
14042,1242045735,1242050953,5218
14043,1242046347,1242051071,4724
14044,1242046867,1242051204,4337
14045,1242048005,1242051898,3893
14046,1242049013,1242052704,3691
14047,1242050210,1242053911,3701
14048,1242050953,1242054094,3141
14049,1242051071,1242054730,3659
14050,1242051204,1242055717,4513
14051,1242051898,1242056320,4422
14052,1242052704,1242057118,4414
14053,1242053911,1242058008,4097
14054,1242054094,1242059207,5113
14055,1242054730,1242059310,4580
14056,1242055717,1242059411,3694
14057,1242056320,1242059714,3394
14058,1242057118,1242060979,3861
14059,1242058008,1242061297,3289
14060,1242059207,1242061840,2633
14061,1242059310,1242062024,2714
14062,1242059411,1242062209,2798
14063,1242059714,1242062708,2994
14064,1242060979,1242063149,2170
14065,1242061297,1242063682,2385
14066,1242061840,1242065022,3182
14067,1242062024,1242066082,4058
14068,1242062209,1242066865,4656
14069,1242062708,1242067576,4868
14070,1242063149,1242068223,5074
14071,1242063682,1242068959,5277
14072,1242065022,1242069772,4750
14073,1242066082,1242071047,4965
14074,1242066865,1242071961,5096
14075,1242067576,1242072338,4762
14076,1242068223,1242072601,4378
14077,1242068959,1242073559,4600
14078,1242069772,1242074092,4320
14079,1242071047,1242075098,4051
14080,1242071961,1242075612,3651
14081,1242072338,1242076675,4337
14082,1242072601,1242077810,5209
14083,1242073559,1242077865,4306
14084,1242074092,1242078810,4718
14085,1242075098,1242079234,4136
14086,1242075612,1242079987,4375
14087,1242076675,1242080339,3664
14088,1242077810,1242081834,4024
14089,1242077865,1242082472,4607
14090,1242078810,1242082883,4073
14091,1242079234,1242083125,3891
14092,1242079987,1242084204,4217
14093,1242080339,1242084676,4337
14094,1242081834,1242085192,3358
14095,1242082472,1242086758,4286
14096,1242082883,1242087205,4322
14097,1242083125,1242087441,4316
14098,1242084204,1242088003,3799
14099,1242084676,1242089288,4612
14100,1242085192,1242090369,5177
14101,1242086758,1242091334,4576
14102,1242087205,1242092576,5371
14103,1242087441,1242092596,5155
14104,1242088003,1242093732,5729
14105,1242089288,1242094150,4862
14106,1242090369,1242095252,4883
14107,1242091334,1242095360,4026
14108,1242092576,1242096428,3852
14109,1242092596,1242096662,4066
14110,1242093732,1242096741,3009
14111,1242094150,1242098000,3850
14112,1242095252,1242098425,3173
14113,1242095360,1242098661,3301
14114,1242096428,1242099265,2837
14115,1242096662,1242100127,3465
14116,1242096741,1242101294,4553
14117,1242098000,1242102022,4022
14118,1242098425,1242102800,4375
14119,1242098661,1242103128,4467
14120,1242099265,1242103712,4447
14121,1242100127,1242104678,4551
14122,1242101294,1242104988,3694
14123,1242102022,1242105708,3686
14124,1242102800,1242106411,3611
14125,1242103128,1242107576,4448
14126,1242103712,1242107781,4069
14127,1242104678,1242108079,3401
14128,1242104988,1242109325,4337
14129,1242105708,1242109395,3687
14130,1242106411,1242110192,3781
14131,1242107576,1242110311,2735
14132,1242107781,1242110929,3148
14133,1242108079,1242111018,2939
14134,1242109325,1242111847,2522
14135,1242109395,1242113017,3622
14136,1242110192,1242113646,3454
14137,1242110311,1242114351,4040
14138,1242110929,1242114687,3758
14139,1242111018,1242114726,3708
14140,1242111847,1242115705,3858
14141,1242113017,1242116452,3435
14142,1242113646,1242117577,3931
14143,1242114351,1242117986,3635
14144,1242114687,1242118648,3961
14145,1242114726,1242119418,4692
14146,1242115705,1242120218,4513
14147,1242116452,1242120421,3969
14148,1242117577,1242121509,3932
14149,1242117986,1242122330,4344
14150,1242118648,1242122427,3779
14151,1242119418,1242122554,3136
14152,1242120218,1242123505,3287
14153,1242120421,1242124191,3770
14154,1242121509,1242125138,3629
14155,1242122330,1242125670,3340
14156,1242122427,1242126176,3749
14157,1242122554,1242126859,4305
14158,1242123505,1242127713,4208
14159,1242124191,1242128832,4641
14160,1242125138,1242129337,4199
14161,1242125670,1242130786,5116
14162,1242126176,1242131367,5191
14163,1242126859,1242132313,5454
14164,1242127713,1242133338,5625
14165,1242128832,1242134419,5587
14166,1242129337,1242134634,5297
14167,1242130786,1242135363,4577
14168,1242131367,1242135842,4475
14169,1242132313,1242136610,4297
14170,1242133338,1242137560,4222
14171,1242134419,1242137946,3527
14172,1242134634,1242138318,3684
14173,1242135363,1242139477,4114
14174,1242135842,1242140291,4449
14175,1242136610,1242141177,4567
14176,1242137560,1242141435,3875
14177,1242137946,1242142037,4091
14178,1242138318,1242142446,4128
14179,1242139477,1242142457,2980
14180,1242140291,1242142933,2642
14181,1242141177,1242143539,2362
14182,1242141435,1242143869,2434
14183,1242142037,1242144963,2926
14184,1242142446,1242146101,3655
14185,1242142457,1242146792,4335
14186,1242142933,1242147269,4336
14187,1242143539,1242148050,4511
14188,1242143869,1242148555,4686
14189,1242144963,1242148748,3785
14190,1242146101,1242149152,3051
14191,1242146792,1242149580,2788
14192,1242147269,1242150003,2734
14193,1242148050,1242151476,3426
14194,1242148555,1242152547,3992
14195,1242148748,1242154107,5359
14196,1242149152,1242154771,5619
14197,1242149580,1242155516,5936
14198,1242150003,1242156343,6340
14199,1242151476,1242156749,5273
14200,1242152547,1242157106,4559
14201,1242154107,1242158318,4211
14202,1242154771,1242158636,3865
14203,1242155516,1242159764,4248
14204,1242156343,1242159847,3504
14205,1242156749,1242160015,3266
14206,1242157106,1242160339,3233
14207,1242158318,1242160821,2503
14208,1242158636,1242161306,2670
14209,1242159764,1242161692,1928
14210,1242159847,1242163110,3263
14211,1242160015,1242164412,4397
14212,1242160339,1242165094,4755
14213,1242160821,1242165879,5058
14214,1242161306,1242166314,5008
14215,1242161692,1242166791,5099
14216,1242163110,1242166874,3764
14217,1242164412,1242167202,2790
14218,1242165094,1242167646,2552
14219,1242165879,1242168170,2291
14220,1242166314,1242169028,2714
14221,1242166791,1242170110,3319
14222,1242166874,1242171187,4313
14223,1242167202,1242171556,4354
14224,1242167646,1242172625,4979
14225,1242168170,1242173450,5280
14226,1242169028,1242174561,5533
14227,1242170110,1242174873,4763
14228,1242171187,1242176201,5014
14229,1242171556,1242176366,4810
14230,1242172625,1242177638,5013
14231,1242173450,1242178043,4593
14232,1242174561,1242178931,4370
14233,1242174873,1242179042,4169
14234,1242176201,1242180453,4252
14235,1242176366,1242181081,4715
14236,1242177638,1242181300,3662
14237,1242178043,1242181338,3295
14238,1242178931,1242182715,3784
14239,1242179042,1242182938,3896
14240,1242180453,1242184010,3557
14241,1242181081,1242184321,3240
14242,1242181300,1242184814,3514
14243,1242181338,1242185074,3736
14244,1242182715,1242185373,2658
14245,1242182938,1242185848,2910
14246,1242184010,1242186764,2754
14247,1242184321,1242187170,2849
14248,1242184814,1242187715,2901
14249,1242185074,1242189182,4108
14250,1242185373,1242190010,4637
14251,1242185848,1242191344,5496
14252,1242186764,1242192757,5993
14253,1242187170,1242193151,5981
14254,1242187715,1242193859,6144
14255,1242189182,1242194859,5677
14256,1242190010,1242195553,5543
14257,1242191344,1242196702,5358
14258,1242192757,1242196825,4068
14259,1242193151,1242197211,4060
14260,1242193859,1242197386,3527
14261,1242194859,1242197843,2984
14262,1242195553,1242198686,3133
14263,1242196702,1242199063,2361
14264,1242196825,1242199117,2292
14265,1242197211,1242199133,1922
14266,1242197386,1242200116,2730
14267,1242197843,1242200497,2654
14268,1242198686,1242201917,3231
14269,1242199063,1242202893,3830
14270,1242199117,1242203803,4686
14271,1242199133,1242204868,5735
14272,1242200116,1242205439,5323
14273,1242200497,1242206306,5809
14274,1242201917,1242207444,5527
14275,1242202893,1242208225,5332
14276,1242203803,1242208656,4853
14277,1242204868,1242209267,4399
14278,1242205439,1242210503,5064
14279,1242206306,1242211587,5281
14280,1242207444,1242212020,4576
14281,1242208225,1242212516,4291
14282,1242208656,1242213406,4750
14283,1242209267,1242213353,4086
14284,1242210503,1242213890,3387
14285,1242211587,1242214362,2775
14286,1242212020,1242215388,3368
14287,1242212516,1242215869,3353
14288,1242213353,1242216187,2834
14289,1242213406,1242216742,3336
14290,1242213890,1242217750,3860
14291,1242214362,1242217970,3608
14292,1242215388,1242218076,2688
14293,1242215869,1242219141,3272
14294,1242216187,1242220559,4372
14295,1242216742,1242222935,6193
14296,1242217750,1242224377,6627
14297,1242217970,1242227586,9616
14298,1242218076,1242229530,11454
14299,1242219141,1242230587,11446
14300,1242220559,1242231592,11033
14301,1242222935,1242232498,9563
14302,1242224377,1242233452,9075
14303,1242227586,1242233499,5913
14304,1242229530,1242234700,5170
14305,1242230587,1242235600,5013
14306,1242231592,1242236053,4461
14307,1242232498,1242236696,4198
14308,1242233452,1242237477,4025
14309,1242233499,1242238507,5008
14310,1242234700,1242239093,4393
14311,1242235600,1242239333,3733
14312,1242236053,1242239506,3453
14313,1242236696,1242240087,3391
14314,1242237477,1242241051,3574
14315,1242238507,1242241962,3455
14316,1242239093,1242242853,3760
14317,1242239333,1242243196,3863
14318,1242239506,1242243479,3973
14319,1242240087,1242243570,3483
14320,1242241051,1242244601,3550
14321,1242241962,1242246111,4149
14322,1242242853,1242247092,4239
14323,1242243196,1242248225,5029
14324,1242243479,1242249841,6362
14325,1242243570,1242250702,7132
14326,1242244601,1242251486,6885
14327,1242246111,1242251634,5523
14328,1242247092,1242251747,4655
14329,1242248225,1242252071,3846
14330,1242249841,1242252564,2723
14331,1242250702,1242253091,2389
14332,1242251486,1242253932,2446
14333,1242251634,1242256451,4817
14334,1242251747,1242257495,5748
14335,1242252071,1242258517,6446
14336,1242252564,1242259245,6681
14337,1242253091,1242260762,7671
14338,1242253932,1242261133,7201
14339,1242256451,1242262193,5742
14340,1242257495,1242262571,5076
14341,1242258517,1242263552,5035
14342,1242259245,1242264709,5464
14343,1242260762,1242265956,5194
14344,1242261133,1242266354,5221
14345,1242262193,1242267079,4886
14346,1242262571,1242267486,4915
14347,1242263552,1242267800,4248
14348,1242264709,1242268739,4030
14349,1242265956,1242269543,3587
14350,1242266354,1242270224,3870
14351,1242267079,1242270503,3424
14352,1242267486,1242271456,3970
14353,1242267800,1242272324,4524
14354,1242268739,1242272996,4257
14355,1242269543,1242273448,3905
14356,1242270224,1242273707,3483
14357,1242270503,1242274224,3721
14358,1242271456,1242275342,3886
14359,1242272324,1242275721,3397
14360,1242272996,1242275881,2885
14361,1242273448,1242275940,2492
14362,1242273707,1242276373,2666
14363,1242274224,1242276549,2325
14364,1242275342,1242277240,1898
14365,1242275721,1242277911,2190
14366,1242275881,1242278581,2700
14367,1242275940,1242279408,3468
14368,1242276373,1242279940,3567
14369,1242276549,1242280421,3872
14370,1242277240,1242282032,4792
14371,1242277911,1242283383,5472
14372,1242278581,1242283413,4832
14373,1242279408,1242283852,4444
14374,1242279940,1242284132,4192
14375,1242280421,1242284641,4220
14376,1242282032,1242285290,3258
14377,1242283383,1242285848,2465
14378,1242283413,1242286655,3242
14379,1242283852,1242287898,4046
14380,1242284132,1242288856,4724
14381,1242284641,1242289828,5187
14382,1242285290,1242291316,6026
14383,1242285848,1242291896,6048
14384,1242286655,1242292585,5930
14385,1242287898,1242292646,4748
14386,1242288856,1242293624,4768
14387,1242289828,1242293773,3945
14388,1242291316,1242293918,2602
14389,1242291896,1242294990,3094
14390,1242292585,1242295484,2899
14391,1242292646,1242296036,3390
14392,1242293624,1242297256,3632
14393,1242293773,1242298124,4351
14394,1242293918,1242298264,4346
14395,1242294990,1242298366,3376
14396,1242295484,1242299559,4075
14397,1242296036,1242299983,3947
14398,1242297256,1242300365,3109
14399,1242298124,1242300856,2732
14400,1242298264,1242301274,3010
14401,1242298366,1242301734,3368
14402,1242299559,1242302032,2473
14403,1242299983,1242303103,3120
14404,1242300365,1242304625,4260
14405,1242300856,1242305125,4269
14406,1242301274,1242305748,4474
14407,1242301734,1242306499,4765
14408,1242302032,1242307519,5487
14409,1242303103,1242307889,4786
14410,1242304625,1242308342,3717
14411,1242305125,1242308983,3858
14412,1242305748,1242309318,3570
14413,1242306499,1242309561,3062
14414,1242307519,1242309918,2399
14415,1242307889,1242310044,2155
14416,1242308342,1242310198,1856
14417,1242308983,1242310769,1786
14418,1242309318,1242311109,1791
14419,1242309561,1242311514,1953
14420,1242309918,1242312810,2892
14421,1242310044,1242313573,3529
14422,1242310198,1242313617,3419
14423,1242310769,1242314702,3933
14424,1242311109,1242314998,3889
14425,1242311514,1242315364,3850
14426,1242312810,1242315706,2896
14427,1242313573,1242316733,3160
14428,1242313617,1242317201,3584
14429,1242314702,1242318189,3487
14430,1242314998,1242318454,3456
14431,1242315364,1242318592,3228
14432,1242315706,1242318587,2881
14433,1242316733,1242318923,2190
14434,1242317201,1242319037,1836
14435,1242318189,1242319945,1756
14436,1242318454,1242321000,2546
14437,1242318587,1242321465,2878
14438,1242318592,1242322217,3625
14439,1242318923,1242322372,3449
14440,1242319037,1242323619,4582
14441,1242319945,1242323849,3904
14442,1242321000,1242325443,4443
14443,1242321465,1242325496,4031
14444,1242322217,1242326008,3791
14445,1242322372,1242326714,4342
14446,1242323619,1242328176,4557
14447,1242323849,1242329502,5653
14448,1242325443,1242330261,4818
14449,1242325496,1242331529,6033
14450,1242326008,1242332587,6579
14451,1242326714,1242332457,5743
14452,1242328176,1242333376,5200
14453,1242329502,1242333924,4422
14454,1242330261,1242334059,3798
14455,1242331529,1242335020,3491
14456,1242332457,1242335081,2624
14457,1242332587,1242335564,2977
14458,1242333376,1242335767,2391
14459,1242333924,1242335650,1726
14460,1242334059,1242337055,2996
14461,1242335020,1242338373,3353
14462,1242335081,1242339196,4115
14463,1242335564,1242339113,3549
14464,1242335650,1242339861,4211
14465,1242335767,1242340165,4398
14466,1242337055,1242340268,3213
14467,1242338373,1242341044,2671
14468,1242339113,1242341462,2349
14469,1242339196,1242342259,3063
14470,1242339861,1242343124,3263
14471,1242340165,1242343860,3695
14472,1242340268,1242344146,3878
14473,1242341044,1242345272,4228
14474,1242341462,1242345589,4127
14475,1242342259,1242346157,3898
14476,1242343124,1242346397,3273
14477,1242343860,1242346902,3042
14478,1242344146,1242347601,3455
14479,1242345272,1242348074,2802
14480,1242345589,1242348247,2658
14481,1242346157,1242349827,3670
14482,1242346397,1242350168,3771
14483,1242346902,1242350937,4035
14484,1242347601,1242351142,3541
14485,1242348074,1242351913,3839
14486,1242348247,1242352180,3933
14487,1242349827,1242352399,2572
14488,1242350168,1242353146,2978
14489,1242350937,1242353579,2642
14490,1242351142,1242354155,3013
14491,1242351913,1242355418,3505
14492,1242352180,1242355454,3274
14493,1242352399,1242355600,3201
14494,1242353146,1242356431,3285
14495,1242353579,1242356891,3312
14496,1242354155,1242357309,3154
14497,1242355418,1242357950,2532
14498,1242355454,1242358707,3253
14499,1242355600,1242360065,4465
14500,1242356431,1242360348,3917
14501,1242356891,1242361154,4263
14502,1242357309,1242361583,4274
14503,1242357950,1242362405,4455
14504,1242358707,1242362636,3929
14505,1242360065,1242363313,3248
14506,1242360348,1242364323,3975
14507,1242361154,1242364353,3199
14508,1242361583,1242365785,4202
14509,1242362405,1242365765,3360
14510,1242362636,1242366129,3493
14511,1242363313,1242366802,3489
14512,1242364323,1242367201,2878
14513,1242364353,1242368285,3932
14514,1242365765,1242368639,2874
14515,1242365785,1242369307,3522
14516,1242366129,1242370256,4127
14517,1242366802,1242370708,3906
14518,1242367201,1242371314,4113
14519,1242368285,1242371649,3364
14520,1242368639,1242372345,3706
14521,1242369307,1242373108,3801
14522,1242370256,1242373377,3121
14523,1242370708,1242374000,3292
14524,1242371314,1242374095,2781
14525,1242371649,1242375178,3529
14526,1242372345,1242375802,3457
14527,1242373108,1242375742,2634
14528,1242373377,1242376362,2985
14529,1242374000,1242377125,3125
14530,1242374095,1242377391,3296
14531,1242375178,1242378651,3473
14532,1242375742,1242378741,2999
14533,1242375802,1242378919,3117
14534,1242376362,1242379247,2885
14535,1242377125,1242379816,2691
14536,1242377391,1242380128,2737
14537,1242378651,1242380709,2058
14538,1242378741,1242380769,2028
14539,1242378919,1242381230,2311
14540,1242379247,1242381756,2509
14541,1242379816,1242382605,2789
14542,1242380128,1242382663,2535
14543,1242380709,1242384001,3292
14544,1242380769,1242384302,3533
14545,1242381230,1242384923,3693
14546,1242381756,1242384872,3116
14547,1242382605,1242385221,2616
14548,1242382663,1242385541,2878
14549,1242384001,1242385737,1736
14550,1242384302,1242386207,1905
14551,1242384872,1242386496,1624
14552,1242384923,1242387187,2264
14553,1242385221,1242388017,2796
14554,1242385541,1242388802,3261
14555,1242385737,1242389820,4083
14556,1242386207,1242390589,4382
14557,1242386496,1242391109,4613
14558,1242387187,1242391404,4217
14559,1242388017,1242392781,4764
14560,1242388802,1242393575,4773
14561,1242389820,1242394832,5012
14562,1242390589,1242396135,5546
14563,1242391109,1242396654,5545
14564,1242391404,1242396850,5446
14565,1242392781,1242397319,4538
14566,1242393575,1242398062,4487
14567,1242394832,1242398832,4000
14568,1242396135,1242400233,4098
14569,1242396654,1242400806,4152
14570,1242396850,1242401287,4437
14571,1242397319,1242402088,4769
14572,1242398062,1242402677,4615
14573,1242398832,1242403115,4283
14574,1242400233,1242403960,3727
14575,1242400806,1242404172,3366
14576,1242401287,1242404682,3395
14577,1242402088,1242405743,3655
14578,1242402677,1242406704,4027
14579,1242403115,1242407510,4395
14580,1242403960,1242408054,4094
14581,1242404172,1242409290,5118
14582,1242404682,1242410186,5504
14583,1242405743,1242411208,5465
14584,1242406704,1242411197,4493
14585,1242407510,1242412128,4618
14586,1242408054,1242413020,4966
14587,1242409290,1242413143,3853
14588,1242410186,1242413542,3356
14589,1242411197,1242413921,2724
14590,1242411208,1242414904,3696
14591,1242412128,1242415907,3779
14592,1242413020,1242417081,4061
14593,1242413143,1242417894,4751
14594,1242413542,1242418944,5402
14595,1242413921,1242419661,5740
14596,1242414904,1242420176,5272
14597,1242415907,1242420677,4770
14598,1242417081,1242421271,4190
14599,1242417894,1242422110,4216
14600,1242418944,1242422965,4021
14601,1242419661,1242424163,4502
14602,1242420176,1242425573,5397
14603,1242420677,1242426306,5629
14604,1242421271,1242427668,6397
14605,1242422110,1242427695,5585
14606,1242422965,1242428812,5847
14607,1242424163,1242428761,4598
14608,1242425573,1242429847,4274
14609,1242426306,1242429917,3611
14610,1242427668,1242431335,3667
14611,1242427695,1242432287,4592
14612,1242428761,1242433076,4315
14613,1242428812,1242433000,4188
14614,1242429847,1242434099,4252
14615,1242429917,1242434853,4936
14616,1242431335,1242435016,3681
14617,1242432287,1242435661,3374
14618,1242433000,1242435992,2992
14619,1242433076,1242436721,3645
14620,1242434099,1242437252,3153
14621,1242434853,1242437873,3020
14622,1242435016,1242438067,3051
14623,1242435661,1242438678,3017
14624,1242435992,1242439620,3628
14625,1242436721,1242440128,3407
14626,1242437252,1242440743,3491
14627,1242437873,1242441924,4051
14628,1242438067,1242441861,3794
14629,1242438678,1242442017,3339
14630,1242439620,1242442959,3339
14631,1242440128,1242444008,3880
14632,1242440743,1242444399,3656
14633,1242441861,1242445212,3351
14634,1242441924,1242445351,3427
14635,1242442017,1242445865,3848
14636,1242442959,1242445842,2883
14637,1242444008,1242446181,2173
14638,1242444399,1242446282,1883
14639,1242445212,1242446743,1531
14640,1242445351,1242446884,1533
14641,1242445842,1242447992,2150
14642,1242445865,1242448395,2530
14643,1242446181,1242448723,2542
14644,1242446282,1242450061,3779
14645,1242446743,1242451263,4520
14646,1242446884,1242451897,5013
14647,1242447992,1242452408,4416
14648,1242448395,1242453668,5273
14649,1242448723,1242454599,5876
14650,1242450061,1242454553,4492
14651,1242451263,1242455924,4661
14652,1242451897,1242457407,5510
14653,1242452408,1242457807,5399
14654,1242453668,1242458517,4849
14655,1242454553,1242458460,3907
14656,1242454599,1242459505,4906
14657,1242455924,1242459934,4010
14658,1242457407,1242460869,3462
14659,1242457807,1242461171,3364
14660,1242458460,1242461254,2794
14661,1242458517,1242462231,3714
14662,1242459505,1242463376,3871
14663,1242459934,1242463807,3873
14664,1242460869,1242464388,3519
14665,1242461171,1242464636,3465
14666,1242461254,1242465693,4439
14667,1242462231,1242466695,4464
14668,1242463376,1242467562,4186
14669,1242463807,1242468314,4507
14670,1242464388,1242468882,4494
14671,1242464636,1242469319,4683
14672,1242465693,1242470295,4602
14673,1242466695,1242470674,3979
14674,1242467562,1242471204,3642
14675,1242468314,1242472057,3743
14676,1242468882,1242476790,7908
14677,1242469319,1242477604,8285
14678,1242470295,1242478967,8672
14679,1242470674,1242479485,8811
14680,1242471204,1242480322,9118
14681,1242472057,1242481637,9580
14682,1242476790,1242482274,5484
14683,1242477604,1242483057,5453
14684,1242478967,1242484036,5069
14685,1242479485,1242484822,5337
14686,1242480322,1242486365,6043
14687,1242481637,1242487129,5492
14688,1242482274,1242488174,5900
14689,1242483057,1242489069,6012
14690,1242484036,1242489951,5915
14691,1242484822,1242490545,5723
14692,1242486365,1242491171,4806
14693,1242487129,1242492080,4951
14694,1242488174,1242493530,5356
14695,1242489069,1242494090,5021
14696,1242489951,1242495011,5060
14697,1242490545,1242496543,5998
14698,1242491171,1242497621,6450
14699,1242492080,1242498405,6325
14700,1242493530,1242499656,6126
14701,1242494090,1242500172,6082
14702,1242495011,1242500230,5219
14703,1242496543,1242500365,3822
14704,1242497621,1242501223,3602
14705,1242498405,1242502253,3848
14706,1242499656,1242502778,3122
14707,1242500172,1242502964,2792
14708,1242500230,1242503055,2825
14709,1242500365,1242503585,3220
14710,1242501223,1242504008,2785
14711,1242502253,1242504979,2726
14712,1242502778,1242506178,3400
14713,1242502964,1242506961,3997
14714,1242503055,1242506837,3782
14715,1242503585,1242507819,4234
14716,1242504008,1242508412,4404
14717,1242504979,1242509334,4355
14718,1242506178,1242509430,3252
14719,1242506837,1242510243,3406
14720,1242506961,1242510912,3951
14721,1242507819,1242511450,3631
14722,1242508412,1242512843,4431
14723,1242509334,1242513346,4012
14724,1242509430,1242514142,4712
14725,1242510243,1242515266,5023
14726,1242510912,1242515342,4430
14727,1242511450,1242515714,4264
14728,1242512843,1242517251,4408
14729,1242513346,1242517723,4377
14730,1242514142,1242518657,4515
14731,1242515266,1242519182,3916
14732,1242515342,1242519542,4200
14733,1242515714,1242520376,4662
14734,1242517251,1242520892,3641
14735,1242517723,1242521851,4128
14736,1242518657,1242522555,3898
14737,1242519182,1242523058,3876
14738,1242519542,1242523437,3895
14739,1242520376,1242524459,4083
14740,1242520892,1242525878,4986
14741,1242521851,1242527351,5500
14742,1242522555,1242527679,5124
14743,1242523058,1242528111,5053
14744,1242523437,1242528681,5244
14745,1242524459,1242529584,5125
14746,1242525878,1242530318,4440
14747,1242527351,1242530683,3332
14748,1242527679,1242530815,3136
14749,1242528111,1242531032,2921
14750,1242528681,1242532420,3739
14751,1242529584,1242533704,4120
14752,1242530318,1242534877,4559
14753,1242530683,1242535874,5191
14754,1242530815,1242536376,5561
14755,1242531032,1242537041,6009
14756,1242532420,1242537933,5513
14757,1242533704,1242538934,5230
14758,1242534877,1242539219,4342
14759,1242535874,1242539624,3750
14760,1242536376,1242540240,3864
14761,1242537041,1242541456,4415
14762,1242537933,1242541988,4055
14763,1242538934,1242542842,3908
14764,1242539219,1242543564,4345
14765,1242539624,1242544449,4825
14766,1242540240,1242545115,4875
14767,1242541456,1242545053,3597
14768,1242541988,1242546118,4130
14769,1242542842,1242547625,4783
14770,1242543564,1242547778,4214
14771,1242544449,1242548460,4011
14772,1242545053,1242549319,4266
14773,1242545115,1242550590,5475
14774,1242546118,1242552224,6106
14775,1242547625,1242552609,4984
14776,1242547778,1242553504,5726
14777,1242548460,1242554630,6170
14778,1242549319,1242555005,5686
14779,1242550590,1242555609,5019
14780,1242552224,1242556960,4736
14781,1242552609,1242557577,4968
14782,1242553504,1242557818,4314
14783,1242554630,1242558577,3947
14784,1242555005,1242559670,4665
14785,1242555609,1242560023,4414
14786,1242556960,1242560683,3723
14787,1242557577,1242561282,3705
14788,1242557818,1242561311,3493
14789,1242558577,1242562586,4009
14790,1242559670,1242563270,3600
14791,1242560023,1242563660,3637
14792,1242560683,1242564016,3333
14793,1242561282,1242564742,3460
14794,1242561311,1242565605,4294
14795,1242562586,1242566034,3448
14796,1242563270,1242566136,2866
14797,1242563660,1242566901,3241
14798,1242564016,1242567701,3685
14799,1242564742,1242568219,3477
14800,1242565605,1242568438,2833
14801,1242566034,1242568657,2623
14802,1242566136,1242569661,3525
14803,1242566901,1242569998,3097
14804,1242567701,1242571035,3334
14805,1242568219,1242572389,4170
14806,1242568438,1242573493,5055
14807,1242568657,1242573663,5006
14808,1242569661,1242574795,5134
14809,1242569998,1242575780,5782
14810,1242571035,1242576292,5257
14811,1242572389,1242576775,4386
14812,1242573493,1242577751,4258
14813,1242573663,1242577952,4289
14814,1242574795,1242578669,3874
14815,1242575780,1242578960,3180
14816,1242576292,1242579372,3080
14817,1242576775,1242580233,3458
14818,1242577751,1242580964,3213
14819,1242577952,1242581385,3433
14820,1242578669,1242582156,3487
14821,1242578960,1242582510,3550
14822,1242579372,1242582665,3293
14823,1242580233,1242583320,3087
14824,1242580964,1242584283,3319
14825,1242581385,1242585081,3696
14826,1242582156,1242585341,3185
14827,1242582510,1242586282,3772
14828,1242582665,1242587052,4387
14829,1242583320,1242587448,4128
14830,1242584283,1242588362,4079
14831,1242585081,1242588743,3662
14832,1242585341,1242588585,3244
14833,1242586282,1242589101,2819
14834,1242587052,1242590020,2968
14835,1242587448,1242590013,2565
14836,1242588362,1242590692,2330
14837,1242588585,1242591054,2469
14838,1242588743,1242592301,3558
14839,1242589101,1242593239,4138
14840,1242590013,1242593864,3851
14841,1242590020,1242594738,4718
14842,1242590692,1242596307,5615
14843,1242591054,1242596676,5622
14844,1242592301,1242597319,5018
14845,1242593239,1242597982,4743
14846,1242593864,1242597915,4051
14847,1242594738,1242598448,3710
14848,1242596307,1242599910,3603
14849,1242596676,1242601438,4762
14850,1242597319,1242601316,3997
14851,1242597915,1242602167,4252
14852,1242597982,1242602792,4810
14853,1242598448,1242603575,5127
14854,1242599910,1242603783,3873
14855,1242601316,1242604218,2902
14856,1242601438,1242604618,3180
14857,1242602167,1242605204,3037
14858,1242602792,1242605844,3052
14859,1242603575,1242607081,3506
14860,1242603783,1242607897,4114
14861,1242604218,1242607893,3675
14862,1242604618,1242608911,4293
14863,1242605204,1242610198,4994
14864,1242605844,1242610269,4425
14865,1242607081,1242611279,4198
14866,1242607893,1242612146,4253
14867,1242607897,1242612185,4288
14868,1242608911,1242613513,4602
14869,1242610198,1242614722,4524
14870,1242610269,1242615411,5142
14871,1242611279,1242616133,4854
14872,1242612146,1242616452,4306
14873,1242612185,1242617521,5336
14874,1242613513,1242618144,4631
14875,1242614722,1242618746,4024
14876,1242615411,1242620021,4610
14877,1242616133,1242620556,4423
14878,1242616452,1242621369,4917
14879,1242617521,1242622904,5383
14880,1242618144,1242623398,5254
14881,1242618746,1242624126,5380
14882,1242620021,1242624543,4522
14883,1242620556,1242625021,4465
14884,1242621369,1242625829,4460
14885,1242622904,1242626076,3172
14886,1242623398,1242626700,3302
14887,1242624126,1242627595,3469
14888,1242624543,1242628086,3543
14889,1242625021,1242629257,4236
14890,1242625829,1242629778,3949
14891,1242626076,1242630961,4885
14892,1242626700,1242631723,5023
14893,1242627595,1242632321,4726
14894,1242628086,1242633868,5782
14895,1242629257,1242633904,4647
14896,1242629778,1242634899,5121
14897,1242630961,1242635897,4936
14898,1242631723,1242636900,5177
14899,1242632321,1242637673,5352
14900,1242633868,1242637969,4101
14901,1242633904,1242638776,4872
14902,1242634899,1242640212,5313
14903,1242635897,1242640960,5063
14904,1242636900,1242641824,4924
14905,1242637673,1242642945,5272
14906,1242637969,1242643962,5993
14907,1242638776,1242643980,5204
14908,1242640212,1242644637,4425
14909,1242640960,1242645416,4456
14910,1242641824,1242645350,3526
14911,1242642945,1242645888,2943
14912,1242643962,1242646998,3036
14913,1242643980,1242648566,4586
14914,1242644637,1242648782,4145
14915,1242645350,1242649386,4036
14916,1242645416,1242649846,4430
14917,1242645888,1242650883,4995
14918,1242646998,1242650879,3881
14919,1242648566,1242651685,3119
14920,1242648782,1242652158,3376
14921,1242649386,1242652621,3235
14922,1242649846,1242653676,3830
14923,1242650879,1242653709,2830
14924,1242650883,1242654485,3602
14925,1242651685,1242655356,3671
14926,1242652158,1242656723,4565
14927,1242652621,1242657663,5042
14928,1242653676,1242658379,4703
14929,1242653709,1242659591,5882
14930,1242654485,1242660662,6177
14931,1242655356,1242661882,6526
14932,1242656723,1242662445,5722
14933,1242657663,1242662792,5129
14934,1242658379,1242663371,4992
14935,1242659591,1242664018,4427
14936,1242660662,1242664081,3419
14937,1242661882,1242664627,2745
14938,1242662445,1242665415,2970
14939,1242662792,1242666434,3642
14940,1242663371,1242666824,3453
14941,1242664018,1242667122,3104
14942,1242664081,1242667971,3890
14943,1242664627,1242668419,3792
14944,1242665415,1242668464,3049
14945,1242666434,1242668779,2345
14946,1242666824,1242669198,2374
14947,1242667122,1242669791,2669
14948,1242667971,1242671133,3162
14949,1242668419,1242671491,3072
14950,1242668464,1242671943,3479
14951,1242668779,1242672609,3830
14952,1242669198,1242674275,5077
14953,1242669791,1242674755,4964
14954,1242671133,1242676114,4981
14955,1242671491,1242677310,5819
14956,1242671943,1242677878,5935
14957,1242672609,1242678275,5666
14958,1242674275,1242678525,4250
14959,1242674755,1242678991,4236
14960,1242676114,1242679468,3354
14961,1242677310,1242680209,2899
14962,1242677878,1242681204,3326
14963,1242678275,1242682079,3804
14964,1242678525,1242682598,4073
14965,1242678991,1242683593,4602
14966,1242679468,1242684057,4589
14967,1242680209,1242685320,5111
14968,1242681204,1242685664,4460
14969,1242682079,1242686357,4278
14970,1242682598,1242687438,4840
14971,1242683593,1242688619,5026
14972,1242684057,1242689595,5538
14973,1242685320,1242690464,5144
14974,1242685664,1242690966,5302
14975,1242686357,1242691812,5455
14976,1242687438,1242692861,5423
14977,1242688619,1242692970,4351
14978,1242689595,1242693311,3716
14979,1242690464,1242693239,2775
14980,1242690966,1242694214,3248
14981,1242691812,1242694858,3046
14982,1242692861,1242695503,2642
14983,1242692970,1242695974,3004
14984,1242693239,1242696715,3476
14985,1242693311,1242698130,4819
14986,1242694214,1242698492,4278
14987,1242694858,1242699510,4652
14988,1242695503,1242699923,4420
14989,1242695974,1242700955,4981
14990,1242696715,1242702387,5672
14991,1242698130,1242702779,4649
14992,1242698492,1242703042,4550
14993,1242699510,1242703613,4103
14994,1242699923,1242704719,4796
14995,1242700955,1242705536,4581
14996,1242702387,1242705941,3554
14997,1242702779,1242707085,4306
14998,1242703042,1242707624,4582
14999,1242703613,1242707466,3853
15000,1242704719,1242708482,3763
15001,1242705536,1242709305,3769
15002,1242705941,1242709361,3420
15003,1242707085,1242709974,2889
15004,1242707466,1242710651,3185
15005,1242707624,1242711063,3439
15006,1242708482,1242711071,2589
15007,1242709305,1242712047,2742
15008,1242709361,1242712391,3030
15009,1242709974,1242713764,3790
15010,1242710651,1242714427,3776
15011,1242711063,1242715463,4400
15012,1242711071,1242715979,4908
15013,1242712047,1242716690,4643
15014,1242712391,1242716567,4176
15015,1242713764,1242717975,4211
15016,1242714427,1242718680,4253
15017,1242715463,1242720149,4686
15018,1242715979,1242721268,5289
15019,1242716567,1242721893,5326
15020,1242716690,1242722695,6005
15021,1242717975,1242723426,5451
15022,1242718680,1242724061,5381
15023,1242720149,1242724572,4423
15024,1242721268,1242724912,3644
15025,1242721893,1242726271,4378
15026,1242722695,1242726687,3992
15027,1242723426,1242727673,4247
15028,1242724061,1242728952,4891
15029,1242724572,1242729935,5363
15030,1242724912,1242730569,5657
15031,1242726271,1242730794,4523
15032,1242726687,1242731188,4501
15033,1242727673,1242731286,3613
15034,1242728952,1242732155,3203
15035,1242729935,1242732388,2453
15036,1242730569,1242732841,2272
15037,1242730794,1242733879,3085
15038,1242731188,1242734126,2938
15039,1242731286,1242734163,2877
15040,1242732155,1242735007,2852
15041,1242732388,1242735272,2884
15042,1242732841,1242736614,3773
15043,1242733879,1242737249,3370
15044,1242734126,1242738280,4154
15045,1242734163,1242739416,5253
15046,1242735007,1242740884,5877
15047,1242735272,1242741300,6028
15048,1242736614,1242766676,30062
15049,1242737249,1242767985,30736
15050,1242738280,1242769422,31142
15051,1242739416,1242770427,31011
15052,1242740884,1242770843,29959
15053,1242741300,1242771894,30594
15054,1242766676,1242772869,6193
15055,1242767985,1242773764,5779
15056,1242769422,1242774151,4729
15057,1242770427,1242775464,5037
15058,1242770843,1242776565,5722
15059,1242771894,1242777490,5596
15060,1242772869,1242777517,4648
15061,1242773764,1242778044,4280
15062,1242774151,1242779255,5104
15063,1242775464,1242780717,5253
15064,1242776565,1242781235,4670
15065,1242777490,1242781964,4474
15066,1242777517,1242783484,5967
15067,1242778044,1242784572,6528
15068,1242779255,1242785105,5850
15069,1242780717,1242785579,4862
15070,1242781235,1242786378,5143
15071,1242781964,1242787483,5519
15072,1242783484,1242789008,5524
15073,1242784572,1242790486,5914
15074,1242785105,1242790821,5716
15075,1242785579,1242791704,6125
15076,1242786378,1242792555,6177
15077,1242787483,1242793765,6282
15078,1242789008,1242794834,5826
15079,1242790486,1242795945,5459
15080,1242790821,1242796228,5407
15081,1242791704,1242796919,5215
15082,1242792555,1242796976,4421
15083,1242793765,1242797428,3663
15084,1242794834,1242797295,2461
15085,1242795945,1242798112,2167
15086,1242796228,1242797986,1758
15087,1242796919,1242798636,1717
15088,1242796976,1242798849,1873
15089,1242797295,1242799320,2025
15090,1242797428,1242800122,2694
15091,1242797986,1242800366,2380
15092,1242798112,1242800881,2769
15093,1242798636,1242801878,3242
15094,1242798849,1242802697,3848
15095,1242799320,1242803154,3834
15096,1242800122,1242803338,3216
15097,1242800366,1242804015,3649
15098,1242800881,1242804351,3470
15099,1242801878,1242804892,3014
15100,1242802697,1242805276,2579
15101,1242803154,1242806609,3455
15102,1242803338,1242807325,3987
15103,1242804015,1242807886,3871
15104,1242804351,1242808896,4545
15105,1242804892,1242809681,4789
15106,1242805276,1242810835,5559
15107,1242806609,1242811381,4772
15108,1242807325,1242812299,4974
15109,1242807886,1242813152,5266
15110,1242808896,1242813285,4389
15111,1242809681,1242814001,4320
15112,1242810835,1242814660,3825
15113,1242811381,1242815644,4263
15114,1242812299,1242816700,4401
15115,1242813152,1242817784,4632
15116,1242813285,1242818620,5335
15117,1242814001,1242820001,6000
15118,1242814660,1242820786,6126
15119,1242815644,1242821531,5887
15120,1242816700,1242822199,5499
15121,1242817784,1242822714,4930
15122,1242818620,1242823276,4656
15123,1242820001,1242824173,4172
15124,1242820786,1242824941,4155
15125,1242821531,1242825973,4442
15126,1242822199,1242826442,4243
15127,1242822714,1242827869,5155
15128,1242823276,1242829367,6091
15129,1242824173,1242830055,5882
15130,1242824941,1242830679,5738
15131,1242825973,1242830992,5019
15132,1242826442,1242831940,5498
15133,1242827869,1242832466,4597
15134,1242829367,1242833188,3821
15135,1242830055,1242833548,3493
15136,1242830679,1242834910,4231
15137,1242830992,1242835584,4592
15138,1242831940,1242835957,4017
15139,1242832466,1242836601,4135
15140,1242833188,1242837044,3856
15141,1242833548,1242838187,4639
15142,1242834910,1242838586,3676
15143,1242835584,1242839594,4010
15144,1242835957,1242839606,3649
15145,1242836601,1242839790,3189
15146,1242837044,1242840149,3105
15147,1242838187,1242840963,2776
15148,1242838586,1242841591,3005
15149,1242839594,1242841927,2333
15150,1242839606,1242842446,2840
15151,1242839790,1242842289,2499
15152,1242840149,1242843543,3394
15153,1242840963,1242843961,2998
15154,1242841591,1242844386,2795
15155,1242841927,1242844890,2963
15156,1242842289,1242845398,3109
15157,1242842446,1242846404,3958
15158,1242843543,1242846366,2823
15159,1242843961,1242847194,3233
15160,1242844386,1242847900,3514
15161,1242844890,1242849359,4469
15162,1242845398,1242850621,5223
15163,1242846366,1242851486,5120
15164,1242846404,1242852051,5647
15165,1242847194,1242852365,5171
15166,1242847900,1242852513,4613
15167,1242849359,1242852647,3288
15168,1242850621,1242853005,2384
15169,1242851486,1242853427,1941
15170,1242852051,1242854490,2439
15171,1242852365,1242855719,3354
15172,1242852513,1242857116,4603
15173,1242852647,1242857619,4972
15174,1242853005,1242859185,6180
15175,1242853427,1242860517,7090
15176,1242854490,1242860431,5941
15177,1242855719,1242861612,5893
15178,1242857116,1242862327,5211
15179,1242857619,1242863065,5446
15180,1242859185,1242863676,4491
15181,1242860431,1242864696,4265
15182,1242860517,1242864561,4044
15183,1242861612,1242866123,4511
15184,1242862327,1242866954,4627
15185,1242863065,1242867133,4068
15186,1242863676,1242867420,3744
15187,1242864561,1242868089,3528
15188,1242864696,1242868382,3686
15189,1242866123,1242869604,3481
15190,1242866954,1242870196,3242
15191,1242867133,1242870528,3395
15192,1242867420,1242871028,3608
15193,1242868089,1242871289,3200
15194,1242868382,1242872174,3792
15195,1242869604,1242872848,3244
15196,1242870196,1242874095,3899
15197,1242870528,1242875068,4540
15198,1242871028,1242875815,4787
15199,1242871289,1242875982,4693
15200,1242872174,1242876404,4230
15201,1242872848,1242877369,4521
15202,1242874095,1242877646,3551
15203,1242875068,1242878892,3824
15204,1242875815,1242879487,3672
15205,1242875982,1242881071,5089
15206,1242876404,1242881579,5175
15207,1242877369,1242882131,4762
15208,1242877646,1242882282,4636
15209,1242878892,1242883331,4439
15210,1242879487,1242884154,4667
15211,1242881071,1242884771,3700
15212,1242881579,1242885573,3994
15213,1242882131,1242885671,3540
15214,1242882282,1242886512,4230
15215,1242883331,1242887712,4381
15216,1242884154,1242889088,4934
15217,1242884771,1242889586,4815
15218,1242885573,1242890950,5377
15219,1242885671,1242892213,6542
15220,1242886512,1242893171,6659
15221,1242887712,1242893535,5823
15222,1242889088,1242900841,11753
15223,1242889586,1242901342,11756
15224,1242890950,1242901573,10623
15225,1242892213,1242902079,9866
15226,1242893171,1242902645,9474
15227,1242893535,1242903086,9551
15228,1242900841,1242914254,13413
15229,1242901342,1242916417,15075
15230,1242901573,1242922479,20906
15231,1242902079,1242923700,21621
15232,1242902645,1242925006,22361
15233,1242903086,1242925496,22410
15234,1242914254,1242926001,11747
15235,1242916417,1242926435,10018
15236,1242922479,1242927192,4713
15237,1242923700,1242927670,3970
15238,1242925006,1242928263,3257
15239,1242925496,1242929071,3575
15240,1242926001,1242929086,3085
15241,1242926435,1242929953,3518
15242,1242927192,1242930382,3190
15243,1242927670,1242931683,4013
15244,1242928263,1242932628,4365
15245,1242929071,1242934760,5689
15246,1242929086,1242936176,7090
15247,1242929953,1242937551,7598
15248,1242930382,1242937693,7311
15249,1242931683,1242938774,7091
15250,1242932628,1242940030,7402
15251,1242934760,1242940956,6196
15252,1242936176,1242942200,6024
15253,1242937551,1242942614,5063
15254,1242937693,1242943633,5940
15255,1242938774,1242944003,5229
15256,1242940030,1242945148,5118
15257,1242940956,1242945485,4529
15258,1242942200,1242946817,4617
15259,1242942614,1242947350,4736
15260,1242943633,1242947963,4330
15261,1242944003,1242948522,4519
15262,1242945148,1242949173,4025
15263,1242945485,1242950448,4963
15264,1242946817,1242951938,5121
15265,1242947350,1242952400,5050
15266,1242947963,1242952784,4821
15267,1242948522,1242953504,4982
15268,1242949173,1242953448,4275
15269,1242950448,1242953777,3329
15270,1242951938,1242954798,2860
15271,1242952400,1242956042,3642
15272,1242952784,1242956850,4066
15273,1242953448,1242957459,4011
15274,1242953504,1242958560,5056
15275,1242953777,1242959436,5659
15276,1242954798,1242960113,5315
15277,1242956042,1242960473,4431
15278,1242956850,1242961394,4544
15279,1242957459,1242962843,5384
15280,1242958560,1242963724,5164
15281,1242959436,1242964329,4893
15282,1242960113,1242965406,5293
15283,1242960473,1242966432,5959
15284,1242961394,1242966900,5506
15285,1242962843,1242967659,4816
15286,1242963724,1242968479,4755
15287,1242964329,1242968760,4431
15288,1242965406,1242969862,4456
15289,1242966432,1242971070,4638
15290,1242966900,1242971882,4982
15291,1242967659,1242973102,5443
15292,1242968479,1242973990,5511
15293,1242968760,1242975049,6289
15294,1242969862,1242976191,6329
15295,1242971070,1242976654,5584
15296,1242971882,1242977503,5621
15297,1242973102,1242978748,5646
15298,1242973990,1242979706,5716
15299,1242975049,1242981203,6154
15300,1242976191,1242981712,5521
15301,1242976654,1242982182,5528
15302,1242977503,1242983426,5923
15303,1242978748,1242984813,6065
15304,1242979706,1242985914,6208
15305,1242981203,1242985871,4668
15306,1242981712,1242986565,4853
15307,1242982182,1242986951,4769
15308,1242983426,1242988302,4876
15309,1242984813,1242988668,3855
15310,1242985871,1242989376,3505
15311,1242985914,1242990339,4425
15312,1242986565,1242990567,4002
15313,1242986951,1242991244,4293
15314,1242988302,1242991577,3275
15315,1242988668,1242992804,4136
15316,1242989376,1242993229,3853
15317,1242990339,1242993753,3414
15318,1242990567,1242994512,3945
15319,1242991244,1242995472,4228
15320,1242991577,1242996220,4643
15321,1242992804,1242997674,4870
15322,1242993229,1242998492,5263
15323,1242993753,1242999306,5553
15324,1242994512,1243089838,95326
15325,1242995472,1243090288,94816
15326,1242996220,1243090612,94392
15327,1242997674,1243091347,93673
15328,1242998492,1243092629,94137
15329,1242999306,1243093437,94131
15330,1243089838,1243094566,4728
15331,1243090288,1243103343,13055
15332,1243090612,1243103990,13378
15333,1243091347,1243105277,13930
15334,1243092629,1243105697,13068
15335,1243093437,1243106587,13150
15336,1243094566,1243107943,13377
15337,1243103343,1243109171,5828
15338,1243103990,1243109834,5844
15339,1243105277,1243110684,5407
15340,1243105697,1243111799,6102
15341,1243106587,1243112400,5813
15342,1243107943,1243113715,5772
15343,1243109171,1243114121,4950
15344,1243109834,1243114669,4835
15345,1243110684,1243116099,5415
15346,1243111799,1243117514,5715
15347,1243112400,1243118603,6203
15348,1243113715,1243119150,5435
15349,1243114121,1243119965,5844
15350,1243114669,1243120854,6185
15351,1243116099,1243121076,4977
15352,1243117514,1243121963,4449
15353,1243118603,1243122509,3906
15354,1243119150,1243122525,3375
15355,1243119965,1243122925,2960
15356,1243120854,1243123619,2765
15357,1243121076,1243123480,2404
15358,1243121963,1243124403,2440
15359,1243122509,1243124910,2401
15360,1243122525,1243125437,2912
15361,1243122925,1243126297,3372
15362,1243123480,1243127023,3543
15363,1243123619,1243127041,3422
15364,1243124403,1243127935,3532
15365,1243124910,1243128883,3973
15366,1243125437,1243130628,5191
15367,1243126297,1243131799,5502
15368,1243127023,1243133052,6029
15369,1243127041,1243133056,6015
15370,1243127935,1243133993,6058
15371,1243128883,1243134448,5565
15372,1243130628,1243135552,4924
15373,1243131799,1243135595,3796
15374,1243133052,1243135926,2874
15375,1243133056,1243137129,4073
15376,1243133993,1243137762,3769
15377,1243134448,1243138087,3639
15378,1243135552,1243138947,3395
15379,1243135595,1243139266,3671
15380,1243135926,1243140162,4236
15381,1243137129,1243139993,2864
15382,1243137762,1243140552,2790
15383,1243138087,1243141433,3346
15384,1243138947,1243142682,3735
15385,1243139266,1243143375,4109
15386,1243139993,1243143756,3763
15387,1243140162,1243144817,4655
15388,1243140552,1243145996,5444
15389,1243141433,1243146345,4912
15390,1243142682,1243147305,4623
15391,1243143375,1243147857,4482
15392,1243143756,1243149171,5415
15393,1243144817,1243150143,5326
15394,1243145996,1243150880,4884
15395,1243146345,1243151662,5317
15396,1243147305,1243151489,4184
15397,1243147857,1243152443,4586
15398,1243149171,1243152770,3599
15399,1243150143,1243152725,2582
15400,1243150880,1243154236,3356
15401,1243151489,1243155057,3568
15402,1243151662,1243155069,3407
15403,1243152443,1243155150,2707
15404,1243152725,1243155675,2950
15405,1243152770,1243156193,3423
15406,1243154236,1243157253,3017
15407,1243155057,1243157963,2906
15408,1243155069,1243158454,3385
15409,1243155150,1243159916,4766
15410,1243155675,1243161139,5464
15411,1243156193,1243161954,5761
15412,1243157253,1243162456,5203
15413,1243157963,1243163137,5174
15414,1243158454,1243163582,5128
15415,1243159916,1243163897,3981
15416,1243161139,1243165107,3968
15417,1243161954,1243166287,4333
15418,1243162456,1243166674,4218
15419,1243163137,1243167105,3968
15420,1243163582,1243168126,4544
15421,1243163897,1243168110,4213
15422,1243165107,1243169624,4517
15423,1243166287,1243170157,3870
15424,1243166674,1243187265,20591
15425,1243167105,1243188174,21069
15426,1243168110,1243188512,20402
15427,1243168126,1243189123,20997
15428,1243169624,1243189996,20372
15429,1243170157,1243190519,20362
15430,1243187265,1243190464,3199
15431,1243188174,1243191507,3333
15432,1243188512,1243192446,3934
15433,1243189123,1243192649,3526
15434,1243189996,1243193679,3683
15435,1243190464,1243194120,3656
15436,1243190519,1243194829,4310
15437,1243191507,1243196353,4846
15438,1243192446,1243197004,4558
15439,1243192649,1243197998,5349
15440,1243193679,1243198521,4842
15441,1243194120,1243198916,4796
15442,1243194829,1243199140,4311
15443,1243196353,1243200166,3813
15444,1243197004,1243201390,4386
15445,1243197998,1243202329,4331
15446,1243198521,1243203872,5351
15447,1243198916,1243204693,5777
15448,1243199140,1243205400,6260
15449,1243200166,1243206325,6159
15450,1243201390,1243206247,4857
15451,1243202329,1243206708,4379
15452,1243203872,1243207221,3349
15453,1243204693,1243208524,3831
15454,1243205400,1243209104,3704
15455,1243206247,1243209529,3282
15456,1243206325,1243210388,4063
15457,1243206708,1243211212,4504
15458,1243207221,1243212423,5202
15459,1243208524,1243213657,5133
15460,1243209104,1243214150,5046
15461,1243209529,1243215563,6034
15462,1243210388,1243216637,6249
15463,1243211212,1243216519,5307
15464,1243212423,1243217182,4759
15465,1243213657,1243218366,4709
15466,1243214150,1243219682,5532
15467,1243215563,1243220737,5174
15468,1243216519,1243222023,5504
15469,1243216637,1243223208,6571
15470,1243217182,1243223923,6741
15471,1243218366,1243224943,6577
15472,1243219682,1243226102,6420
15473,1243220737,1243227678,6941
15474,1243222023,1243228161,6138
15475,1243223208,1243229456,6248
15476,1243223923,1243230952,7029
15477,1243224943,1243232164,7221
15478,1243226102,1243232106,6004
15479,1243227678,1243232649,4971
15480,1243228161,1243233914,5753
15481,1243229456,1243234801,5345
15482,1243230952,1243235681,4729
15483,1243232106,1243236535,4429
15484,1243232164,1243236809,4645
15485,1243232649,1243237413,4764
15486,1243233914,1243238199,4285
15487,1243234801,1243239535,4734
15488,1243235681,1243240283,4602
15489,1243236535,1243241751,5216
15490,1243236809,1243242351,5542
15491,1243237413,1243243612,6199
15492,1243238199,1243245037,6838
15493,1243239535,1243245393,5858
15494,1243240283,1243245815,5532
15495,1243241751,1243247290,5539
15496,1243242351,1243247881,5530
15497,1243243612,1243248412,4800
15498,1243245037,1243248664,3627
15499,1243245393,1243249325,3932
15500,1243245815,1243249406,3591
15501,1243247290,1243250751,3461
15502,1243247881,1243251708,3827
15503,1243248412,1243252830,4418
15504,1243248664,1243253498,4834
15505,1243249325,1243254192,4867
15506,1243249406,1243254601,5195
15507,1243250751,1243255621,4870
15508,1243251708,1243256220,4512
15509,1243252830,1243257235,4405
15510,1243253498,1243258483,4985
15511,1243254192,1243258774,4582
15512,1243254601,1243258667,4066
15513,1243255621,1243260280,4659
15514,1243256220,1243261012,4792
15515,1243257235,1243262186,4951
15516,1243258483,1243262630,4147
15517,1243258667,1243263017,4350
15518,1243258774,1243263586,4812
15519,1243260280,1243264515,4235
15520,1243261012,1243264904,3892
15521,1243262186,1243265505,3319
15522,1243262630,1243266764,4134
15523,1243263017,1243267373,4356
15524,1243263586,1243267999,4413
15525,1243264515,1243267867,3352
15526,1243264904,1243269449,4545
15527,1243265505,1243269746,4241
15528,1243266764,1243269989,3225
15529,1243267373,1243270304,2931
15530,1243267867,1243270950,3083
15531,1243267999,1243271896,3897
15532,1243269449,1243272881,3432
15533,1243269746,1243272880,3134
15534,1243269989,1243273602,3613
15535,1243270304,1243273986,3682
15536,1243270950,1243274502,3552
15537,1243271896,1243274858,2962
15538,1243272880,1243275265,2385
15539,1243272881,1243276224,3343
15540,1243273602,1243276185,2583
15541,1243273986,1243277487,3501
15542,1243274502,1243278916,4414
15543,1243274858,1243280103,5245
15544,1243275265,1243280684,5419
15545,1243276185,1243281108,4923
15546,1243276224,1243281616,5392
15547,1243277487,1243281980,4493
15548,1243278916,1243282499,3583
15549,1243280103,1243283036,2933
15550,1243280684,1243284388,3704
15551,1243281108,1243285118,4010
15552,1243281616,1243285514,3898
15553,1243281980,1243285809,3829
15554,1243282499,1243287350,4851
15555,1243283036,1243288384,5348
15556,1243284388,1243289746,5358
15557,1243285118,1243290452,5334
15558,1243285514,1243291638,6124
15559,1243285809,1243292642,6833
15560,1243287350,1243293832,6482
15561,1243288384,1243294501,6117
15562,1243289746,1243294655,4909
15563,1243290452,1243294903,4451
15564,1243291638,1243294922,3284
15565,1243292642,1243296016,3374
15566,1243293832,1243296682,2850
15567,1243294501,1243296624,2123
15568,1243294655,1243296897,2242
15569,1243294903,1243297669,2766
15570,1243294922,1243297940,3018
15571,1243296016,1243297904,1888
15572,1243296624,1243299292,2668
15573,1243296682,1243300060,3378
15574,1243296897,1243301227,4330
15575,1243297669,1243302106,4437
15576,1243297904,1243303095,5191
15577,1243297940,1243303029,5089
15578,1243299292,1243304066,4774
15579,1243300060,1243304410,4350
15580,1243301227,1243305507,4280
15581,1243302106,1243306827,4721
15582,1243303029,1243307716,4687
15583,1243303095,1243308955,5860
15584,1243304066,1243310090,6024
15585,1243304410,1243310903,6493
15586,1243305507,1243312392,6885
15587,1243306827,1243312937,6110
15588,1243307716,1243313733,6017
15589,1243308955,1243315235,6280
15590,1243310090,1243315573,5483
15591,1243310903,1243316020,5117
15592,1243312392,1243316697,4305
15593,1243312937,1243318011,5074
15594,1243313733,1243319078,5345
15595,1243315235,1243319484,4249
15596,1243315573,1243320336,4763
15597,1243316020,1243321028,5008
15598,1243316697,1243321857,5160
15599,1243318011,1243323034,5023
15600,1243319078,1243324207,5129
15601,1243319484,1243325736,6252
15602,1243320336,1243326334,5998
15603,1243321028,1243327030,6002
15604,1243321857,1243327050,5193
15605,1243323034,1243327719,4685
15606,1243324207,1243328077,3870
15607,1243325736,1243328686,2950
15608,1243326334,1243329359,3025
15609,1243327030,1243330835,3805
15610,1243327050,1243331564,4514
15611,1243327719,1243332410,4691
15612,1243328077,1243332937,4860
15613,1243328686,1243333924,5238
15614,1243329359,1243334749,5390
15615,1243330835,1243336444,5609
15616,1243331564,1243337440,5876
15617,1243332410,1243337796,5386
15618,1243332937,1243338683,5746
15619,1243333924,1243339400,5476
15620,1243334749,1243340723,5974
15621,1243336444,1243341521,5077
15622,1243337440,1243342732,5292
15623,1243337796,1243342980,5184
15624,1243338683,1243344058,5375
15625,1243339400,1243344909,5509
15626,1243340723,1243345244,4521
15627,1243341521,1243345637,4116
15628,1243342732,1243346204,3472
15629,1243342980,1243346820,3840
15630,1243344058,1243347617,3559
15631,1243344909,1243348172,3263
15632,1243345244,1243348185,2941
15633,1243345637,1243348357,2720
15634,1243346204,1243349414,3210
15635,1243346820,1243350414,3594
15636,1243347617,1243351392,3775
15637,1243348172,1243352053,3881
15638,1243348185,1243352428,4243
15639,1243348357,1243353058,4701
15640,1243349414,1243353838,4424
15641,1243350414,1243355029,4615
15642,1243351392,1243356323,4931
15643,1243352053,1243356241,4188
15644,1243352428,1243357595,5167
15645,1243353058,1243358109,5051
15646,1243353838,1243358524,4686
15647,1243355029,1243359325,4296
15648,1243356241,1243359216,2975
15649,1243356323,1243359478,3155
15650,1243357595,1243359972,2377
15651,1243358109,1243361292,3183
15652,1243358524,1243361725,3201
15653,1243359216,1243362545,3329
15654,1243359325,1243363150,3825
15655,1243359478,1243363459,3981
15656,1243359972,1243363583,3611
15657,1243361292,1243364600,3308
15658,1243361725,1243365366,3641
15659,1243362545,1243366143,3598
15660,1243363150,1243366840,3690
15661,1243363459,1243366919,3460
15662,1243363583,1243367358,3775
15663,1243364600,1243367843,3243
15664,1243365366,1243367894,2528
15665,1243366143,1243368200,2057
15666,1243366840,1243369074,2234
15667,1243366919,1243370358,3439
15668,1243367358,1243370201,2843
15669,1243367843,1243370669,2826
15670,1243367894,1243371026,3132
15671,1243368200,1243371470,3270
15672,1243369074,1243371894,2820
15673,1243370201,1243372421,2220
15674,1243370358,1243373309,2951
15675,1243370669,1243374034,3365
15676,1243371026,1243375494,4468
15677,1243371470,1243375955,4485
15678,1243371894,1243376077,4183
15679,1243372421,1243376208,3787
15680,1243373309,1243376857,3548
15681,1243374034,1243377154,3120
15682,1243375494,1243377663,2169
15683,1243375955,1243378224,2269
15684,1243376077,1243378856,2779
15685,1243376208,1243378753,2545
15686,1243376857,1243379909,3052
15687,1243377154,1243381125,3971
15688,1243377663,1243381656,3993
15689,1243378224,1243382339,4115
15690,1243378753,1243382816,4063
15691,1243378856,1243383173,4317
15692,1243379909,1243384045,4136
15693,1243381125,1243384597,3472
15694,1243381656,1243384671,3015
15695,1243382339,1243384698,2359
15696,1243382816,1243386305,3489
15697,1243383173,1243387336,4163
15698,1243384045,1243388719,4674
15699,1243384597,1243389364,4767
15700,1243384671,1243390382,5711
15701,1243384698,1243391579,6881
15702,1243386305,1243391910,5605
15703,1243387336,1243393216,5880
15704,1243388719,1243393767,5048
15705,1243389364,1243394391,5027
15706,1243390382,1243395047,4665
15707,1243391579,1243395533,3954
15708,1243391910,1243395966,4056
15709,1243393216,1243396425,3209
15710,1243393767,1243397791,4024
15711,1243394391,1243398646,4255
15712,1243395047,1243398769,3722
15713,1243395533,1243400064,4531
15714,1243395966,1243400989,5023
15715,1243396425,1243401572,5147
15716,1243397791,1243402393,4602
15717,1243398646,1243403333,4687
15718,1243398769,1243403712,4943
15719,1243400064,1243403586,3522
15720,1243400989,1243404250,3261
15721,1243401572,1243404226,2654
15722,1243402393,1243404859,2466
15723,1243403333,1243405569,2236
15724,1243403586,1243406055,2469
15725,1243403712,1243407472,3760
15726,1243404226,1243408309,4083
15727,1243404250,1243408921,4671
15728,1243404859,1243409381,4522
15729,1243405569,1243410895,5326
15730,1243406055,1243411543,5488
15731,1243407472,1243412232,4760
15732,1243408309,1243412493,4184
15733,1243408921,1243412739,3818
15734,1243409381,1243413698,4317
15735,1243410895,1243415176,4281
15736,1243411543,1243416114,4571
15737,1243412232,1243416705,4473
15738,1243412493,1243417828,5335
15739,1243412739,1243417752,5013
15740,1243413698,1243418938,5240
15741,1243415176,1243420011,4835
15742,1243416114,1243420450,4336
15743,1243416705,1243421325,4620
15744,1243417752,1243422226,4474
15745,1243417828,1243423219,5391
15746,1243418938,1243424002,5064
15747,1243420011,1243424489,4478
15748,1243420450,1243424893,4443
15749,1243421325,1243425669,4344
15750,1243422226,1243426827,4601
15751,1243423219,1243427640,4421
15752,1243424002,1243428058,4056
15753,1243424489,1243429133,4644
15754,1243424893,1243430014,5121
15755,1243425669,1243431352,5683
15756,1243426827,1243432629,5802
15757,1243427640,1243433728,6088
15758,1243428058,1243434249,6191
15759,1243429133,1243434851,5718
15760,1243430014,1243436022,6008
15761,1243431352,1243437311,5959
15762,1243432629,1243437453,4824
15763,1243433728,1243438447,4719
15764,1243434249,1243438752,4503
15765,1243434851,1243439065,4214
15766,1243436022,1243439751,3729
15767,1243437311,1243440139,2828
15768,1243437453,1243440570,3117
15769,1243438447,1243441171,2724
15770,1243438752,1243441077,2325
15771,1243439065,1243441970,2905
15772,1243439751,1243442766,3015
15773,1243440139,1243444280,4141
15774,1243440570,1243445720,5150
15775,1243441077,1243446986,5909
15776,1243441171,1243447485,6314
15777,1243441970,1243448351,6381
15778,1243442766,1243448424,5658
15779,1243444280,1243449000,4720
15780,1243445720,1243449659,3939
15781,1243446986,1243449661,2675
15782,1243447485,1243450340,2855
15783,1243448351,1243450364,2013
15784,1243448424,1243451827,3403
15785,1243449000,1243451758,2758
15786,1243449659,1243452852,3193
15787,1243449661,1243453225,3564
15788,1243450340,1243454385,4045
15789,1243450364,1243455182,4818
15790,1243451758,1243456042,4284
15791,1243451827,1243456562,4735
15792,1243452852,1243456914,4062
15793,1243453225,1243457922,4697
15794,1243454385,1243458244,3859
15795,1243455182,1243458723,3541
15796,1243456042,1243459232,3190
15797,1243456562,1243460266,3704
15798,1243456914,1243461451,4537
15799,1243457922,1243461731,3809
15800,1243458244,1243462121,3877
15801,1243458723,1243463315,4592
15802,1243459232,1243463934,4702
15803,1243460266,1243463923,3657
15804,1243461451,1243464204,2753
15805,1243461731,1243464803,3072
15806,1243462121,1243466324,4203
15807,1243463315,1243466960,3645
15808,1243463923,1243467600,3677
15809,1243463934,1243468849,4915
15810,1243464204,1243469333,5129
15811,1243464803,1243470231,5428
15812,1243466324,1243470366,4042
15813,1243466960,1243471637,4677
15814,1243467600,1243473123,5523
15815,1243468849,1243473494,4645
15816,1243469333,1243474971,5638
15817,1243470231,1243475824,5593
15818,1243470366,1243483789,13423
15819,1243471637,1243484357,12720
15820,1243473123,1243484962,11839
15821,1243473494,1243485291,11797
15822,1243474971,1243485368,10397
15823,1243475824,1243486157,10333
15824,1243483789,1243486820,3031
15825,1243484357,1243487920,3563
15826,1243484962,1243489015,4053
15827,1243485291,1243489527,4236
15828,1243485368,1243490247,4879
15829,1243486157,1243490784,4627
15830,1243486820,1243491749,4929
15831,1243487920,1243492213,4293
15832,1243489015,1243493183,4168
15833,1243489527,1243493982,4455
15834,1243490247,1243494594,4347
15835,1243490784,1243495402,4618
15836,1243491749,1243496216,4467
15837,1243492213,1243497636,5423
15838,1243493183,1243499147,5964
15839,1243493982,1243499499,5517
15840,1243494594,1243500000,5406
15841,1243495402,1243501284,5882
15842,1243496216,1243501677,5461
15843,1243497636,1243502407,4771
15844,1243499147,1243503765,4618
15845,1243499499,1243504597,5098
15846,1243500000,1243506048,6048
15847,1243501284,1243507242,5958
15848,1243501677,1243508628,6951
15849,1243502407,1243509435,7028
15850,1243503765,1243509310,5545
15851,1243504597,1243509810,5213
15852,1243506048,1243510898,4850
15853,1243507242,1243512175,4933
15854,1243508628,1243513635,5007
15855,1243509310,1243514337,5027
15856,1243509435,1243515464,6029
15857,1243509810,1243516256,6446
15858,1243510898,1243516325,5427
15859,1243512175,1243517474,5299
15860,1243513635,1243517479,3844
15861,1243514337,1243517868,3531
15862,1243515464,1243518906,3442
15863,1243516256,1243518756,2500
15864,1243516325,1243519414,3089
15865,1243517474,1243520707,3233
15866,1243517479,1243521421,3942
15867,1243517868,1243522311,4443
15868,1243518756,1243523790,5034
15869,1243518906,1243525017,6111
15870,1243519414,1243525822,6408
15871,1243520707,1243526914,6207
15872,1243521421,1243527923,6502
15873,1243522311,1243529420,7109
15874,1243523790,1243530435,6645
15875,1243525017,1243530864,5847
15876,1243525822,1243531403,5581
15877,1243526914,1243532533,5619
15878,1243527923,1243532952,5029
15879,1243529420,1243534278,4858
15880,1243530435,1243535340,4905
15881,1243530864,1243536306,5442
15882,1243531403,1243536866,5463
15883,1243532533,1243538196,5663
15884,1243532952,1243538850,5898
15885,1243534278,1243539652,5374
15886,1243535340,1243539787,4447
15887,1243536306,1243540582,4276
15888,1243536866,1243541369,4503
15889,1243538196,1243542047,3851
15890,1243538850,1243542571,3721
15891,1243539652,1243543290,3638
15892,1243539787,1243544153,4366
15893,1243540582,1243544978,4396
15894,1243541369,1243546404,5035
15895,1243542047,1243547160,5113
15896,1243542571,1243548587,6016
15897,1243543290,1243549187,5897
15898,1243544153,1243550679,6526
15899,1243544978,1243551518,6540
15900,1243546404,1243552793,6389
15901,1243547160,1243553672,6512
15902,1243548587,1243554427,5840
15903,1243549187,1243554668,5481
15904,1243550679,1243555833,5154
15905,1243551518,1243556127,4609
15906,1243552793,1243556848,4055
15907,1243553672,1243557464,3792
15908,1243554427,1243557875,3448
15909,1243554668,1243559190,4522
15910,1243555833,1243560457,4624
15911,1243556127,1243561417,5290
15912,1243556848,1243562610,5762
15913,1243557464,1243563192,5728
15914,1243557875,1243564570,6695
15915,1243559190,1243565904,6714
15916,1243560457,1243566411,5954
15917,1243561417,1243567687,6270
15918,1243562610,1243569121,6511
15919,1243563192,1243569514,6322
15920,1243564570,1243569922,5352
15921,1243565904,1243569998,4094
15922,1243566411,1243571250,4839
15923,1243567687,1243571211,3524
15924,1243569121,1243572387,3266
15925,1243569514,1243573109,3595
15926,1243569922,1243574521,4599
15927,1243569998,1243574933,4935
15928,1243571211,1243575714,4503
15929,1243571250,1243576449,5199
15930,1243572387,1243577712,5325
15931,1243573109,1243579140,6031
15932,1243574521,1243579659,5138
15933,1243574933,1243580958,6025
15934,1243575714,1243581773,6059
15935,1243576449,1243582447,5998
15936,1243577712,1243583888,6176
15937,1243579140,1243585357,6217
15938,1243579659,1243585881,6222
15939,1243580958,1243587043,6085
15940,1243581773,1243587392,5619
15941,1243582447,1243588838,6391
15942,1243583888,1243589308,5420
15943,1243585357,1243589636,4279
15944,1243585881,1243590780,4899
15945,1243587043,1243591718,4675
15946,1243587392,1243591594,4202
15947,1243588838,1243592412,3574
15948,1243589308,1243593219,3911
15949,1243589636,1243593629,3993
15950,1243590780,1243594437,3657
15951,1243591594,1243595199,3605
15952,1243591718,1243596112,4394
15953,1243592412,1243597297,4885
15954,1243593219,1243597758,4539
15955,1243593629,1243598847,5218
15956,1243594437,1243600006,5569
15957,1243595199,1243601497,6298
15958,1243596112,1243602017,5905
15959,1243597297,1243601893,4596
15960,1243597758,1243602677,4919
15961,1243598847,1243603800,4953
15962,1243600006,1243605374,5368
15963,1243601497,1243605268,3771
15964,1243601893,1243606965,5072
15965,1243602017,1243607338,5321
15966,1243602677,1243607984,5307
15967,1243603800,1243608514,4714
15968,1243605268,1243609567,4299
15969,1243605374,1243610636,5262
15970,1243606965,1243610484,3519
15971,1243607338,1243610900,3562
15972,1243607984,1243611502,3518
15973,1243608514,1243611770,3256
15974,1243609567,1243612024,2457
15975,1243610484,1243612892,2408
15976,1243610636,1243613270,2634
15977,1243610900,1243614208,3308
15978,1243611502,1243615436,3934
15979,1243611770,1243616190,4420
15980,1243612024,1243616727,4703
15981,1243612892,1243617266,4374
15982,1243613270,1243618417,5147
15983,1243614208,1243618860,4652
15984,1243615436,1243619547,4111
15985,1243616190,1243619964,3774
15986,1243616727,1243620772,4045
15987,1243617266,1243622146,4880
15988,1243618417,1243623275,4858
15989,1243618860,1243624812,5952
15990,1243619547,1243625619,6072
15991,1243619964,1243626386,6422
15992,1243620772,1243626810,6038
15993,1243622146,1243627284,5138
15994,1243623275,1243627774,4499
15995,1243624812,1243629326,4514
15996,1243625619,1243629786,4167
15997,1243626386,1243630975,4589
15998,1243626810,1243631667,4857
15999,1243627284,1243632272,4988
16000,1243627774,1243632604,4830
16001,1243629326,1243633323,3997
16002,1243629786,1243633429,3643
16003,1243630975,1243633754,2779
16004,1243631667,1243634663,2996
16005,1243632272,1243636101,3829
16006,1243632604,1243636631,4027
16007,1243633323,1243637673,4350
16008,1243633429,1243638978,5549
16009,1243633754,1243640041,6287
16010,1243634663,1243643272,8609
16011,1243636101,1243643957,7856
16012,1243636631,1243644592,7961
16013,1243637673,1243645774,8101
16014,1243638978,1243646692,7714
16015,1243640041,1243648127,8086
16016,1243643272,1243648777,5505
16017,1243643957,1243649509,5552
16018,1243644592,1243650289,5697
16019,1243645774,1243651337,5563
16020,1243646692,1243651970,5278
16021,1243648127,1243652524,4397
16022,1243648777,1243653863,5086
16023,1243649509,1243655469,5960
16024,1243650289,1243656548,6259
16025,1243651337,1243657567,6230
16026,1243651970,1243658540,6570
16027,1243652524,1243658982,6458
16028,1243653863,1243659887,6024
16029,1243655469,1243661242,5773
16030,1243656548,1243662062,5514
16031,1243657567,1243662690,5123
16032,1243658540,1243663599,5059
16033,1243658982,1243665009,6027
16034,1243659887,1243666118,6231
16035,1243661242,1243667249,6007
16036,1243662062,1243667648,5586
16037,1243662690,1243668076,5386
16038,1243663599,1243669119,5520
16039,1243665009,1243669837,4828
16040,1243666118,1243670473,4355
16041,1243667249,1243671635,4386
16042,1243667648,1243672227,4579
16043,1243668076,1243672894,4818
16044,1243669119,1243674047,4928
16045,1243669837,1243674547,4710
16046,1243670473,1243674674,4201
16047,1243671635,1243675569,3934
16048,1243672227,1243676325,4098
16049,1243672894,1243677316,4422
16050,1243674047,1243678468,4421
16051,1243674547,1243679116,4569
16052,1243674674,1243680703,6029
16053,1243675569,1243681371,5802
16054,1243676325,1243682241,5916
16055,1243677316,1243682748,5432
16056,1243678468,1243683696,5228
16057,1243679116,1243683865,4749
16058,1243680703,1243684190,3487
16059,1243681371,1243685609,4238
16060,1243682241,1243686235,3994
16061,1243682748,1243686977,4229
16062,1243683696,1243687196,3500
16063,1243683865,1243687607,3742
16064,1243684190,1243688338,4148
16065,1243685609,1243689305,3696
16066,1243686235,1243689850,3615
16067,1243686977,1243690790,3813
16068,1243687196,1243692178,4982
16069,1243687607,1243693371,5764
16070,1243688338,1243694207,5869
16071,1243689305,1243694821,5516
16072,1243689850,1243695334,5484
16073,1243690790,1243695817,5027
16074,1243692178,1243696697,4519
16075,1243693371,1243697104,3733
16076,1243694207,1243698190,3983
16077,1243694821,1243698101,3280
16078,1243695334,1243698914,3580
16079,1243695817,1243700155,4338
16080,1243696697,1243700419,3722
16081,1243697104,1243700917,3813
16082,1243698101,1243702190,4089
16083,1243698190,1243702048,3858
16084,1243698914,1243703510,4596
16085,1243700155,1243703870,3715
16086,1243700419,1243704755,4336
16087,1243700917,1243705581,4664
16088,1243702048,1243706058,4010
16089,1243702190,1243706813,4623
16090,1243703510,1243707543,4033
16091,1243703870,1243708812,4942
16092,1243704755,1243709733,4978
16093,1243705581,1243711030,5449
16094,1243706058,1243711589,5531
16095,1243706813,1243712419,5606
16096,1243707543,1243713527,5984
16097,1243708812,1243714099,5287
16098,1243709733,1243715014,5281
16099,1243711030,1243716083,5053
16100,1243711589,1243716525,4936
16101,1243712419,1243717403,4984
16102,1243713527,1243717910,4383
16103,1243714099,1243718468,4369
16104,1243715014,1243719346,4332
16105,1243716083,1243719753,3670
16106,1243716525,1243720210,3685
16107,1243717403,1243721409,4006
16108,1243717910,1243722603,4693
16109,1243718468,1243722798,4330
16110,1243719346,1243723497,4151
16111,1243719753,1243723998,4245
16112,1243720210,1243724738,4528
16113,1243721409,1243725033,3624
16114,1243722603,1243725549,2946
16115,1243722798,1243726441,3643
16116,1243723497,1243726547,3050
16117,1243723998,1243726798,2800
16118,1243724738,1243727508,2770
16119,1243725033,1243728445,3412
16120,1243725549,1243728663,3114
16121,1243726441,1243729637,3196
16122,1243726547,1243730265,3718
16123,1243726798,1243730776,3978
16124,1243727508,1243732222,4714
16125,1243728445,1243733630,5185
16126,1243728663,1243734408,5745
16127,1243729637,1243735798,6161
16128,1243730265,1243737085,6820
16129,1243730776,1243738449,7673
16130,1243732222,1243738765,6543
16131,1243733630,1243739745,6115
16132,1243734408,1243739557,5149
16133,1243735798,1243741023,5225
16134,1243737085,1243741631,4546
16135,1243738449,1243741977,3528
16136,1243738765,1243742985,4220
16137,1243739557,1243743937,4380
16138,1243739745,1243744785,5040
16139,1243741023,1243745291,4268
16140,1243741631,1243745422,3791
16141,1243741977,1243745519,3542
16142,1243742985,1243746554,3569
16143,1243743937,1243747974,4037
16144,1243744785,1243749064,4279
16145,1243745291,1243750445,5154
16146,1243745422,1243751072,5650
16147,1243745519,1243752459,6940
16148,1243746554,1243752632,6078
16149,1243747974,1243753776,5802
16150,1243749064,1243755210,6146
16151,1243750445,1243755857,5412
16152,1243751072,1243756330,5258
16153,1243752459,1243757315,4856
16154,1243752632,1243757853,5221
16155,1243753776,1243758089,4313
16156,1243755210,1243758727,3517
16157,1243755857,1243759540,3683
16158,1243756330,1243759527,3197
16159,1243757315,1243759625,2310
16160,1243757853,1243760119,2266
16161,1243758089,1243760707,2618
16162,1243758727,1243761202,2475
16163,1243759527,1243761806,2279
16164,1243759540,1243762481,2941
16165,1243759625,1243763301,3676
16166,1243760119,1243763710,3591
16167,1243760707,1243764611,3904
16168,1243761202,1243765690,4488
16169,1243761806,1243766161,4355
16170,1243762481,1243766542,4061
16171,1243763301,1243767666,4365
16172,1243763710,1243768722,5012
16173,1243764611,1243769259,4648
16174,1243765690,1243770444,4754
16175,1243766161,1243770561,4400
16176,1243766542,1243771352,4810
16177,1243767666,1243771831,4165
16178,1243768722,1243772068,3346
16179,1243769259,1243772261,3002
16180,1243770444,1243772330,1886
16181,1243770561,1243773249,2688
16182,1243771352,1243773562,2210
16183,1243771831,1243773970,2139
16184,1243772068,1243774684,2616
16185,1243772261,1243775638,3377
16186,1243772330,1243775731,3401
16187,1243773249,1243776719,3470
16188,1243773562,1243778027,4465
16189,1243773970,1243778479,4509
16190,1243774684,1243779710,5026
16191,1243775638,1243779892,4254
16192,1243775731,1243780987,5256
16193,1243776719,1243781766,5047
16194,1243778027,1243782440,4413
16195,1243778479,1243783599,5120
16196,1243779710,1243784425,4715
16197,1243779892,1243785946,6054
16198,1243780987,1243786561,5574
16199,1243781766,1243787085,5319
16200,1243782440,1243787978,5538
16201,1243783599,1243789434,5835
16202,1243784425,1243790190,5765
16203,1243785946,1243790904,4958
16204,1243786561,1243791186,4625
16205,1243787085,1243791602,4517
16206,1243787978,1243792646,4668
16207,1243789434,1243793295,3861
16208,1243790190,1243793844,3654
16209,1243790904,1243794619,3715
16210,1243791186,1243795120,3934
16211,1243791602,1243795754,4152
16212,1243792646,1243796767,4121
16213,1243793295,1243796798,3503
16214,1243793844,1243798067,4223
16215,1243794619,1243815752,21133
16216,1243795120,1243816812,21692
16217,1243795754,1243817838,22084
16218,1243796767,1243818160,21393
16219,1243796798,1243819681,22883
16220,1243798067,1243820771,22704
16221,1243815752,1243821538,5786
16222,1243816812,1243822033,5221
16223,1243817838,1243823508,5670
16224,1243818160,1243824802,6642
16225,1243819681,1243825089,5408
16226,1243820771,1243825314,4543
16227,1243821538,1243826011,4473
16228,1243822033,1243827258,5225
16229,1243823508,1243827484,3976
16230,1243824802,1243827678,2876
16231,1243825089,1243828254,3165
16232,1243825314,1243828495,3181
16233,1243826011,1243829551,3540
16234,1243827258,1243831064,3806
16235,1243827484,1243832155,4671
16236,1243827678,1243832996,5318
16237,1243828254,1243833701,5447
16238,1243828495,1243834341,5846
16239,1243829551,1243835578,6027
16240,1243831064,1243836493,5429
16241,1243832155,1243836528,4373
16242,1243832996,1243837115,4119
16243,1243833701,1243837378,3677
16244,1243834341,1243838727,4386
16245,1243835578,1243840217,4639
16246,1243836493,1243841434,4941
16247,1243836528,1243841566,5038
16248,1243837115,1243842365,5250
16249,1243837378,1243843075,5697
16250,1243838727,1243843432,4705
16251,1243840217,1243845025,4808
16252,1243841434,1243846359,4925
16253,1243841566,1243846955,5389
16254,1243842365,1243848234,5869
16255,1243843075,1243848990,5915
16256,1243843432,1243849684,6252
16257,1243845025,1243850809,5784
16258,1243846359,1243851163,4804
16259,1243846955,1243851783,4828
16260,1243848234,1243852611,4377
16261,1243848990,1243852996,4006
16262,1243849684,1243853788,4104
16263,1243850809,1243854470,3661
16264,1243851163,1243855858,4695
16265,1243851783,1243856278,4495
16266,1243852611,1243856642,4031
16267,1243852996,1243857036,4040
16268,1243853788,1243857416,3628
16269,1243854470,1243858753,4283
16270,1243855858,1243859392,3534
16271,1243856278,1243871530,15252
16272,1243856642,1243871801,15159
16273,1243857036,1243872498,15462
16274,1243857416,1243873527,16111
16275,1243858753,1243874322,15569
16276,1243859392,1243875078,15686
16277,1243871530,1243875887,4357
16278,1243871801,1243876736,4935
16279,1243872498,1243878370,5872
16280,1243873527,1243879573,6046
16281,1243874322,1243880939,6617
16282,1243875078,1243881783,6705
16283,1243875887,1243883047,7160
16284,1243876736,1243884321,7585
16285,1243878370,1243885140,6770
16286,1243879573,1243900966,21393
16287,1243880939,1243901500,20561
16288,1243881783,1243902019,20236
16289,1243883047,1243903228,20181
16290,1243884321,1243904173,19852
16291,1243885140,1243904448,19308
16292,1243900966,1243904672,3706
16293,1243901500,1243905233,3733
16294,1243902019,1243906709,4690
16295,1243903228,1243906847,3619
16296,1243904173,1243908068,3895
16297,1243904448,1243909114,4666
16298,1243904672,1243910239,5567
16299,1243905233,1243910862,5629
16300,1243906709,1243912119,5410
16301,1243906847,1243913573,6726
16302,1243908068,1243914434,6366
16303,1243909114,1243914869,5755
16304,1243910239,1243915849,5610
16305,1243910862,1243916484,5622
16306,1243912119,1243917307,5188
16307,1243913573,1243918226,4653
16308,1243914434,1243919713,5279
16309,1243914869,1243920738,5869
16310,1243915849,1243921423,5574
16311,1243916484,1243921968,5484
16312,1243917307,1243922106,4799
16313,1243918226,1243922330,4104
16314,1243919713,1243922889,3176
16315,1243920738,1243923746,3008
16316,1243921423,1243925119,3696
16317,1243921968,1243926493,4525
16318,1243922106,1243927628,5522
16319,1243922330,1243928509,6179
16320,1243922889,1243929276,6387
16321,1243923746,1243929685,5939
16322,1243925119,1243931253,6134
16323,1243926493,1243932753,6260
16324,1243927628,1243932856,5228
16325,1243928509,1243933788,5279
16326,1243929276,1243934451,5175
16327,1243929685,1243935593,5908
16328,1243931253,1243936383,5130
16329,1243932753,1243937127,4374
16330,1243932856,1243937686,4830
16331,1243933788,1243938169,4381
16332,1243934451,1243938649,4198
16333,1243935593,1243939650,4057
16334,1243936383,1243940848,4465
16335,1243937127,1243942299,5172
16336,1243937686,1243942606,4920
16337,1243938169,1243943070,4901
16338,1243938649,1243944188,5539
16339,1243939650,1243944770,5120
16340,1243940848,1243945396,4548
16341,1243942299,1243945970,3671
16342,1243942606,1243946917,4311
16343,1243943070,1243946931,3861
16344,1243944188,1243948356,4168
16345,1243944770,1243949825,5055
16346,1243945396,1243950550,5154
16347,1243945970,1243951088,5118
16348,1243946917,1243951407,4490
16349,1243946931,1243951654,4723
16350,1243948356,1243952945,4589
16351,1243949825,1243953321,3496
16352,1243950550,1243953909,3359
16353,1243951088,1243954942,3854
16354,1243951407,1243955890,4483
16355,1243951654,1243956633,4979
16356,1243952945,1243957430,4485
16357,1243953321,1243957783,4462
16358,1243953909,1243958165,4256
16359,1243954942,1243958777,3835
16360,1243955890,1243959167,3277
16361,1243956633,1243959874,3241
16362,1243957430,1243961002,3572
16363,1243957783,1243961702,3919
16364,1243958165,1243962706,4541
16365,1243958777,1243963252,4475
16366,1243959167,1243963831,4664
16367,1243959874,1243964564,4690
16368,1243961002,1243966096,5094
16369,1243961702,1243966436,4734
16370,1243962706,1243967507,4801
16371,1243963252,1243967927,4675
16372,1243963831,1243969175,5344
16373,1243964564,1243969861,5297
16374,1243966096,1243970432,4336
16375,1243966436,1243970990,4554
16376,1243967507,1243971130,3623
16377,1243967927,1243971786,3859
16378,1243969175,1243972925,3750
16379,1243969861,1243973471,3610
16380,1243970432,1243974436,4004
16381,1243970990,1243975068,4078
16382,1243971130,1243975692,4562
16383,1243971786,1243976871,5085
16384,1243972925,1243977539,4614
16385,1243973471,1243978838,5367
16386,1243974436,1243979272,4836
16387,1243975068,1243979778,4710
16388,1243975692,1243980678,4986
16389,1243976871,1243982079,5208
16390,1243977539,1243982682,5143
16391,1243978838,1243983164,4326
16392,1243979272,1243983722,4450
16393,1243979778,1243984120,4342
16394,1243980678,1243984970,4292
16395,1243982079,1243985399,3320
16396,1243982682,1243986831,4149
16397,1243983164,1243988205,5041
16398,1243983722,1243989512,5790
16399,1243984120,1243990464,6344
16400,1243984970,1243991207,6237
16401,1243985399,1243992622,7223
16402,1243986831,1243993225,6394
16403,1243988205,1243994660,6455
16404,1243989512,1243995070,5558
16405,1243990464,1243996067,5603
16406,1243991207,1243996386,5179
16407,1243992622,1243997327,4705
16408,1243993225,1243997884,4659
16409,1243994660,1243999309,4649
16410,1243995070,1244000133,5063
16411,1243996067,1244001188,5121
16412,1243996386,1244002662,6276
16413,1243997327,1244003807,6480
16414,1243997884,1244003910,6026
16415,1243999309,1244004307,4998
16416,1244000133,1244004762,4629
16417,1244001188,1244005803,4615
16418,1244002662,1244007077,4415
16419,1244003807,1244008021,4214
16420,1244003910,1244008466,4556
16421,1244004307,1244009182,4875
16422,1244004762,1244009826,5064
16423,1244005803,1244010469,4666
16424,1244007077,1244011284,4207
16425,1244008021,1244012211,4190
16426,1244008466,1244013447,4981
16427,1244009182,1244014943,5761
16428,1244009826,1244014972,5146
16429,1244010469,1244016294,5825
16430,1244011284,1244017277,5993
16431,1244012211,1244018215,6004
16432,1244013447,1244018659,5212
16433,1244014943,1244019663,4720
16434,1244014972,1244020047,5075
16435,1244016294,1244021397,5103
16436,1244017277,1244022409,5132
16437,1244018215,1244022486,4271
16438,1244018659,1244023276,4617
16439,1244019663,1244024466,4803
16440,1244020047,1244024865,4818
16441,1244021397,1244024888,3491
16442,1244022409,1244026068,3659
16443,1244022486,1244027536,5050
16444,1244023276,1244028245,4969
16445,1244024466,1244029504,5038
16446,1244024865,1244030492,5627
16447,1244024888,1244032140,7252
16448,1244026068,1244032900,6832
16449,1244027536,1244034057,6521
16450,1244028245,1244035421,7176
16451,1244029504,1244036381,6877
16452,1244030492,1244037539,7047
16453,1244032140,1244038613,6473
16454,1244032900,1244039249,6349
16455,1244034057,1244040734,6677
16456,1244035421,1244042321,6900
16457,1244036381,1244043022,6641
16458,1244037539,1244043460,5921
16459,1244038613,1244044960,6347
16460,1244039249,1244045906,6657
16461,1244040734,1244046431,5697
16462,1244042321,1244047918,5597
16463,1244043022,1244049372,6350
16464,1244043460,1244049870,6410
16465,1244044960,1244050257,5297
16466,1244045906,1244050422,4516
16467,1244046431,1244051384,4953
16468,1244047918,1244074224,26306
16469,1244049372,1244075540,26168
16470,1244049870,1244076639,26769
16471,1244050257,1244077883,27626
16472,1244050422,1244079177,28755
16473,1244051384,1244079783,28399
16474,1244074224,1244080338,6114
16475,1244075540,1244081586,6046
16476,1244076639,1244082013,5374
16477,1244077883,1244082812,4929
16478,1244079177,1244083972,4795
16479,1244079783,1244084532,4749
16480,1244080338,1244085146,4808
16481,1244081586,1244085564,3978
16482,1244082013,1244086565,4552
16483,1244082812,1244087920,5108
16484,1244083972,1244089188,5216
16485,1244084532,1244090739,6207
16486,1244085146,1244092288,7142
16487,1244085564,1244093084,7520
16488,1244086565,1244093445,6880
16489,1244087920,1244094429,6509
16490,1244089188,1244125111,35923
16491,1244090739,1244126207,35468
16492,1244092288,1244127027,34739
16493,1244093084,1244127623,34539
16494,1244093445,1244127943,34498
16495,1244094429,1244128378,33949
16496,1244125111,1244129914,4803
16497,1244126207,1244130583,4376
16498,1244127027,1244132055,5028
16499,1244127623,1244132702,5079
16500,1244127943,1244133616,5673
16501,1244128378,1244134392,6014
16502,1244129914,1244134907,4993
16503,1244130583,1244135294,4711
16504,1244132055,1244136010,3955
16505,1244132702,1244136691,3989
16506,1244133616,1244138185,4569
16507,1244134392,1244139645,5253
16508,1244134907,1244140442,5535
16509,1244135294,1244141061,5767
16510,1244136010,1244141727,5717
16511,1244136691,1244142441,5750
16512,1244138185,1244143319,5134
16513,1244139645,1244144052,4407
16514,1244140442,1244145269,4827
16515,1244141061,1244145749,4688
16516,1244141727,1244146421,4694
16517,1244142441,1244147896,5455
16518,1244143319,1244149190,5871
16519,1244144052,1244150011,5959
16520,1244145269,1244151281,6012
16521,1244145749,1244152018,6269
16522,1244146421,1244153081,6660
16523,1244147896,1244153535,5639
16524,1244149190,1244153921,4731
16525,1244150011,1244154992,4981
16526,1244151281,1244155652,4371
16527,1244152018,1244156569,4551
16528,1244153081,1244156811,3730
16529,1244153535,1244157394,3859
16530,1244153921,1244157501,3580
16531,1244154992,1244158766,3774
16532,1244155652,1244159743,4091
16533,1244156569,1244159793,3224
16534,1244156811,1244160004,3193
16535,1244157394,1244161341,3947
16536,1244157501,1244161907,4406
16537,1244158766,1244162321,3555
16538,1244159743,1244163769,4026
16539,1244159793,1244164741,4948
16540,1244160004,1244165656,5652
16541,1244161341,1244166216,4875
16542,1244161907,1244167147,5240
16543,1244162321,1244167496,5175
16544,1244163769,1244167558,3789
16545,1244164741,1244168844,4103
16546,1244165656,1244169973,4317
16547,1244166216,1244171485,5269
16548,1244167147,1244172210,5063
16549,1244167496,1244172445,4949
16550,1244167558,1244172899,5341
16551,1244168844,1244174104,5260
16552,1244169973,1244175063,5090
16553,1244171485,1244176022,4537
16554,1244172210,1244177174,4964
16555,1244172445,1244177951,5506
16556,1244172899,1244178958,6059
16557,1244174104,1244179990,5886
16558,1244175063,1244181117,6054
16559,1244176022,1244181620,5598
16560,1244177174,1244182258,5084
16561,1244177951,1244183282,5331
16562,1244178958,1244183331,4373
16563,1244179990,1244184212,4222
16564,1244181117,1244274602,93485
16565,1244181620,1244281521,99901
16566,1244182258,1244284088,101830
16567,1244183282,1244285725,102443
16568,1244183331,1244285785,102454
16569,1244184212,1244286483,102271
16570,1244274602,1244288330,13728
16571,1244281521,1244288999,7478
16572,1244284088,1244289588,5500
16573,1244285725,1244291426,5701
16574,1244285785,1244291526,5741
16575,1244286483,1244293195,6712
16576,1244288330,1244294755,6425
16577,1244288999,1244295655,6656
16578,1244289588,1244297325,7737
16579,1244291426,1244298071,6645
16580,1244291526,1244300526,9000
16581,1244293195,1244301924,8729
16582,1244294755,1244303410,8655
16583,1244295655,1244304681,9026
16584,1244297325,1244306133,8808
16585,1244298071,1244307490,9419
16586,1244300526,1244308370,7844
16587,1244301924,1244310286,8362
16588,1244303410,1244319523,16113
16589,1244304681,1244320617,15936
16590,1244306133,1244327552,21419
16591,1244307490,1244329677,22187
16592,1244308370,1244403459,95089
16593,1244310286,1244404377,94091
16594,1244319523,1244404587,85064
16595,1244320617,1244406905,86288
16596,1244327552,1244407869,80317
16597,1244329677,1244408948,79271
16598,1244403459,1244409773,6314
16599,1244404377,1244410175,5798
16600,1244404587,1244410716,6129
16601,1244406905,1244411996,5091
16602,1244407869,1244412895,5026
16603,1244408948,1244413325,4377
16604,1244409773,1244415323,5550
16605,1244410175,1244417070,6895
16606,1244410716,1244417091,6375
16607,1244411996,1244418682,6686
16608,1244412895,1244419713,6818
16609,1244413325,1244420888,7563
16610,1244415323,1244421431,6108
16611,1244417070,1244424101,7031
16612,1244417091,1244425170,8079
16613,1244418682,1244427752,9070
16614,1244419713,1244427680,7967
16615,1244420888,1244427781,6893
16616,1244421431,1244429752,8321
16617,1244424101,1244429700,5599
16618,1244425170,1244430394,5224
16619,1244427680,1244431131,3451
16620,1244427752,1244432150,4398
16621,1244427781,1244433778,5997
16622,1244429700,1244434103,4403
16623,1244429752,1244435061,5309
16624,1244430394,1244436286,5892
16625,1244431131,1244436870,5739
16626,1244432150,1244436866,4716
16627,1244433778,1244438496,4718
16628,1244434103,1244440725,6622
16629,1244435061,1244441976,6915
16630,1244436286,1244442338,6052
16631,1244436866,1244442987,6121
16632,1244436870,1244444198,7328
16633,1244438496,1244445955,7459
16634,1244440725,1244447146,6421
16635,1244441976,1244449735,7759
16636,1244442338,1244450327,7989
16637,1244442987,1244451549,8562
16638,1244444198,1244452087,7889
16639,1244445955,1244452944,6989
16640,1244447146,1244453020,5874
16641,1244449735,1244453830,4095
16642,1244450327,1244456484,6157
16643,1244451549,1244459026,7477
16644,1244452087,1244459864,7777
16645,1244452944,1244460866,7922
16646,1244453020,1244461625,8605
16647,1244453830,1244462365,8535
16648,1244456484,1244463259,6775
16649,1244459026,1244464384,5358
16650,1244459864,1244465595,5731
16651,1244460866,1244466071,5205
16652,1244461625,1244468313,6688
16653,1244462365,1244470382,8017
16654,1244463259,1244471394,8135
16655,1244464384,1244472900,8516
16656,1244465595,1244474368,8773
16657,1244466071,1244475371,9300
16658,1244468313,1244477297,8984
16659,1244470382,1244479882,9500
16660,1244471394,1244480891,9497
16661,1244472900,1244481126,8226
16662,1244474368,1244483597,9229
16663,1244475371,1244483542,8171
16664,1244477297,1244486005,8708
16665,1244479882,1244486174,6292
16666,1244480891,1244488386,7495
16667,1244481126,1244489543,8417
16668,1244483542,1244490189,6647
16669,1244483597,1244491259,7662
16670,1244486005,1244491882,5877
16671,1244486174,1244492804,6630
16672,1244488386,1244492852,4466
16673,1244489543,1244493726,4183
16674,1244490189,1244494395,4206
16675,1244491259,1244494941,3682
16676,1244491882,1244496498,4616
16677,1244492804,1244497001,4197
16678,1244492852,1244499044,6192
16679,1244493726,1244499048,5322
16680,1244494395,1244499051,4656
16681,1244494941,1244499314,4373
16682,1244496498,1244501417,4919
16683,1244497001,1244501757,4756
16684,1244499044,1244502517,3473
16685,1244499048,1244503749,4701
16686,1244499051,1244504235,5184
16687,1244499314,1244504334,5020
16688,1244501417,1244505019,3602
16689,1244501757,1244505257,3500
16690,1244502517,1244506855,4338
16691,1244503749,1244508646,4897
16692,1244504235,1244509069,4834
16693,1244504334,1244509823,5489
16694,1244505019,1244509746,4727
16695,1244505257,1244511952,6695
16696,1244506855,1244512665,5810
16697,1244508646,1244513848,5202
16698,1244509069,1244514266,5197
16699,1244509746,1244514204,4458
16700,1244509823,1244515277,5454
16701,1244511952,1244516620,4668
16702,1244512665,1244516587,3922
16703,1244513848,1244517728,3880
16704,1244514204,1244519434,5230
16705,1244514266,1244522186,7920
16706,1244515277,1244523874,8597
16707,1244516587,1244524504,7917
16708,1244516620,1244524811,8191
16709,1244517728,1244525738,8010
16710,1244519434,1244526838,7404
16711,1244522186,1244527231,5045
16712,1244523874,1244527721,3847
16713,1244524504,1244528204,3700
16714,1244524811,1244528824,4013
16715,1244525738,1244529443,3705
16716,1244526838,1244530238,3400
16717,1244527231,1244530608,3377
16718,1244527721,1244530502,2781
16719,1244528204,1244530854,2650
16720,1244528824,1244530996,2172
16721,1244529443,1244531715,2272
16722,1244530238,1244532467,2229
16723,1244530502,1244534916,4414
16724,1244530608,1244536605,5997
16725,1244530854,1244537421,6567
16726,1244530996,1244539210,8214
16727,1244531715,1244539540,7825
16728,1244532467,1244540037,7570
16729,1244534916,1244541450,6534
16730,1244536605,1244542950,6345
16731,1244537421,1244543325,5904
16732,1244539210,1244543916,4706
16733,1244539540,1244544634,5094
16734,1244540037,1244545617,5580
16735,1244541450,1244547023,5573
16736,1244542950,1244549515,6565
16737,1244543325,1244551007,7682
16738,1244543916,1244552370,8454
16739,1244544634,1244554070,9436
16740,1244545617,1244554722,9105
16741,1244547023,1244555743,8720
16742,1244549515,1244557782,8267
16743,1244551007,1244558694,7687
16744,1244552370,1244559239,6869
16745,1244554070,1244560274,6204
16746,1244554722,1244561316,6594
16747,1244555743,1244561763,6020
16748,1244557782,1244562421,4639
16749,1244558694,1244563282,4588
16750,1244559239,1244564214,4975
16751,1244560274,1244564252,3978
16752,1244561316,1244566265,4949
16753,1244561763,1244566359,4596
16754,1244562421,1244567326,4905
16755,1244563282,1244568136,4854
16756,1244564214,1244568217,4003
16757,1244564252,1244570699,6447
16758,1244566265,1244571828,5563
16759,1244566359,1244572253,5894
16760,1244567326,1244573428,6102
16761,1244568136,1244575424,7288
16762,1244568217,1244576439,8222
16763,1244570699,1244577155,6456
16764,1244571828,1244577604,5776
16765,1244572253,1244579521,7268
16766,1244573428,1244580155,6727
16767,1244575424,1244581601,6177
16768,1244576439,1244583108,6669
16769,1244577155,1244583092,5937
16770,1244577604,1244584705,7101
16771,1244579521,1244586748,7227
16772,1244580155,1244587424,7269
16773,1244581601,1244588590,6989
16774,1244583092,1244588851,5759
16775,1244583108,1244589172,6064
16776,1244584705,1244590244,5539
16777,1244586748,1244590528,3780
16778,1244587424,1244591048,3624
16779,1244588590,1244591373,2783
16780,1244588851,1244591781,2930
16781,1244589172,1244594197,5025
16782,1244590244,1244594589,4345
16783,1244590528,1244596528,6000
16784,1244591048,1244596973,5925
16785,1244591373,1244598194,6821
16786,1244591781,1244600530,8749
16787,1244594197,1244603230,9033
16788,1244594589,1244603848,9259
16789,1244596528,1244605094,8566
16790,1244596973,1244605681,8708
16791,1244598194,1244606362,8168
16792,1244600530,1244608648,8118
16793,1244603230,1244609110,5880
16794,1244603848,1244610939,7091
16795,1244605094,1244611068,5974
16796,1244605681,1244611308,5627
16797,1244606362,1244611439,5077
16798,1244608648,1244611777,3129
16799,1244609110,1244613163,4053
16800,1244610939,1244614892,3953
16801,1244611068,1244615520,4452
16802,1244611308,1244617127,5819
16803,1244611439,1244617573,6134
16804,1244611777,1244619377,7600
16805,1244613163,1244620560,7397
16806,1244614892,1244621256,6364
16807,1244615520,1244622486,6966
16808,1244617127,1244623268,6141
16809,1244617573,1244625732,8159
16810,1244619377,1244628281,8904
16811,1244620560,1244628738,8178
16812,1244621256,1244629304,8048
16813,1244622486,1244630529,8043
16814,1244623268,1244632091,8823
16815,1244625732,1244633048,7316
16816,1244628281,1244635238,6957
16817,1244628738,1244636785,8047
16818,1244629304,1244638198,8894
16819,1244630529,1244638214,7685
16820,1244632091,1244638880,6789
16821,1244633048,1244639154,6106
16822,1244635238,1244639528,4290
16823,1244636785,1244640634,3849
16824,1244638198,1244641766,3568
16825,1244638214,1244642089,3875
16826,1244638880,1244643574,4694
16827,1244639154,1244644367,5213
16828,1244639528,1244645528,6000
16829,1244640634,1244646934,6300
16830,1244641766,1244647839,6073
16831,1244642089,1244648558,6469
16832,1244643574,1244648881,5307
16833,1244644367,1244649319,4952
16834,1244645528,1244651902,6374
16835,1244646934,1244652608,5674
16836,1244647839,1244654765,6926
16837,1244648558,1244655729,7171
16838,1244648881,1244656321,7440
16839,1244649319,1244657031,7712
16840,1244651902,1244657446,5544
16841,1244652608,1244658830,6222
16842,1244654765,1244659881,5116
16843,1244655729,1244660177,4448
16844,1244656321,1244661130,4809
16845,1244657031,1244661570,4539
16846,1244657446,1244662573,5127
16847,1244658830,1244664113,5283
16848,1244659881,1244664175,4294
16849,1244660177,1244665915,5738
16850,1244661130,1244666723,5593
16851,1244661570,1244667143,5573
16852,1244662573,1244668341,5768
16853,1244664113,1244669378,5265
16854,1244664175,1244670863,6688
16855,1244665915,1244672580,6665
16856,1244666723,1244673161,6438
16857,1244667143,1244674923,7780
16858,1244668341,1244675209,6868
16859,1244669378,1244675877,6499
16860,1244670863,1244676227,5364
16861,1244672580,1244678241,5661
16862,1244673161,1244678343,5182
16863,1244674923,1244678566,3643
16864,1244675209,1244679468,4259
16865,1244675877,1244680077,4200
16866,1244676227,1244680679,4452
16867,1244678241,1244681671,3430
16868,1244678343,1244683392,5049
16869,1244678566,1244683759,5193
16870,1244679468,1244684664,5196
16871,1244680077,1244685010,4933
16872,1244680679,1244685243,4564
16873,1244681671,1244685518,3847
16874,1244683392,1244686593,3201
16875,1244683759,1244686644,2885
16876,1244684664,1244687104,2440
16877,1244685010,1244688833,3823
16878,1244685243,1244689681,4438
16879,1244685518,1244690372,4854
16880,1244686593,1244692365,5772
16881,1244686644,1244692938,6294
16882,1244687104,1244695404,8300
16883,1244688833,1244696476,7643
16884,1244689681,1244696517,6836
16885,1244690372,1244697594,7222
16886,1244692365,1244698137,5772
16887,1244692938,1244698983,6045
16888,1244695404,1244699688,4284
16889,1244696476,1244701018,4542
16890,1244696517,1244701348,4831
16891,1244697594,1244702158,4564
16892,1244698137,1244702461,4324
16893,1244698983,1244704664,5681
16894,1244699688,1244706827,7139
16895,1244701018,1244707876,6858
16896,1244701348,1244708489,7141
16897,1244702158,1244709400,7242
16898,1244702461,1244711099,8638
16899,1244704664,1244712609,7945
16900,1244706827,1244712760,5933
16901,1244707876,1244713078,5202
16902,1244708489,1244713469,4980
16903,1244709400,1244714248,4848
16904,1244711099,1244714261,3162
16905,1244712609,1244714407,1798
16906,1244712760,1244714945,2185
16907,1244713078,1244717373,4295
16908,1244713469,1244718924,5455
16909,1244714248,1244720446,6198
16910,1244714261,1244720658,6397
16911,1244714407,1244722941,8534
16912,1244714945,1244724267,9322
16913,1244717373,1244724404,7031
16914,1244718924,1244727007,8083
16915,1244720446,1244728178,7732
16916,1244720658,1244728430,7772
16917,1244722941,1244730375,7434
16918,1244724267,1244730404,6137
16919,1244724404,1244730966,6562
16920,1244727007,1244732124,5117
16921,1244728178,1244732318,4140
16922,1244728430,1244734041,5611
16923,1244730375,1244734656,4281
16924,1244730404,1244736085,5681
16925,1244730966,1244736959,5993
16926,1244732124,1244738743,6619
16927,1244732318,1244739277,6959
16928,1244734041,1244739551,5510
16929,1244734656,1244739844,5188
16930,1244736085,1244741395,5310
16931,1244736959,1244741902,4943
16932,1244738743,1244742585,3842
16933,1244739277,1244743504,4227
16934,1244739551,1244745173,5622
16935,1244739844,1244745447,5603
16936,1244741395,1244746029,4634
16937,1244741902,1244748345,6443
16938,1244742585,1244748667,6082
16939,1244743504,1244749508,6004
16940,1244745173,1244749960,4787
16941,1244745447,1244750812,5365
16942,1244746029,1244753190,7161
16943,1244748345,1244754100,5755
16944,1244748667,1244754592,5925
16945,1244749508,1244755939,6431
16946,1244749960,1244758100,8140
16947,1244750812,1244758499,7687
16948,1244753190,1244760968,7778
16949,1244754100,1244761499,7399
16950,1244754592,1244762352,7760
16951,1244755939,1244763799,7860
16952,1244758100,1244765451,7351
16953,1244758499,1244767758,9259
16954,1244760968,1244768353,7385
16955,1244761499,1244769077,7578
16956,1244762352,1244769437,7085
16957,1244763799,1244769764,5965
16958,1244765451,1244771656,6205
16959,1244767758,1244771801,4043
16960,1244768353,1244773617,5264
16961,1244769077,1244774210,5133
16962,1244769437,1244774550,5113
16963,1244769764,1244776505,6741
16964,1244771656,1244776697,5041
16965,1244771801,1244777243,5442
16966,1244773617,1244777457,3840
16967,1244774210,1244777478,3268
16968,1244774550,1244777590,3040
16969,1244776505,1244778416,1911
16970,1244776697,1244779343,2646
16971,1244777243,1244780712,3469
16972,1244777457,1244781552,4095
16973,1244777478,1244783525,6047
16974,1244777590,1244783716,6126
16975,1244778416,1244784759,6343
16976,1244779343,1244784944,5601
16977,1244780712,1244785062,4350
16978,1244781552,1244785449,3897
16979,1244783525,1244787921,4396
16980,1244783716,1244788021,4305
16981,1244784759,1244788041,3282
16982,1244784944,1244789082,4138
16983,1244785062,1244789972,4910
16984,1244785449,1244790171,4722
16985,1244787921,1244791020,3099
16986,1244788021,1244792772,4751
16987,1244788041,1244794983,6942
16988,1244789082,1244795051,5969
16989,1244789972,1244796520,6548
16990,1244790171,1244796540,6369
16991,1244791020,1244796813,5793
16992,1244792772,1244797123,4351
16993,1244794983,1244798855,3872
16994,1244795051,1244799505,4454
16995,1244796520,1244799548,3028
16996,1244796540,1244800233,3693
16997,1244796813,1244801325,4512
16998,1244797123,1244801582,4459
16999,1244798855,1244802383,3528
17000,1244799505,1244803007,3502
17001,1244799548,1244804933,5385
17002,1244800233,1244804978,4745
17003,1244801325,1244806157,4832
17004,1244801582,1244807026,5444
17005,1244802383,1244809533,7150
17006,1244803007,1244810864,7857
17007,1244804933,1244812907,7974
17008,1244804978,1244814165,9187
17009,1244806157,1244814866,8709
17010,1244807026,1244815107,8081
17011,1244809533,1244815610,6077
17012,1244810864,1244816304,5440
17013,1244812907,1244817943,5036
17014,1244814165,1244818247,4082
17015,1244814866,1244818570,3704
17016,1244815107,1244820485,5378
17017,1244815610,1244821779,6169
17018,1244816304,1244821937,5633
17019,1244817943,1244823072,5129
17020,1244818247,1244825358,7111
17021,1244818570,1244825971,7401
17022,1244820485,1244826681,6196
17023,1244821779,1244828212,6433
17024,1244821937,1244829122,7185
17025,1244823072,1244830835,7763
17026,1244825358,1244832732,7374
17027,1244825971,1244833463,7492
17028,1244826681,1244836194,9513
17029,1244828212,1244837460,9248
17030,1244829122,1244840624,11502
17031,1244830835,1244843127,12292
17032,1244832732,1244844975,12243
17033,1244833463,1244847294,13831
17034,1244836194,1244848248,12054
17035,1244837460,1244848900,11440
17036,1244840624,1244849070,8446
17037,1244843127,1244850753,7626
17038,1244844975,1244851528,6553
17039,1244847294,1244852545,5251
17040,1244848248,1244853481,5233
17041,1244848900,1244855758,6858
17042,1244849070,1244856031,6961
17043,1244850753,1244858569,7816
17044,1244851528,1244859837,8309
17045,1244852545,1244860374,7829
17046,1244853481,1244862276,8795
17047,1244855758,1244862696,6938
17048,1244856031,1244863456,7425
17049,1244858569,1244863732,5163
17050,1244859837,1244863935,4098
17051,1244860374,1244864657,4283
17052,1244862276,1244864951,2675
17053,1244862696,1244866258,3562
17054,1244863456,1244866726,3270
17055,1244863732,1244868490,4758
17056,1244863935,1244869040,5105
17057,1244864657,1244870643,5986
17058,1244864951,1244872985,8034
17059,1244866258,1244874867,8609
17060,1244866726,1244877371,10645
17061,1244868490,1244877976,9486
17062,1244869040,1244878331,9291
17063,1244870643,1244880213,9570
17064,1244872985,1244881990,9005
17065,1244874867,1244883991,9124
17066,1244877371,1244884590,7219
17067,1244877976,1244885578,7602
17068,1244878331,1244887488,9157
17069,1244880213,1244887859,7646
17070,1244881990,1244888731,6741
17071,1244883991,1244891053,7062
17072,1244884590,1244891635,7045
17073,1244885578,1244892062,6484
17074,1244887488,1244892109,4621
17075,1244887859,1244894499,6640
17076,1244888731,1244896554,7823
17077,1244891053,1244898087,7034
17078,1244891635,1244900470,8835
17079,1244892062,1244901090,9028
17080,1244892109,1244902685,10576
17081,1244894499,1244903499,9000
17082,1244896554,1244904013,7459
17083,1244898087,1244904822,6735
17084,1244900470,1244906036,5566
17085,1244901090,1244906695,5605
17086,1244902685,1244906636,3951
17087,1244903499,1244908610,5111
17088,1244904013,1244909298,5285
17089,1244904822,1244909172,4350
17090,1244906036,1244909719,3683
17091,1244906636,1244911588,4952
17092,1244906695,1244911990,5295
17093,1244908610,1244912653,4043
17094,1244909172,1244912718,3546
17095,1244909298,1244914937,5639
17096,1244909719,1244916038,6319
17097,1244911588,1244916096,4508
17098,1244911990,1244916810,4820
17099,1244912653,1244917357,4704
17100,1244912718,1244917548,4830
17101,1244914937,1244920014,5077
17102,1244916038,1244921111,5073
17103,1244916096,1244921420,5324
17104,1244916810,1244921269,4459
17105,1244917357,1244922046,4689
17106,1244917548,1244923577,6029
17107,1244920014,1244926323,6309
17108,1244921111,1244926645,5534
17109,1244921269,1244928075,6806
17110,1244921420,1244928965,7545
17111,1244922046,1244929351,7305
17112,1244923577,1244930396,6819
17113,1244926323,1244931916,5593
17114,1244926645,1244933874,7229
17115,1244928075,1244936077,8002
17116,1244928965,1244937933,8968
17117,1244929351,1244938535,9184
17118,1244930396,1244939204,8808
17119,1244931916,1244939095,7179
17120,1244933874,1244940174,6300
17121,1244936077,1244942820,6743
17122,1244937933,1244944151,6218
17123,1244938535,1244944657,6122
17124,1244939095,1244944703,5608
17125,1244939204,1244944731,5527
17126,1244940174,1244946003,5829
17127,1244942820,1244946297,3477
17128,1244944151,1244947035,2884
17129,1244944657,1244948156,3499
17130,1244944703,1244949743,5040
17131,1244944731,1244950432,5701
17132,1244946003,1244952482,6479
17133,1244946297,1244952553,6256
17134,1244947035,1244952993,5958
17135,1244948156,1244953715,5559
17136,1244949743,1244955055,5312
17137,1244950432,1244955972,5540
17138,1244952482,1244956166,3684
17139,1244952553,1244956386,3833
17140,1244952993,1244957318,4325
17141,1244953715,1244957812,4097
17142,1244955055,1244958196,3141
17143,1244955972,1244958871,2899
17144,1244956166,1244960940,4774
17145,1244956386,1244962615,6229
17146,1244957318,1244963542,6224
17147,1244957812,1244965709,7897
17148,1244958196,1244970779,12583
17149,1244958871,1244978451,19580
17150,1244960940,1244979634,18694
17151,1244962615,1244981545,18930
17152,1244963542,1244982820,19278
17153,1244965709,1244982942,17233
17154,1244970779,1244983444,12665
17155,1244978451,1244984853,6402
17156,1244979634,1244987786,8152
17157,1244981545,1244990023,8478
17158,1244982820,1244992490,9670
17159,1244982942,1244993319,10377
17160,1244983444,1244994413,10969
17161,1244984853,1244996111,11258
17162,1244987786,1244998029,10243
17163,1244990023,1244998740,8717
17164,1244992490,1244999563,7073
17165,1244993319,1245000353,7034
17166,1244994413,1245001425,7012
17167,1244996111,1245002070,5959
17168,1244998029,1245002858,4829
17169,1244998740,1245004516,5776
17170,1244999563,1245006421,6858
17171,1245000353,1245007164,6811
17172,1245001425,1245009740,8315
17173,1245002070,1245010906,8836
17174,1245002858,1245011831,8973
17175,1245004516,1245013935,9419
17176,1245006421,1245013931,7510
17177,1245007164,1245016117,8953
17178,1245009740,1245017001,7261
17179,1245010906,1245017497,6591
17180,1245011831,1245018488,6657
17181,1245013931,1245018367,4436
17182,1245013935,1245019445,5510
17183,1245016117,1245019981,3864
17184,1245017001,1245020907,3906
17185,1245017497,1245021838,4341
17186,1245018367,1245022084,3717
17187,1245018488,1245023827,5339
17188,1245019445,1245024961,5516
17189,1245019981,1245026426,6445
17190,1245020907,1245027726,6819
17191,1245021838,1245028824,6986
17192,1245022084,1245029646,7562
17193,1245023827,1245029747,5920
17194,1245024961,1245030763,5802
17195,1245026426,1245031778,5352
17196,1245027726,1245032207,4481
17197,1245028824,1245033801,4977
17198,1245029646,1245034600,4954
17199,1245029747,1245034740,4993
17200,1245030763,1245036197,5434
17201,1245031778,1245037837,6059
17202,1245032207,1245038701,6494
17203,1245033801,1245040482,6681
17204,1245034600,1245041185,6585
17205,1245034740,1245043197,8457
17206,1245036197,1245044358,8161
17207,1245037837,1245045300,7463
17208,1245038701,1245046713,8012
17209,1245040482,1245046807,6325
17210,1245041185,1245047643,6458
17211,1245043197,1245047697,4500
17212,1245044358,1245048472,4114
17213,1245045300,1245049719,4419
17214,1245046713,1245051767,5054
17215,1245046807,1245053519,6712
17216,1245047643,1245054487,6844
17217,1245047697,1245054965,7268
17218,1245048472,1245055137,6665
17219,1245049719,1245056695,6976
17220,1245051767,1245057277,5510
17221,1245053519,1245058231,4712
17222,1245054487,1245059409,4922
17223,1245054965,1245061879,6914
17224,1245055137,1245063326,8189
17225,1245056695,1245065101,8406
17226,1245057277,1245065855,8578
17227,1245058231,1245066996,8765
17228,1245059409,1245068016,8607
17229,1245061879,1245069024,7145
17230,1245063326,1245069776,6450
17231,1245065101,1245070017,4916
17232,1245065855,1245071685,5830
17233,1245066996,1245072152,5156
17234,1245068016,1245072756,4740
17235,1245069024,1245074203,5179
17236,1245069776,1245076096,6320
17237,1245070017,1245076341,6324
17238,1245071685,1245077091,5406
17239,1245072152,1245078560,6408
17240,1245072756,1245080076,7320
17241,1245074203,1245082156,7953
17242,1245076096,1245082792,6696
17243,1245076341,1245084243,7902
17244,1245077091,1245084337,7246
17245,1245078560,1245085088,6528
17246,1245080076,1245084946,4870
17247,1245082156,1245087080,4924
17248,1245082792,1245087104,4312
17249,1245084243,1245087688,3445
17250,1245084337,1245089606,5269
17251,1245084946,1245090038,5092
17252,1245085088,1245091733,6645
17253,1245087080,1245094141,7061
17254,1245087104,1245094941,7837
17255,1245087688,1245096432,8744
17256,1245089606,1245096511,6905
17257,1245090038,1245098435,8397
17258,1245091733,1245099361,7628
17259,1245094141,1245100608,6467
17260,1245094941,1245100901,5960
17261,1245096432,1245101938,5506
17262,1245096511,1245102517,6006
17263,1245098435,1245103711,5276
17264,1245099361,1245104863,5502
17265,1245100608,1245106132,5524
17266,1245100901,1245106192,5291
17267,1245101938,1245106593,4655
17268,1245102517,1245109180,6663
17269,1245103711,1245109494,5783
17270,1245104863,1245109702,4839
17271,1245106132,1245110379,4247
17272,1245106192,1245112047,5855
17273,1245106593,1245112267,5674
17274,1245109180,1245112749,3569
17275,1245109494,1245113506,4012
17276,1245109702,1245115184,5482
17277,1245110379,1245115492,5113
17278,1245112047,1245117729,5682
17279,1245112267,1245118171,5904
17280,1245112749,1245118374,5625
17281,1245113506,1245118710,5204
17282,1245115184,1245119159,3975
17283,1245115492,1245119552,4060
17284,1245117729,1245119991,2262
17285,1245118171,1245121123,2952
17286,1245118374,1245122253,3879
17287,1245118710,1245123301,4591
17288,1245119159,1245124034,4875
17289,1245119552,1245126514,6962
17290,1245119991,1245128169,8178
17291,1245121123,1245129783,8660
17292,1245122253,1245131561,9308
17293,1245123301,1245132388,9087
17294,1245124034,1245134895,10861
17295,1245126514,1245135204,8690
17296,1245128169,1245135749,7580
17297,1245129783,1245137338,7555
17298,1245131561,1245138236,6675
17299,1245132388,1245139943,7555
17300,1245134895,1245140270,5375
17301,1245135204,1245140808,5604
17302,1245135749,1245141939,6190
17303,1245137338,1245144164,6826
17304,1245138236,1245146276,8040
17305,1245139943,1245146652,6709
17306,1245140270,1245148691,8421
17307,1245140808,1245149744,8936
17308,1245141939,1245152141,10202
17309,1245144164,1245154026,9862
17310,1245146276,1245154304,8028
17311,1245146652,1245155149,8497
17312,1245148691,1245155832,7141
17313,1245149744,1245157378,7634
17314,1245152141,1245158360,6219
17315,1245154026,1245160052,6026
17316,1245154304,1245161900,7596
17317,1245155149,1245163802,8653
17318,1245155832,1245166700,10868
17319,1245157378,1245168904,11526
17320,1245158360,1245169914,11554
17321,1245160052,1245170809,10757
17322,1245161900,1245173469,11569
17323,1245163802,1245174566,10764
17324,1245166700,1245176865,10165
17325,1245168904,1245178170,9266
17326,1245169914,1245178719,8805
17327,1245170809,1245179005,8196
17328,1245173469,1245179275,5806
17329,1245174566,1245181286,6720
17330,1245176865,1245181546,4681
17331,1245178170,1245182915,4745
17332,1245178719,1245183362,4643
17333,1245179005,1245183687,4682
17334,1245179275,1245185313,6038
17335,1245181286,1245186384,5098
17336,1245181546,1245187639,6093
17337,1245182915,1245189835,6920
17338,1245183362,1245191614,8252
17339,1245183687,1245192506,8819
17340,1245185313,1245193282,7969
17341,1245186384,1245194759,8375
17342,1245187639,1245195200,7561
17343,1245189835,1245196881,7046
17344,1245191614,1245196903,5289
17345,1245192506,1245199368,6862
17346,1245193282,1245199868,6586
17347,1245194759,1245201406,6647
17348,1245195200,1245203154,7954
17349,1245196881,1245205075,8194
17350,1245196903,1245205851,8948
17351,1245199368,1245207949,8581
17352,1245199868,1245209174,9306
17353,1245201406,1245209626,8220
17354,1245203154,1245212336,9182
17355,1245205075,1245213927,8852
17356,1245205851,1245214484,8633
17357,1245207949,1245215713,7764
17358,1245209174,1245216522,7348
17359,1245209626,1245218797,9171
17360,1245212336,1245220908,8572
17361,1245213927,1245221785,7858
17362,1245214484,1245222493,8009
17363,1245215713,1245222703,6990
17364,1245216522,1245222731,6209
17365,1245218797,1245224114,5317
17366,1245220908,1245224192,3284
17367,1245221785,1245225237,3452
17368,1245222493,1245226002,3509
17369,1245222703,1245226370,3667
17370,1245222731,1245228944,6213
17371,1245224114,1245230301,6187
17372,1245224192,1245232938,8746
17373,1245225237,1245234369,9132
17374,1245226002,1245234920,8918
17375,1245226370,1245236470,10100
17376,1245228944,1245237135,8191
17377,1245230301,1245239107,8806
17378,1245232938,1245239864,6926
17379,1245234369,1245239947,5578
17380,1245234920,1245240227,5307
17381,1245236470,1245240985,4515
17382,1245237135,1245241884,4749
17383,1245239107,1245242485,3378
17384,1245239864,1245243857,3993
17385,1245239947,1245244358,4411
17386,1245240227,1245244997,4770
17387,1245240985,1245246225,5240
17388,1245241884,1245247342,5458
17389,1245242485,1245248097,5612
17390,1245243857,1245248607,4750
17391,1245244358,1245249828,5470
17392,1245244997,1245251731,6734
17393,1245246225,1245252281,6056
17394,1245247342,1245254331,6989
17395,1245248097,1245255157,7060
17396,1245248607,1245256039,7432
17397,1245249828,1245257488,7660
17398,1245251731,1245259057,7326
17399,1245252281,1245261229,8948
17400,1245254331,1245261917,7586
17401,1245255157,1245263154,7997
17402,1245256039,1245265236,9197
17403,1245257488,1245266576,9088
17404,1245259057,1245266877,7820
17405,1245261229,1245267169,5940
17406,1245261917,1245269321,7404
17407,1245263154,1245269575,6421
17408,1245265236,1245269948,4712
17409,1245266576,1245270617,4041
17410,1245266877,1245271061,4184
17411,1245267169,1245272987,5818
17412,1245269321,1245275170,5849
17413,1245269575,1245275827,6252
17414,1245269948,1245276248,6300
17415,1245270617,1245277811,7194
17416,1245271061,1245278534,7473
17417,1245272987,1245281140,8153
17418,1245275170,1245281432,6262
17419,1245275827,1245281983,6156
17420,1245276248,1245282341,6093
17421,1245277811,1245282687,4876
17422,1245278534,1245283812,5278
17423,1245281140,1245283956,2816
17424,1245281432,1245284119,2687
17425,1245281983,1245284524,2541
17426,1245282341,1245285168,2827
17427,1245282687,1245285182,2495
17428,1245283812,1245287091,3279
17429,1245283956,1245287419,3463
17430,1245284119,1245288867,4748
17431,1245284524,1245290179,5655
17432,1245285168,1245290709,5541
17433,1245285182,1245291133,5951
17434,1245287091,1245292146,5055
17435,1245287419,1245292949,5530
17436,1245288867,1245293814,4947
17437,1245290179,1245294058,3879
17438,1245290709,1245296874,6165
17439,1245291133,1245298767,7634
17440,1245292146,1245298860,6714
17441,1245292949,1245298891,5942
17442,1245293814,1245299504,5690
17443,1245294058,1245301684,7626
17444,1245296874,1245301847,4973
17445,1245298767,1245302951,4184
17446,1245298860,1245304895,6035
17447,1245298891,1245305885,6994
17448,1245299504,1245307034,7530
17449,1245301684,1245307452,5768
17450,1245301847,1245308499,6652
17451,1245302951,1245310604,7653
17452,1245304895,1245312107,7212
17453,1245305885,1245312992,7107
17454,1245307034,1245313298,6264
17455,1245307452,1245315109,7657
17456,1245308499,1245316934,8435
17457,1245310604,1245317815,7211
17458,1245312107,1245319878,7771
17459,1245312992,1245320128,7136
17460,1245313298,1245321436,8138
17461,1245315109,1245321873,6764
17462,1245316934,1245322242,5308
17463,1245317815,1245323853,6038
17464,1245319878,1245326515,6637
17465,1245320128,1245327129,7001
17466,1245321436,1245328369,6933
17467,1245321873,1245328409,6536
17468,1245322242,1245330377,8135
17469,1245323853,1245330838,6985
17470,1245326515,1245333304,6789
17471,1245327129,1245334368,7239
17472,1245328369,1245334790,6421
17473,1245328409,1245336157,7748
17474,1245330377,1245338079,7702
17475,1245330838,1245339147,8309
17476,1245333304,1245339703,6399
17477,1245334368,1245342110,7742
17478,1245334790,1245343511,8721
17479,1245336157,1245345539,9382
17480,1245338079,1245346014,7935
17481,1245339147,1245347219,8072
17482,1245339703,1245349525,9822
17483,1245342110,1245349565,7455
17484,1245343511,1245351509,7998
17485,1245345539,1245352967,7428
17486,1245346014,1245353771,7757
17487,1245347219,1245355500,8281
17488,1245349525,1245356019,6494
17489,1245349565,1245357143,7578
17490,1245351509,1245358933,7424
17491,1245352967,1245360239,7272
17492,1245353771,1245360821,7050
17493,1245355500,1245362290,6790
17494,1245356019,1245364452,8433
17495,1245357143,1245365297,8154
17496,1245358933,1245366279,7346
17497,1245360239,1245368171,7932
17498,1245360821,1245368434,7613
17499,1245362290,1245368726,6436
17500,1245364452,1245369325,4873
17501,1245365297,1245369343,4046
17502,1245366279,1245371089,4810
17503,1245368171,1245371346,3175
17504,1245368434,1245372050,3616
17505,1245368726,1245372325,3599
17506,1245369325,1245372271,2946
17507,1245369343,1245373181,3838
17508,1245371089,1245374630,3541
17509,1245371346,1245375273,3927
17510,1245372050,1245376738,4688
17511,1245372271,1245378439,6168
17512,1245372325,1245378832,6507
17513,1245373181,1245379229,6048
17514,1245374630,1245381245,6615
17515,1245375273,1245381274,6001
17516,1245376738,1245381654,4916
17517,1245378439,1245381679,3240
17518,1245378832,1245382786,3954
17519,1245379229,1245383343,4114
17520,1245381245,1245383644,2399
17521,1245381274,1245384746,3472
17522,1245381654,1245386588,4934
17523,1245381679,1245388176,6497
17524,1245382786,1245390177,7391
17525,1245383343,1245392002,8659
17526,1245383644,1245392139,8495
17527,1245384746,1245393233,8487
17528,1245386588,1245394084,7496
17529,1245388176,1245395055,6879
17530,1245390177,1245395715,5538
17531,1245392002,1245396507,4505
17532,1245392139,1245396744,4605
17533,1245393233,1245397413,4180
17534,1245394084,1245397577,3493
17535,1245395055,1245399096,4041
17536,1245395715,1245399517,3802
17537,1245396507,1245400017,3510
17538,1245396744,1245401423,4679
17539,1245397413,1245401518,4105
17540,1245397577,1245401947,4370
17541,1245399096,1245402378,3282
17542,1245399517,1245403118,3601
17543,1245400017,1245404902,4885
17544,1245401423,1245406244,4821
17545,1245401518,1245407717,6199
17546,1245401947,1245408088,6141
17547,1245402378,1245408354,5976
17548,1245403118,1245409205,6087
17549,1245404902,1245409821,4919
17550,1245406244,1245410090,3846
17551,1245407717,1245410704,2987
17552,1245408088,1245412830,4742
17553,1245408354,1245416523,8169
17554,1245409205,1245417068,7863
17555,1245409821,1245418575,8754
17556,1245410090,1245419022,8932
17557,1245410704,1245421149,10445
17558,1245412830,1245422738,9908
17559,1245416523,1245423745,7222
17560,1245417068,1245425826,8758
17561,1245418575,1245425959,7384
17562,1245419022,1245427956,8934
17563,1245421149,1245429659,8510
17564,1245422738,1245430576,7838
17565,1245423745,1245431541,7796
17566,1245425826,1245432295,6469
17567,1245425959,1245433066,7107
17568,1245427956,1245433928,5972
17569,1245429659,1245435893,6234
17570,1245430576,1245437087,6511
17571,1245431541,1245438981,7440
17572,1245432295,1245439239,6944
17573,1245433066,1245439394,6328
17574,1245433928,1245441353,7425
17575,1245435893,1245441690,5797
17576,1245437087,1245443092,6005
17577,1245438981,1245443910,4929
17578,1245439239,1245445731,6492
17579,1245439394,1245446438,7044
17580,1245441353,1245446828,5475
17581,1245441690,1245449116,7426
17582,1245443092,1245450469,7377
17583,1245443910,1245450977,7067
17584,1245445731,1245451874,6143
17585,1245446438,1245451926,5488
17586,1245446828,1245453871,7043
17587,1245449116,1245454692,5576
17588,1245450469,1245455935,5466
17589,1245450977,1245457090,6113
17590,1245451874,1245457488,5614
17591,1245451926,1245458318,6392
17592,1245453871,1245460247,6376
17593,1245454692,1245461232,6540
17594,1245455935,1245461507,5572
17595,1245457090,1245462067,4977
17596,1245457488,1245463339,5851
17597,1245458318,1245465809,7491
17598,1245460247,1245466901,6654
17599,1245461232,1245467572,6340
17600,1245461507,1245468110,6603
17601,1245462067,1245469101,7034
17602,1245463339,1245470145,6806
17603,1245465809,1245472753,6944
17604,1245466901,1245473350,6449
17605,1245467572,1245474166,6594
17606,1245468110,1245475421,7311
17607,1245469101,1245476149,7048
17608,1245470145,1245477577,7432
17609,1245472753,1245478637,5884
17610,1245473350,1245479617,6267
17611,1245474166,1245480999,6833
17612,1245475421,1245481915,6494
17613,1245476149,1245482758,6609
17614,1245477577,1245483118,5541
17615,1245478637,1245484753,6116
17616,1245479617,1245484666,5049
17617,1245480999,1245484899,3900
17618,1245481915,1245485422,3507
17619,1245482758,1245485757,2999
17620,1245483118,1245486456,3338
17621,1245484666,1245487505,2839
17622,1245484753,1245488991,4238
17623,1245484899,1245489427,4528
17624,1245485422,1245489810,4388
17625,1245485757,1245491529,5772
17626,1245486456,1245493459,7003
17627,1245487505,1245493632,6127
17628,1245488991,1245493956,4965
17629,1245489427,1245494944,5517
17630,1245489810,1245495460,5650
17631,1245491529,1245495289,3760
17632,1245493459,1245496856,3397
17633,1245493632,1245497751,4119
17634,1245493956,1245498029,4073
17635,1245494944,1245500089,5145
17636,1245495289,1245501897,6608
17637,1245495460,1245503669,8209
17638,1245496856,1245505667,8811
17639,1245497751,1245507207,9456
17640,1245498029,1245508741,10712
17641,1245500089,1245509489,9400
17642,1245501897,1245510985,9088
17643,1245503669,1245512822,9153
17644,1245505667,1245514766,9099
17645,1245507207,1245514754,7547
17646,1245508741,1245515146,6405
17647,1245509489,1245516965,7476
17648,1245510985,1245517044,6059
17649,1245512822,1245517250,4428
17650,1245514754,1245519277,4523
17651,1245514766,1245519617,4851
17652,1245515146,1245521211,6065
17653,1245516965,1245521769,4804
17654,1245517044,1245522026,4982
17655,1245517250,1245522452,5202
17656,1245519277,1245525093,5816
17657,1245519617,1245526690,7073
17658,1245521211,1245528667,7456
17659,1245521769,1245529855,8086
17660,1245522026,1245532517,10491
17661,1245522452,1245533917,11465
17662,1245525093,1245534246,9153
17663,1245526690,1245536287,9597
17664,1245528667,1245537101,8434
17665,1245529855,1245537589,7734
17666,1245532517,1245540080,7563
17667,1245533917,1245542564,8647
17668,1245534246,1245542836,8590
17669,1245536287,1245544817,8530
17670,1245537101,1245545798,8697
17671,1245537589,1245546483,8894
17672,1245540080,1245547389,7309
17673,1245542564,1245547506,4942
17674,1245542836,1245547928,5092
17675,1245544817,1245550566,5749
17676,1245545798,1245551534,5736
17677,1245546483,1245553210,6727
17678,1245547389,1245554309,6920
17679,1245547506,1245555990,8484
17680,1245547928,1245555946,8018
17681,1245550566,1245558101,7535
17682,1245551534,1245558587,7053
17683,1245553210,1245560123,6913
17684,1245554309,1245562082,7773
17685,1245555946,1245563247,7301
17686,1245555990,1245564309,8319
17687,1245558101,1245565179,7078
17688,1245558587,1245565627,7040
17689,1245560123,1245567650,7527
17690,1245562082,1245568446,6364
17691,1245563247,1245568493,5246
17692,1245564309,1245569140,4831
17693,1245565179,1245569179,4000
17694,1245565627,1245571357,5730
17695,1245567650,1245572596,4946
17696,1245568446,1245572941,4495
17697,1245568493,1245574823,6330
17698,1245569140,1245576763,7623
17699,1245569179,1245576839,7660
17700,1245571357,1245577360,6003
17701,1245572596,1245578348,5752
17702,1245572941,1245579456,6515
17703,1245574823,1245581098,6275
17704,1245576763,1245581424,4661
17705,1245576839,1245582783,5944
17706,1245577360,1245584232,6872
17707,1245578348,1245585079,6731
17708,1245579456,1245587547,8091
17709,1245581098,1245587418,6320
17710,1245581424,1245588232,6808
17711,1245582783,1245590172,7389
17712,1245584232,1245591318,7086
17713,1245585079,1245591970,6891
17714,1245587418,1245592874,5456
17715,1245587547,1245592710,5163
17716,1245588232,1245594087,5855
17717,1245590172,1245594992,4820
17718,1245591318,1245595505,4187
17719,1245591970,1245595482,3512
17720,1245592710,1245596203,3493
17721,1245592874,1245596608,3734
17722,1245594087,1245599280,5193
17723,1245594992,1245601717,6725
17724,1245595482,1245602631,7149
17725,1245595505,1245602920,7415
17726,1245596203,1245605590,9387
17727,1245596608,1245607885,11277
17728,1245599280,1245608726,9446
17729,1245601717,1245608756,7039
17730,1245602631,1245609041,6410
17731,1245602920,1245611457,8537
17732,1245605590,1245612691,7101
17733,1245607885,1245613189,5304
17734,1245608726,1245613510,4784
17735,1245608756,1245614019,5263
17736,1245609041,1245614315,5274
17737,1245611457,1245615770,4313
17738,1245612691,1245616199,3508
17739,1245613189,1245618684,5495
17740,1245613510,1245619630,6120
17741,1245614019,1245621627,7608
17742,1245614315,1245622343,8028
17743,1245615770,1245623141,7371
17744,1245616199,1245624002,7803
17745,1245618684,1245625721,7037
17746,1245619630,1245626569,6939
17747,1245621627,1245627161,5534
17748,1245622343,1245629206,6863
17749,1245623141,1245630252,7111
17750,1245624002,1245631744,7742
17751,1245625721,1245633455,7734
17752,1245626569,1245635291,8722
17753,1245627161,1245636179,9018
17754,1245629206,1245636299,7093
17755,1245630252,1245637022,6770
17756,1245631744,1245638394,6650
17757,1245633455,1245640254,6799
17758,1245635291,1245641988,6697
17759,1245636179,1245644243,8064
17760,1245636299,1245645563,9264
17761,1245637022,1245646004,8982
17762,1245638394,1245647360,8966
17763,1245640254,1245647935,7681
17764,1245641988,1245648718,6730
17765,1245644243,1245651554,7311
17766,1245645563,1245652458,6895
17767,1245646004,1245652723,6719
17768,1245647360,1245652601,5241
17769,1245647935,1245653315,5380
17770,1245648718,1245653512,4794
17771,1245651554,1245655373,3819
17772,1245652458,1245655909,3451
17773,1245652601,1245656511,3910
17774,1245652723,1245657097,4374
17775,1245653315,1245657481,4166
17776,1245653512,1245657694,4182
17777,1245655373,1245657741,2368
17778,1245655909,1245658938,3029
17779,1245656511,1245660512,4001
17780,1245657097,1245660933,3836
17781,1245657481,1245662674,5193
17782,1245657694,1245662765,5071
17783,1245657741,1245663720,5979
17784,1245658938,1245664471,5533
17785,1245660512,1245664795,4283
17786,1245660933,1245664960,4027
17787,1245662674,1245665981,3307
17788,1245662765,1245666528,3763
17789,1245663720,1245668563,4843
17790,1245664471,1245670184,5713
17791,1245664795,1245672436,7641
17792,1245664960,1245672933,7973
17793,1245665981,1245674342,8361
17794,1245666528,1245675584,9056
17795,1245668563,1245676916,8353
17796,1245670184,1245678201,8017
17797,1245672436,1245680427,7991
17798,1245672933,1245680312,7379
17799,1245674342,1245682747,8405
17800,1245675584,1245684972,9388
17801,1245676916,1245686054,9138
17802,1245678201,1245686583,8382
17803,1245680312,1245687045,6733
17804,1245680427,1245688384,7957
17805,1245682747,1245690382,7635
17806,1245684972,1245692362,7390
17807,1245686054,1245694482,8428
17808,1245686583,1245695640,9057
17809,1245687045,1245697076,10031
17810,1245688384,1245698905,10521
17811,1245690382,1245699581,9199
17812,1245692362,1245699524,7162
17813,1245694482,1245701768,7286
17814,1245695640,1245703938,8298
17815,1245697076,1245704333,7257
17816,1245698905,1245704943,6038
17817,1245699524,1245705351,5827
17818,1245699581,1245707247,7666
17819,1245701768,1245708429,6661
17820,1245703938,1245709317,5379
17821,1245704333,1245710400,6067
17822,1245704943,1245712516,7573
17823,1245705351,1245713933,8582
17824,1245707247,1245716121,8874
17825,1245708429,1245716244,7815
17826,1245709317,1245718484,9167
17827,1245710400,1245719070,8670
17828,1245712516,1245719922,7406
17829,1245713933,1245719727,5794
17830,1245716121,1245721818,5697
17831,1245716244,1245723418,7174
17832,1245718484,1245723935,5451
17833,1245719070,1245724528,5458
17834,1245719727,1245725955,6228
17835,1245719922,1245726210,6288
17836,1245721818,1245727035,5217
17837,1245723418,1245729204,5786
17838,1245723935,1245729577,5642
17839,1245724528,1245731769,7241
17840,1245725955,1245733126,7171
17841,1245726210,1245734335,8125
17842,1245727035,1245734559,7524
17843,1245729204,1245734522,5318
17844,1245729577,1245735261,5684
17845,1245731769,1245735109,3340
17846,1245733126,1245736905,3779
17847,1245734335,1245737195,2860
17848,1245734522,1245737322,2800
17849,1245734559,1245737729,3170
17850,1245735109,1245738181,3072
17851,1245735261,1245739229,3968
17852,1245736905,1245739585,2680
17853,1245737195,1245741697,4502
17854,1245737322,1245743430,6108
17855,1245737729,1245744534,6805
17856,1245738181,1245745321,7140
17857,1245739229,1245746785,7556
17858,1245739585,1245747186,7601
17859,1245741697,1245747152,5455
17860,1245743430,1245747155,3725
17861,1245744534,1245747159,2625
17862,1245745321,1245747804,2483
17863,1245746785,1245749407,2622
17864,1245747152,1245749790,2638
17865,1245747155,1245751585,4430
17866,1245747159,1245753201,6042
17867,1245747186,1245754788,7602
17868,1245747804,1245756904,9100
17869,1245749407,1245758003,8596
17870,1245749790,1245758945,9155
17871,1245751585,1245758989,7404
17872,1245753201,1245760431,7230
17873,1245754788,1245761746,6958
17874,1245756904,1245762968,6064
17875,1245758003,1245763586,5583
17876,1245758945,1245766741,7796
17877,1245758989,1245769446,10457
17878,1245760431,1245770217,9786
17879,1245761746,1245771165,9419
17880,1245762968,1245773744,10776
17881,1245763586,1245775485,11899
17882,1245766741,1245777742,11001
17883,1245769446,1245779176,9730
17884,1245770217,1245781103,10886
17885,1245771165,1245781020,9855
17886,1245773744,1245781731,7987
17887,1245775485,1245782198,6713
17888,1245777742,1245782477,4735
17889,1245779176,1245783304,4128
17890,1245781020,1245785825,4805
17891,1245781103,1245788006,6903
17892,1245781731,1245788559,6828
17893,1245782198,1245789285,7087
17894,1245782477,1245791133,8656
17895,1245783304,1245793241,9937
17896,1245785825,1245795933,10108
17897,1245788006,1245797841,9835
17898,1245788559,1245799182,10623
17899,1245789285,1245799959,10674
17900,1245791133,1245802378,11245
17901,1245793241,1245803719,10478
17902,1245795933,1245805499,9566
17903,1245797841,1245805407,7566
17904,1245799182,1245805633,6451
17905,1245799959,1245806439,6480
17906,1245802378,1245809142,6764
17907,1245803719,1245810226,6507
17908,1245805407,1245810353,4946
17909,1245805499,1245812391,6892
17910,1245805633,1245814581,8948
17911,1245806439,1245816960,10521
17912,1245809142,1245817756,8614
17913,1245810226,1245818809,8583
17914,1245810353,1245819091,8738
17915,1245812391,1245820290,7899
17916,1245814581,1245821479,6898
17917,1245816960,1245822160,5200
17918,1245817756,1245823727,5971
17919,1245818809,1245823766,4957
17920,1245819091,1245824093,5002
17921,1245820290,1245826704,6414
17922,1245821479,1245828550,7071
17923,1245822160,1245829742,7582
17924,1245823727,1245830392,6665
17925,1245823766,1245831119,7353
17926,1245824093,1245831492,7399
17927,1245826704,1245831509,4805
17928,1245828550,1245832164,3614
17929,1245829742,1245833142,3400
17930,1245830392,1245834790,4398
17931,1245831119,1245835781,4662
17932,1245831492,1245836916,5424
17933,1245831509,1245838810,7301
17934,1245832164,1245838816,6652
17935,1245833142,1245839330,6188
17936,1245834790,1245840320,5530
17937,1245835781,1245840862,5081
17938,1245836916,1245842849,5933
17939,1245838810,1245843241,4431
17940,1245838816,1245843246,4430
17941,1245839330,1245843389,4059
17942,1245840320,1245844924,4604
17943,1245840862,1245845268,4406
17944,1245842849,1245845615,2766
17945,1245843241,1245845834,2593
17946,1245843246,1245846203,2957
17947,1245843389,1245847623,4234
17948,1245844924,1245848175,3251
17949,1245845268,1245849644,4376
17950,1245845615,1245850062,4447
17951,1245845834,1245851729,5895
17952,1245846203,1245852679,6476
17953,1245847623,1245852936,5313
17954,1245848175,1245855592,7417
17955,1245849644,1245855910,6266
17956,1245850062,1245857942,7880
17957,1245851729,1245858447,6718
17958,1245852679,1245859258,6579
17959,1245852936,1245860786,7850
17960,1245855592,1245861294,5702
17961,1245855910,1245861347,5437
17962,1245857942,1245863041,5099
17963,1245858447,1245864510,6063
17964,1245859258,1245865602,6344
17965,1245860786,1245865742,4956
17966,1245861294,1245865924,4630
17967,1245861347,1245866860,5513
17968,1245863041,1245867242,4201
17969,1245864510,1245867739,3229
17970,1245865602,1245869497,3895
17971,1245865742,1245871563,5821
17972,1245865924,1245872163,6239
17973,1245866860,1245873513,6653
17974,1245867242,1245873733,6491
17975,1245867739,1245873754,6015
17976,1245869497,1245874125,4628
17977,1245871563,1245874007,2444
17978,1245872163,1245875478,3315
17979,1245873513,1245875378,1865
17980,1245873733,1245875595,1862
17981,1245873754,1245877848,4094
17982,1245874007,1245878082,4075
17983,1245874125,1245879480,5355
17984,1245875378,1245879761,4383
17985,1245875478,1245880192,4714
17986,1245875595,1245881081,5486
17987,1245877848,1245881553,3705
17988,1245878082,1245882617,4535
17989,1245879480,1245882598,3118
17990,1245879761,1245882739,2978
17991,1245880192,1245884127,3935
17992,1245881081,1245885479,4398
17993,1245881553,1245885477,3924
17994,1245882598,1245887772,5174
17995,1245882617,1245889723,7106
17996,1245882739,1245890877,8138
17997,1245884127,1245890720,6593
17998,1245885477,1245890869,5392
17999,1245885479,1245892247,6768
18000,1245887772,1245893505,5733
18001,1245889723,1245895162,5439
18002,1245890720,1245895508,4788
18003,1245890869,1245895795,4926
18004,1245890877,1245896224,5347
18005,1245892247,1245896569,4322
18006,1245893505,1245897552,4047
18007,1245895162,1245897791,2629
18008,1245895508,1245898299,2791
18009,1245895795,1245898828,3033
18010,1245896224,1245901021,4797
18011,1245896569,1245901130,4561
18012,1245897552,1245902166,4614
18013,1245897791,1245902354,4563
18014,1245898299,1245902975,4676
18015,1245898828,1245904641,5813
18016,1245901021,1245907348,6327
18017,1245901130,1245908528,7398
18018,1245902166,1245910582,8416
18019,1245902354,1245910773,8419
18020,1245902975,1245911230,8255
18021,1245904641,1245911325,6684
18022,1245907348,1245912792,5444
18023,1245908528,1245917105,8577
18024,1245910582,1245918537,7955
18025,1245910773,1245918916,8143
18026,1245911230,1245921398,10168
18027,1245911325,1245921800,10475
18028,1245912792,1245923580,10788
18029,1245917105,1245923948,6843
18030,1245918537,1245933941,15404
18031,1245918916,1245939705,20789
18032,1245921398,1245941996,20598
18033,1245921800,1245943495,21695
18034,1245923580,1245945837,22257
18035,1245923948,1245946261,22313
18036,1245933941,1245948794,14853
18037,1245939705,1245949602,9897
18038,1245941996,1245949767,7771
18039,1245943495,1245950735,7240
18040,1245945837,1245951622,5785
18041,1245946261,1245952612,6351
18042,1245948794,1245952515,3721
18043,1245949602,1245954824,5222
18044,1245949767,1245957267,7500
18045,1245950735,1245958052,7317
18046,1245951622,1245959131,7509
18047,1245952515,1245958974,6459
18048,1245952612,1245959954,7342
18049,1245954824,1245961690,6866
18050,1245957267,1245961861,4594
18051,1245958052,1245962018,3966
18052,1245958974,1245962874,3900
18053,1245959131,1245964183,5052
18054,1245959954,1245966681,6727
18055,1245961690,1245967037,5347
18056,1245961861,1245967458,5597
18057,1245962018,1245967690,5672
18058,1245962874,1245969205,6331
18059,1245964183,1245971000,6817
18060,1245966681,1245971956,5275
18061,1245967037,1245972849,5812
18062,1245967458,1245973917,6459
18063,1245967690,1245974582,6892
18064,1245969205,1245976802,7597
18065,1245971000,1245978514,7514
18066,1245971956,1245978732,6776
18067,1245972849,1245979483,6634
18068,1245973917,1245979880,5963
18069,1245974582,1245980708,6126
18070,1245976802,1245981793,4991
18071,1245978514,1245982565,4051
18072,1245978732,1245982915,4183
18073,1245979483,1245983467,3984
18074,1245979880,1245984565,4685
18075,1245980708,1245985755,5047
18076,1245981793,1245986140,4347
18077,1245982565,1245986079,3514
18078,1245982915,1245986309,3394
18079,1245983467,1245987321,3854
18080,1245984565,1245988708,4143
18081,1245985755,1245989401,3646
18082,1245986079,1245991222,5143
18083,1245986140,1245992255,6115
18084,1245986309,1245994623,8314
18085,1245987321,1245994634,7313
18086,1245988708,1245996821,8113
18087,1245989401,1245997552,8151
18088,1245991222,1245998575,7353
18089,1245992255,1246000887,8632
18090,1245994623,1246001068,6445
18091,1245994634,1246001355,6721
18092,1245996821,1246003146,6325
18093,1245997552,1246004571,7019
18094,1245998575,1246005644,7069
18095,1246000887,1246006212,5325
18096,1246001068,1246005994,4926
18097,1246001355,1246007303,5948
18098,1246003146,1246008095,4949
18099,1246004571,1246008115,3544
18100,1246005644,1246008235,2591
18101,1246005994,1246009086,3092
18102,1246006212,1246009180,2968
18103,1246007303,1246010581,3278
18104,1246008095,1246010907,2812
18105,1246008115,1246011351,3236
18106,1246008235,1246011339,3104
18107,1246009086,1246012519,3433
18108,1246009180,1246013851,4671
18109,1246010581,1246015420,4839
18110,1246010907,1246016793,5886
18111,1246011339,1246017737,6398
18112,1246011351,1246019478,8127
18113,1246012519,1246021044,8525
18114,1246013851,1246021581,7730
18115,1246015420,1246022570,7150
18116,1246016793,1246022530,5737
18117,1246017737,1246023375,5638
18118,1246019478,1246024223,4745
18119,1246021044,1246024318,3274
18120,1246021581,1246026052,4471
18121,1246022530,1246026105,3575
18122,1246022570,1246027504,4934
18123,1246023375,1246027959,4584
18124,1246024223,1246031163,6940
18125,1246024318,1246031401,7083
18126,1246026052,1246032710,6658
18127,1246026105,1246033487,7382
18128,1246027504,1246035740,8236
18129,1246027959,1246036989,9030
18130,1246031163,1246038224,7061
18131,1246031401,1246039477,8076
18132,1246032710,1246040491,7781
18133,1246033487,1246041587,8100
18134,1246035740,1246042303,6563
18135,1246036989,1246042883,5894
18136,1246038224,1246042965,4741
18137,1246039477,1246043623,4146
18138,1246040491,1246047632,7141
18139,1246041587,1246048917,7330
18140,1246042303,1246048912,6609
18141,1246042883,1246049584,6701
18142,1246042965,1246050703,7738
18143,1246043623,1246050840,7217
18144,1246047632,1246051973,4341
18145,1246048912,1246052961,4049
18146,1246048917,1246054522,5605
18147,1246049584,1246056830,7246
18148,1246050703,1246058370,7667
18149,1246050840,1246059491,8651
18150,1246051973,1246060003,8030
18151,1246052961,1246060406,7445
18152,1246054522,1246060779,6257
18153,1246056830,1246061392,4562
18154,1246058370,1246061987,3617
18155,1246059491,1246063053,3562
18156,1246060003,1246063021,3018
18157,1246060406,1246063638,3232
18158,1246060779,1246065402,4623
18159,1246061392,1246067490,6098
18160,1246061987,1246068150,6163
18161,1246063021,1246068688,5667
18162,1246063053,1246071013,7960
18163,1246063638,1246072878,9240
18164,1246065402,1246074822,9420
18165,1246067490,1246074767,7277
18166,1246068150,1246075286,7136
18167,1246068688,1246077941,9253
18168,1246071013,1246078855,7842
18169,1246072878,1246079431,6553
18170,1246074767,1246081067,6300
18171,1246074822,1246082327,7505
18172,1246075286,1246082368,7082
18173,1246077941,1246082741,4800
18174,1246078855,1246085013,6158
18175,1246079431,1246087429,7998
18176,1246081067,1246087859,6792
18177,1246082327,1246088284,5957
18178,1246082368,1246088827,6459
18179,1246082741,1246089872,7131
18180,1246085013,1246091621,6608
18181,1246087429,1246092532,5103
18182,1246087859,1246093431,5572
18183,1246088284,1246093473,5189
18184,1246088827,1246094343,5516
18185,1246089872,1246095646,5774
18186,1246091621,1246096378,4757
18187,1246092532,1246096753,4221
18188,1246093431,1246098036,4605
18189,1246093473,1246098880,5407
18190,1246094343,1246099349,5006
18191,1246095646,1246100488,4842
18192,1246096378,1246101094,4716
18193,1246096753,1246101712,4959
18194,1246098036,1246103458,5422
18195,1246098880,1246104497,5617
18196,1246099349,1246106928,7579
18197,1246100488,1246106877,6389
18198,1246101094,1246107427,6333
18199,1246101712,1246109991,8279
18200,1246103458,1246112108,8650
18201,1246104497,1246112552,8055
18202,1246106877,1246113095,6218
18203,1246106928,1246113479,6551
18204,1246107427,1246115034,7607
18205,1246109991,1246115756,5765
18206,1246112108,1246117312,5204
18207,1246112552,1246117343,4791
18208,1246113095,1246118085,4990
18209,1246113479,1246118669,5190
18210,1246115034,1246119675,4641
18211,1246115756,1246120050,4294
18212,1246117312,1246121311,3999
18213,1246117343,1246123519,6176
18214,1246118085,1246123781,5696
18215,1246118669,1246123886,5217
18216,1246119675,1246125614,5939
18217,1246120050,1246127483,7433
18218,1246121311,1246128311,7000
18219,1246123519,1246128441,4922
18220,1246123781,1246128797,5016
18221,1246123886,1246129776,5890
18222,1246125614,1246131995,6381
18223,1246127483,1246133761,6278
18224,1246128311,1246136298,7987
18225,1246128441,1246137307,8866
18226,1246128797,1246137093,8296
18227,1246129776,1246138928,9152
18228,1246131995,1246139580,7585
18229,1246133761,1246139666,5905
18230,1246136298,1246140263,3965
18231,1246137093,1246140847,3754
18232,1246137307,1246141623,4316
18233,1246138928,1246142698,3770
18234,1246139580,1246143812,4232
18235,1246139666,1246145894,6228
18236,1246140263,1246146920,6657
18237,1246140847,1246148770,7923
18238,1246141623,1246149327,7704
18239,1246142698,1246150694,7996
18240,1246143812,1246151834,8022
18241,1246145894,1246153561,7667
18242,1246146920,1246153465,6545
18243,1246148770,1246154963,6193
18244,1246149327,1246155427,6100
18245,1246150694,1246156043,5349
18246,1246151834,1246156817,4983
18247,1246153465,1246157542,4077
18248,1246153561,1246159364,5803
18249,1246154963,1246159327,4364
18250,1246155427,1246160441,5014
18251,1246156043,1246162955,6912
18252,1246156817,1246162960,6143
18253,1246157542,1246169521,11979
18254,1246159327,1246171103,11776
18255,1246159364,1246172683,13319
18256,1246160441,1246173970,13529
18257,1246162955,1246177286,14331
18258,1246162960,1246182058,19098
18259,1246169521,1246188031,18510
18260,1246171103,1246188383,17280
18261,1246172683,1246194279,21596
18262,1246173970,1246196176,22206
18263,1246177286,1246198754,21468
18264,1246182058,1246201790,19732
18265,1246188031,1246208047,20016
18266,1246188383,1246209623,21240
18267,1246194279,1246212369,18090
18268,1246196176,1246213794,17618
18269,1246198754,1246216501,17747
18270,1246201790,1246216945,15155
18271,1246208047,1246219748,11701
18272,1246209623,1246221875,12252
18273,1246212369,1246223005,10636
18274,1246213794,1246223648,9854
18275,1246216501,1246225649,9148
18276,1246216945,1246226151,9206
18277,1246219748,1246226445,6697
18278,1246221875,1246228292,6417
18279,1246223005,1246228702,5697
18280,1246223648,1246229818,6170
18281,1246225649,1246232591,6942
18282,1246226151,1246233556,7405
18283,1246226445,1246234810,8365
18284,1246228292,1246234895,6603
18285,1246228702,1246236966,8264
18286,1246229818,1246237488,7670
18287,1246232591,1246237718,5127
18288,1246233556,1246238284,4728
18289,1246234810,1246239300,4490
18290,1246234895,1246240094,5199
18291,1246236966,1246241441,4475
18292,1246237488,1246242820,5332
18293,1246237718,1246243275,5557
18294,1246238284,1246244304,6020
18295,1246239300,1246244850,5550
18296,1246240094,1246247450,7356
18297,1246241441,1246248653,7212
18298,1246242820,1246249646,6826
18299,1246243275,1246252146,8871
18300,1246244304,1246252082,7778
18301,1246244850,1246252618,7768
18302,1246247450,1246254441,6991
18303,1246248653,1246256417,7764
18304,1246249646,1246257054,7408
18305,1246252082,1246259009,6927
18306,1246252146,1246260077,7931
18307,1246252618,1246261021,8403
18308,1246254441,1246262276,7835
18309,1246256417,1246263605,7188
18310,1246257054,1246263624,6570
18311,1246259009,1246263871,4862
18312,1246260077,1246265366,5289
18313,1246261021,1246267455,6434
18314,1246262276,1246269548,7272
18315,1246263605,1246270592,6987
18316,1246263624,1246270547,6923
18317,1246263871,1246271026,7155
18318,1246265366,1246272352,6986
18319,1246267455,1246274613,7158
18320,1246269548,1246276984,7436
18321,1246270547,1246277842,7295
18322,1246270592,1246278361,7769
18323,1246271026,1246280298,9272
18324,1246272352,1246280104,7752
18325,1246274613,1246280980,6367
18326,1246276984,1246281344,4360
18327,1246277842,1246283695,5853
18328,1246278361,1246285264,6903
18329,1246280104,1246285831,5727
18330,1246280298,1246286586,6288
18331,1246280980,1246287313,6333
18332,1246281344,1246288220,6876
18333,1246283695,1246289367,5672
18334,1246285264,1246290733,5469
18335,1246285831,1246291704,5873
18336,1246286586,1246291675,5089
18337,1246287313,1246292676,5363
18338,1246288220,1246292564,4344
18339,1246289367,1246292764,3397
18340,1246290733,1246294495,3762
18341,1246291675,1246295896,4221
18342,1246291704,1246298111,6407
18343,1246292564,1246298499,5935
18344,1246292676,1246299631,6955
18345,1246292764,1246300391,7627
18346,1246294495,1246300292,5797
18347,1246295896,1246300561,4665
18348,1246298111,1246300937,2826
18349,1246298499,1246303268,4769
18350,1246299631,1246305185,5554
18351,1246300292,1246307841,7549
18352,1246300391,1246308455,8064
18353,1246300561,1246310516,9955
18354,1246300937,1246311221,10284
18355,1246303268,1246313841,10573
18356,1246305185,1246314552,9367
18357,1246307841,1246315119,7278
18358,1246308455,1246315387,6932
18359,1246310516,1246315972,5456
18360,1246311221,1246316791,5570
18361,1246313841,1246316844,3003
18362,1246314552,1246317131,2579
18363,1246315119,1246318134,3015
18364,1246315387,1246319716,4329
18365,1246315972,1246319981,4009
18366,1246316791,1246322060,5269
18367,1246316844,1246322832,5988
18368,1246317131,1246323114,5983
18369,1246318134,1246323817,5683
18370,1246319716,1246326215,6499
18371,1246319981,1246327090,7109
18372,1246322060,1246328223,6163
18373,1246322832,1246328943,6111
18374,1246323114,1246330419,7305
18375,1246323817,1246330826,7009
18376,1246326215,1246331215,5000
18377,1246327090,1246332607,5517
18378,1246328223,1246334661,6438
18379,1246328943,1246336653,7710
18380,1246330419,1246337539,7120
18381,1246330826,1246337914,7088
18382,1246331215,1246339440,8225
18383,1246332607,1246341467,8860
18384,1246334661,1246342185,7524
18385,1246336653,1246341973,5320
18386,1246337539,1246344838,7299
18387,1246337914,1246345739,7825
18388,1246339440,1246348308,8868
18389,1246341467,1246349444,7977
18390,1246341973,1246350702,8729
18391,1246342185,1246350737,8552
18392,1246344838,1246351306,6468
18393,1246345739,1246351886,6147
18394,1246348308,1246352682,4374
18395,1246349444,1246353629,4185
18396,1246350702,1246354753,4051
18397,1246350737,1246356033,5296
18398,1246351306,1246358061,6755
18399,1246351886,1246358773,6887
18400,1246352682,1246360126,7444
18401,1246353629,1246361760,8131
18402,1246354753,1246362472,7719
18403,1246356033,1246363039,7006
18404,1246358061,1246364650,6589
18405,1246358773,1246366638,7865
18406,1246360126,1246366758,6632
18407,1246361760,1246367834,6074
18408,1246362472,1246368014,5542
18409,1246363039,1246368989,5950
18410,1246364650,1246369515,4865
18411,1246366638,1246369856,3218
18412,1246366758,1246370168,3410
18413,1246367834,1246371475,3641
18414,1246368014,1246371666,3652
18415,1246368989,1246372282,3293
18416,1246369515,1246372747,3232
18417,1246369856,1246373319,3463
18418,1246370168,1246373682,3514
18419,1246371475,1246374952,3477
18420,1246371666,1246376001,4335
18421,1246372282,1246377647,5365
18422,1246372747,1246378702,5955
18423,1246373319,1246380160,6841
18424,1246373682,1246380548,6866
18425,1246374952,1246381133,6181
18426,1246376001,1246381887,5886
18427,1246377647,1246382977,5330
18428,1246378702,1246384819,6117
18429,1246380160,1246385293,5133
18430,1246380548,1246385561,5013
18431,1246381133,1246385805,4672
18432,1246381887,1246385999,4112
18433,1246382977,1246386207,3230
18434,1246384819,1246386772,1953
18435,1246385293,1246387426,2133
18436,1246385561,1246389548,3987
18437,1246385805,1246391074,5269
18438,1246385999,1246391574,5575
18439,1246386207,1246394337,8130
18440,1246386772,1246395754,8982
18441,1246387426,1246396018,8592
18442,1246389548,1246396733,7185
18443,1246391074,1246397867,6793
18444,1246391574,1246399167,7593
18445,1246394337,1246400389,6052
18446,1246395754,1246401647,5893
18447,1246396018,1246401784,5766
18448,1246396733,1246402829,6096
18449,1246397867,1246404556,6689
18450,1246399167,1246405838,6671
18451,1246400389,1246407355,6966
18452,1246401647,1246407721,6074
18453,1246401784,1246407868,6084
18454,1246402829,1246407985,5156
18455,1246404556,1246409793,5237
18456,1246405838,1246412497,6659
18457,1246407355,1246414998,7643
18458,1246407721,1246415858,8137
18459,1246407868,1246416583,8715
18460,1246407985,1246417608,9623
18461,1246409793,1246417804,8011
18462,1246412497,1246418599,6102
18463,1246414998,1246418881,3883
18464,1246415858,1246419512,3654
18465,1246416583,1246420779,4196
18466,1246417608,1246421157,3549
18467,1246417804,1246421606,3802
18468,1246418599,1246422656,4057
18469,1246418881,1246423536,4655
18470,1246419512,1246423882,4370
18471,1246420779,1246424732,3953
18472,1246421157,1246424857,3700
18473,1246421606,1246425552,3946
18474,1246422656,1246425718,3062
18475,1246423536,1246427506,3970
18476,1246423882,1246429635,5753
18477,1246424732,1246430520,5788
18478,1246424857,1246431865,7008
18479,1246425552,1246433339,7787
18480,1246425718,1246435588,9870
18481,1246427506,1246436288,8782
18482,1246429635,1246438238,8603
18483,1246430520,1246438874,8354
18484,1246431865,1246440772,8907
18485,1246433339,1246441418,8079
18486,1246435588,1246442782,7194
18487,1246436288,1246443084,6796
18488,1246438238,1246443992,5754
18489,1246438874,1246444866,5992
18490,1246440772,1246445888,5116
18491,1246441418,1246447697,6279
18492,1246442782,1246448388,5606
18493,1246443084,1246449214,6130
18494,1246443992,1246449830,5838
18495,1246444866,1246450292,5426
18496,1246445888,1246451753,5865
18497,1246447697,1246452197,4500
18498,1246448388,1246453653,5265
18499,1246449214,1246453833,4619
18500,1246449830,1246454247,4417
18501,1246450292,1246454492,4200
18502,1246451753,1246455193,3440
18503,1246452197,1246457829,5632
18504,1246453653,1246459233,5580
18505,1246453833,1246459340,5507
18506,1246454247,1246460330,6083
18507,1246454492,1246462215,7723
18508,1246455193,1246463886,8693
18509,1246457829,1246465286,7457
18510,1246459233,1246466950,7717
18511,1246459340,1246469268,9928
18512,1246460330,1246470700,10370
18513,1246462215,1246471922,9707
18514,1246463886,1246472760,8874
18515,1246465286,1246474624,9338
18516,1246466950,1246476719,9769
18517,1246469268,1246478971,9703
18518,1246470700,1246480362,9662
18519,1246471922,1246480952,9030
18520,1246472760,1246483208,10448
18521,1246474624,1246484354,9730
18522,1246476719,1246485677,8958
18523,1246478971,1246488420,9449
18524,1246480362,1246490086,9724
18525,1246480952,1246492916,11964
18526,1246483208,1246493594,10386
18527,1246484354,1246494216,9862
18528,1246485677,1246495908,10231
18529,1246488420,1246495930,7510
18530,1246490086,1246496844,6758
18531,1246492916,1246497990,5074
18532,1246493594,1246498382,4788
18533,1246494216,1246498915,4699
18534,1246495908,1246500460,4552
18535,1246495930,1246501357,5427
18536,1246496844,1246502368,5524
18537,1246497990,1246503702,5712
18538,1246498382,1246505710,7328
18539,1246498915,1246506105,7190
18540,1246500460,1246506709,6249
18541,1246501357,1246507519,6162
18542,1246502368,1246509585,7217
18543,1246503702,1246510830,7128
18544,1246505710,1246511108,5398
18545,1246506105,1246511620,5515
18546,1246506709,1246513572,6863
18547,1246507519,1246514680,7161
18548,1246509585,1246514717,5132
18549,1246510830,1246515581,4751
18550,1246511108,1246515944,4836
18551,1246511620,1246517482,5862
18552,1246513572,1246519240,5668
18553,1246514680,1246519639,4959
18554,1246514717,1246521664,6947
18555,1246515581,1246523733,8152
18556,1246515944,1246525897,9953
18557,1246517482,1246527584,10102
18558,1246519240,1246528103,8863
18559,1246519639,1246528415,8776
18560,1246521664,1246530777,9113
18561,1246523733,1246531006,7273
18562,1246525897,1246533192,7295
18563,1246527584,1246533517,5933
18564,1246528103,1246533987,5884
18565,1246528415,1246534471,6056
18566,1246530777,1246535082,4305
18567,1246531006,1246535643,4637
18568,1246533192,1246537211,4019
18569,1246533517,1246538037,4520
18570,1246533987,1246540434,6447
18571,1246534471,1246541817,7346
18572,1246535082,1246543335,8253
18573,1246535643,1246543514,7871
18574,1246537211,1246544519,7308
18575,1246538037,1246546871,8834
18576,1246540434,1246549110,8676
18577,1246541817,1246550612,8795
18578,1246543335,1246550787,7452
18579,1246543514,1246550863,7349
18580,1246544519,1246552548,8029
18581,1246546871,1246554327,7456
18582,1246549110,1246554570,5460
18583,1246550612,1246555832,5220
18584,1246550787,1246556706,5919
18585,1246550863,1246556774,5911
18586,1246552548,1246558956,6408
18587,1246554327,1246561066,6739
18588,1246554570,1246561299,6729
18589,1246555832,1246561420,5588
18590,1246556706,1246561757,5051
18591,1246556774,1246563049,6275
18592,1246558956,1246563810,4854
18593,1246561066,1246565017,3951
18594,1246561299,1246565368,4069
18595,1246561420,1246567196,5776
18596,1246561757,1246567180,5423
18597,1246563049,1246567816,4767
18598,1246563810,1246569042,5232
18599,1246565017,1246571521,6504
18600,1246565368,1246571560,6192
18601,1246567180,1246571739,4559
18602,1246567196,1246573888,6692
18603,1246567816,1246573919,6103
18604,1246569042,1246575749,6707
18605,1246571521,1246576355,4834
18606,1246571560,1246576472,4912
18607,1246571739,1246578170,6431
18608,1246573888,1246579915,6027
18609,1246573919,1246580419,6500
18610,1246575749,1246580766,5017
18611,1246576355,1246581998,5643
18612,1246576472,1246583149,6677
18613,1246578170,1246584849,6679
18614,1246579915,1246585718,5803
18615,1246580419,1246587183,6764
18616,1246580766,1246587733,6967
18617,1246581998,1246588307,6309
18618,1246583149,1246589120,5971
18619,1246584849,1246589864,5015
18620,1246585718,1246590249,4531
18621,1246587183,1246590307,3124
18622,1246587733,1246592641,4908
18623,1246588307,1246593296,4989
18624,1246589120,1246595119,5999
18625,1246589864,1246597302,7438
18626,1246590249,1246597334,7085
18627,1246590307,1246597546,7239
18628,1246592641,1246599135,6494
18629,1246593296,1246601434,8138
18630,1246595119,1246603151,8032
18631,1246597302,1246604165,6863
18632,1246597334,1246606848,9514
18633,1246597546,1246608321,10775
18634,1246599135,1246611144,12009
18635,1246601434,1246612003,10569
18636,1246603151,1246612985,9834
18637,1246604165,1246615532,11367
18638,1246606848,1246616301,9453
18639,1246608321,1246617167,8846
18640,1246611144,1246617358,6214
18641,1246612003,1246618001,5998
18642,1246612985,1246619371,6386
18643,1246615532,1246620610,5078
18644,1246616301,1246622726,6425
18645,1246617167,1246622853,5686
18646,1246617358,1246625423,8065
18647,1246618001,1246626218,8217
18648,1246619371,1246626500,7129
18649,1246620610,1246627178,6568
18650,1246622726,1246628021,5295
18651,1246622853,1246628844,5991
18652,1246625423,1246629164,3741
18653,1246626218,1246629790,3572
18654,1246626500,1246629842,3342
18655,1246627178,1246630583,3405
18656,1246628021,1246631683,3662
18657,1246628844,1246632498,3654
18658,1246629164,1246633482,4318
18659,1246629790,1246634031,4241
18660,1246629842,1246634471,4629
18661,1246630583,1246634730,4147
18662,1246631683,1246635662,3979
18663,1246632498,1246637151,4653
18664,1246633482,1246639539,6057
18665,1246634031,1246640513,6482
18666,1246634471,1246641596,7125
18667,1246634730,1246641974,7244
18668,1246635662,1246643523,7861
18669,1246637151,1246644932,7781
18670,1246639539,1246645120,5581
18671,1246640513,1246645638,5125
18672,1246641596,1246645800,4204
18673,1246641974,1246646228,4254
18674,1246643523,1246647056,3533
18675,1246644932,1246648562,3630
18676,1246645120,1246648639,3519
18677,1246645638,1246650632,4994
18678,1246645800,1246652802,7002
18679,1246646228,1246655378,9150
18680,1246647056,1246656873,9817
18681,1246648562,1246658197,9635
18682,1246648639,1246658432,9793
18683,1246650632,1246659879,9247
18684,1246652802,1246660522,7720
18685,1246655378,1246661101,5723
18686,1246656873,1246661823,4950
18687,1246658197,1246661945,3748
18688,1246658432,1246662717,4285
18689,1246659879,1246663786,3907
18690,1246660522,1246666441,5919
18691,1246661101,1246667979,6878
18692,1246661823,1246668609,6786
18693,1246661945,1246668913,6968
18694,1246662717,1246670204,7487
18695,1246663786,1246670259,6473
18696,1246666441,1246670810,4369
18697,1246667979,1246671251,3272
18698,1246668609,1246671619,3010
18699,1246668913,1246672356,3443
18700,1246670204,1246674701,4497
18701,1246670259,1246674754,4495
18702,1246670810,1246676377,5567
18703,1246671251,1246677503,6252
18704,1246671619,1246677947,6328
18705,1246672356,1246678748,6392
18706,1246674701,1246679647,4946
18707,1246674754,1246679943,5189
18708,1246676377,1246681203,4826
18709,1246677503,1246681690,4187
18710,1246677947,1246683404,5457
18711,1246678748,1246685184,6436
18712,1246679647,1246686258,6611
18713,1246679943,1246686829,6886
18714,1246681203,1246687454,6251
18715,1246681690,1246688612,6922
18716,1246683404,1246689319,5915
18717,1246685184,1246689547,4363
18718,1246686258,1246691688,5430
18719,1246686829,1246692472,5643
18720,1246687454,1246692499,5045
18721,1246688612,1246693244,4632
18722,1246689319,1246695907,6588
18723,1246689547,1246696911,7364
18724,1246691688,1246697745,6057
18725,1246692472,1246698674,6202
18726,1246692499,1246699140,6641
18727,1246693244,1246699618,6374
18728,1246695907,1246702449,6542
18729,1246696911,1246703170,6259
18730,1246697745,1246705544,7799
18731,1246698674,1246705624,6950
18732,1246699140,1246707857,8717
18733,1246699618,1246708073,8455
18734,1246702449,1246709864,7415
18735,1246703170,1246710064,6894
18736,1246705544,1246711242,5698
18737,1246705624,1246712939,7315
18738,1246707857,1246713632,5775
18739,1246708073,1246715795,7722
18740,1246709864,1246716181,6317
18741,1246710064,1246716996,6932
18742,1246711242,1246717742,6500
18743,1246712939,1246718334,5395
18744,1246713632,1246718955,5323
18745,1246715795,1246720575,4780
18746,1246716181,1246721468,5287
18747,1246716996,1246722653,5657
18748,1246717742,1246724262,6520
18749,1246718334,1246724813,6479
18750,1246718955,1246725014,6059
18751,1246720575,1246725812,5237
18752,1246721468,1246726685,5217
18753,1246722653,1246728162,5509
18754,1246724262,1246728225,3963
18755,1246724813,1246730154,5341
18756,1246725014,1246730753,5739
18757,1246725812,1246730957,5145
18758,1246726685,1246731749,5064
18759,1246728162,1246731946,3784
18760,1246728225,1246733538,5313
18761,1246730154,1246733846,3692
18762,1246730753,1246733898,3145
18763,1246730957,1246733997,3040
18764,1246731749,1246735052,3303
18765,1246731946,1246735965,4019
18766,1246733538,1246736238,2700
18767,1246733846,1246736605,2759
18768,1246733898,1246736935,3037
18769,1246733997,1246738874,4877
18770,1246735052,1246740484,5432
18771,1246735965,1246741862,5897
18772,1246736238,1246742298,6060
18773,1246736605,1246744818,8213
18774,1246736935,1246745682,8747
18775,1246738874,1246746121,7247
18776,1246740484,1246747370,6886
18777,1246741862,1246748420,6558
18778,1246742298,1246750964,8666
18779,1246744818,1246752257,7439
18780,1246745682,1246753047,7365
18781,1246746121,1246753616,7495
18782,1246747370,1246754240,6870
18783,1246748420,1246754664,6244
18784,1246750964,1246756886,5922
18785,1246752257,1246757379,5122
18786,1246753047,1246759234,6187
18787,1246753616,1246760970,7354
18788,1246754240,1246761066,6826
18789,1246754664,1246762644,7980
18790,1246756886,1246763635,6749
18791,1246757379,1246763825,6446
18792,1246759234,1246764593,5359
18793,1246760970,1246764977,4007
18794,1246761066,1246766306,5240
18795,1246762644,1246766805,4161
18796,1246763635,1246768189,4554
18797,1246763825,1246770411,6586
18798,1246764593,1246771292,6699
18799,1246764977,1246771430,6453
18800,1246766306,1246772851,6545
18801,1246766805,1246773610,6805
18802,1246768189,1246774575,6386
18803,1246770411,1246774626,4215
18804,1246771292,1246777247,5955
18805,1246771430,1246777963,6533
18806,1246772851,1246780397,7546
18807,1246773610,1246780731,7121
18808,1246774575,1246781819,7244
18809,1246774626,1246783679,9053
18810,1246777247,1246784492,7245
18811,1246777963,1246785868,7905
18812,1246780397,1246786949,6552
18813,1246780731,1246788078,7347
18814,1246781819,1246788980,7161
18815,1246783679,1246791518,7839
18816,1246784492,1246793948,9456
18817,1246785868,1246795605,9737
18818,1246786949,1246796064,9115
18819,1246788078,1246796735,8657
18820,1246788980,1246799400,10420
18821,1246791518,1246799824,8306
18822,1246793948,1246800126,6178
18823,1246795605,1246802247,6642
18824,1246796064,1246804117,8053
18825,1246796735,1246804089,7354
18826,1246799400,1246804410,5010
18827,1246799824,1246806560,6736
18828,1246800126,1246806714,6588
18829,1246802247,1246807659,5412
18830,1246804089,1246808994,4905
18831,1246804117,1246811175,7058
18832,1246804410,1246811593,7183
18833,1246806560,1246813120,6560
18834,1246806714,1246813167,6453
18835,1246807659,1246814756,7097
18836,1246808994,1246816524,7530
18837,1246811175,1246816974,5799
18838,1246811593,1246818192,6599
18839,1246813120,1246820458,7338
18840,1246813167,1246821516,8349
18841,1246814756,1246821932,7176
18842,1246816524,1246824615,8091
18843,1246816974,1246826849,9875
18844,1246818192,1246827290,9098
18845,1246820458,1246827377,6919
18846,1246821516,1246828534,7018
18847,1246821932,1246829696,7764
18848,1246824615,1246830636,6021
18849,1246826849,1246831993,5144
18850,1246827290,1246832355,5065
18851,1246827377,1246833412,6035
18852,1246828534,1246833750,5216
18853,1246829696,1246834517,4821
18854,1246830636,1246835411,4775
18855,1246831993,1246835905,3912
18856,1246832355,1246837254,4899
18857,1246833412,1246837364,3952
18858,1246833750,1246840062,6312
18859,1246834517,1246840762,6245
18860,1246835411,1246841821,6410
18861,1246835905,1246843406,7501
18862,1246837254,1246846131,8877
18863,1246837364,1246846699,9335
18864,1246840062,1246849211,9149
18865,1246840762,1246850042,9280
18866,1246841821,1246850495,8674
18867,1246843406,1246851106,7700
18868,1246846131,1246852302,6171
18869,1246846699,1246853020,6321
18870,1246849211,1246853311,4100
18871,1246850042,1246853989,3947
18872,1246850495,1246855039,4544
18873,1246851106,1246855464,4358
18874,1246852302,1246855893,3591
18875,1246853020,1246856716,3696
18876,1246853311,1246858221,4910
18877,1246853989,1246858537,4548
18878,1246855039,1246858929,3890
18879,1246855464,1246861296,5832
18880,1246855893,1246861769,5876
18881,1246856716,1246862091,5375
18882,1246858221,1246862174,3953
18883,1246858537,1246862510,3973
18884,1246858929,1246863627,4698
18885,1246861296,1246865072,3776
18886,1246861769,1246865377,3608
18887,1246862091,1246866463,4372
18888,1246862174,1246866903,4729
18889,1246862510,1246867748,5238
18890,1246863627,1246869085,5458
18891,1246865072,1246869165,4093
18892,1246865377,1246871912,6535
18893,1246866463,1246873062,6599
18894,1246866903,1246874458,7555
18895,1246867748,1246875389,7641
18896,1246869085,1246875536,6451
18897,1246869165,1246875893,6728
18898,1246871912,1246876956,5044
18899,1246873062,1246879068,6006
18900,1246874458,1246879284,4826
18901,1246875389,1246880413,5024
18902,1246875536,1246880783,5247
18903,1246875893,1246880991,5098
18904,1246876956,1246882359,5403
18905,1246879068,1246883824,4756
18906,1246879284,1246884949,5665
18907,1246880413,1246886725,6312
18908,1246880783,1246886966,6183
18909,1246880991,1246887016,6025
18910,1246882359,1246889309,6950
18911,1246883824,1246890071,6247
18912,1246884949,1246890200,5251
18913,1246886725,1246890514,3789
18914,1246886966,1246890557,3591
18915,1246887016,1246892424,5408
18916,1246889309,1246892708,3399
18917,1246890071,1246894354,4283
18918,1246890200,1246895336,5136
18919,1246890514,1246896525,6011
18920,1246890557,1246898486,7929
18921,1246892424,1246899015,6591
18922,1246892708,1246899777,7069
18923,1246894354,1246900319,5965
18924,1246895336,1246901640,6304
18925,1246896525,1246901974,5449
18926,1246898486,1246901985,3499
18927,1246899015,1246902564,3549
18928,1246899777,1246903707,3930
18929,1246900319,1246904295,3976
18930,1246901640,1246905567,3927
18931,1246901974,1246906014,4040
18932,1246901985,1246906304,4319
18933,1246902564,1246908331,5767
18934,1246903707,1246910999,7292
18935,1246904295,1246913200,8905
18936,1246905567,1246913479,7912
18937,1246906014,1246915491,9477
18938,1246906304,1246916590,10286
18939,1246908331,1246918183,9852
18940,1246910999,1246920139,9140
18941,1246913200,1246922552,9352
18942,1246913479,1246924897,11418
18943,1246915491,1246925888,10397
18944,1246916590,1246928333,11743
18945,1246918183,1246929460,11277
18946,1246920139,1246930357,10218
18947,1246922552,1246931455,8903
18948,1246924897,1246933173,8276
18949,1246925888,1246935126,9238
18950,1246928333,1246937856,9523
18951,1246929460,1246939217,9757
18952,1246930357,1246939572,9215
18953,1246931455,1246939837,8382
18954,1246933173,1246940263,7090
18955,1246935126,1246941381,6255
18956,1246937856,1246942356,4500
18957,1246939217,1246944832,5615
18958,1246939572,1246946904,7332
18959,1246939837,1246947877,8040
18960,1246940263,1246947954,7691
18961,1246941381,1246948562,7181
18962,1246942356,1246950071,7715
18963,1246944832,1246950393,5561
18964,1246946904,1246950449,3545
18965,1246947877,1246951963,4086
18966,1246947954,1246953000,5046
18967,1246948562,1246954085,5523
18968,1246950071,1246956007,5936
18969,1246950393,1246958425,8032
18970,1246950449,1246960953,10504
18971,1246951963,1246963022,11059
18972,1246953000,1246964421,11421
18973,1246954085,1246965690,11605
18974,1246956007,1246968290,12283
18975,1246958425,1246970669,12244
18976,1246960953,1246971148,10195
18977,1246963022,1246973468,10446
18978,1246964421,1246975591,11170
18979,1246965690,1246975943,10253
18980,1246968290,1246976757,8467
18981,1246970669,1246979509,8840
18982,1246971148,1246980905,9757
18983,1246973468,1246982369,8901
18984,1246975591,1246982620,7029
18985,1246975943,1246983572,7629
18986,1246976757,1246985485,8728
18987,1246979509,1246985694,6185
18988,1246980905,1246986816,5911
18989,1246982369,1246987983,5614
18990,1246982620,1246989359,6739
18991,1246983572,1246990442,6870
18992,1246985485,1246991789,6304
18993,1246985694,1246992912,7218
18994,1246986816,1246994688,7872
18995,1246987983,1246995329,7346
18996,1246989359,1246995543,6184
18997,1246990442,1246995892,5450
18998,1246991789,1246996895,5106
18999,1246992912,1246997049,4137
19000,1246994688,1246998024,3336
19001,1246995329,1246999261,3932
19002,1246995543,1246999984,4441
19003,1246995892,1247001623,5731
19004,1246996895,1247002674,5779
19005,1246997049,1247002958,5909
19006,1246998024,1247004884,6860
19007,1246999261,1247004992,5731
19008,1246999984,1247007536,7552
19009,1247001623,1247008360,6737
19010,1247002674,1247011014,8340
19011,1247002958,1247012708,9750
19012,1247004884,1247012733,7849
19013,1247004992,1247013192,8200
19014,1247007536,1247014256,6720
19015,1247008360,1247015089,6729
19016,1247011014,1247016024,5010
19017,1247012708,1247017899,5191
19018,1247012733,1247018926,6193
19019,1247013192,1247020436,7244
19020,1247014256,1247020556,6300
19021,1247015089,1247021173,6084
19022,1247016024,1247022082,6058
19023,1247017899,1247022410,4511
19024,1247018926,1247022609,3683
19025,1247020436,1247022848,2412
19026,1247020556,1247023886,3330
19027,1247021173,1247025046,3873
19028,1247022082,1247025818,3736
19029,1247022410,1247028195,5785
19030,1247022609,1247029619,7010
19031,1247022848,1247031567,8719
19032,1247023886,1247032832,8946
19033,1247025046,1247034102,9056
19034,1247025818,1247035417,9599
19035,1247028195,1247036235,8040
19036,1247029619,1247036394,6775
19037,1247031567,1247037935,6368
19038,1247032832,1247038289,5457
19039,1247034102,1247038566,4464
19040,1247035417,1247039605,4188
19041,1247036235,1247041993,5758
19042,1247036394,1247042620,6226
19043,1247037935,1247043710,5775
19044,1247038289,1247045451,7162
19045,1247038566,1247048010,9444
19046,1247039605,1247049623,10018
19047,1247041993,1247050484,8491
19048,1247042620,1247051053,8433
19049,1247043710,1247051671,7961
19050,1247045451,1247052679,7228
19051,1247048010,1247054099,6089
19052,1247049623,1247054721,5098
19053,1247050484,1247054838,4354
19054,1247051053,1247055885,4832
19055,1247051671,1247056385,4714
19056,1247052679,1247057779,5100
19057,1247054099,1247060294,6195
19058,1247054721,1247061342,6621
19059,1247054838,1247063988,9150
19060,1247055885,1247065456,9571
19061,1247056385,1247066523,10138
19062,1247057779,1247068146,10367
19063,1247060294,1247068985,8691
19064,1247061342,1247069380,8038
19065,1247063988,1247069288,5300
19066,1247065456,1247070172,4716
19067,1247066523,1247071130,4607
19068,1247068146,1247071474,3328
19069,1247068985,1247073906,4921
19070,1247069288,1247075028,5740
19071,1247069380,1247077296,7916
19072,1247070172,1247079170,8998
19073,1247071130,1247081874,10744
19074,1247071474,1247084028,12554
19075,1247073906,1247084776,10870
19076,1247075028,1247085717,10689
19077,1247077296,1247086633,9337
19078,1247079170,1247088232,9062
19079,1247081874,1247089167,7293
19080,1247084028,1247090533,6505
19081,1247084776,1247092013,7237
19082,1247085717,1247092829,7112
19083,1247086633,1247095454,8821
19084,1247088232,1247097441,9209
19085,1247089167,1247098082,8915
19086,1247090533,1247099291,8758
19087,1247092013,1247101018,9005
19088,1247092829,1247102727,9898
19089,1247095454,1247103567,8113
19090,1247097441,1247104606,7165
19091,1247098082,1247106978,8896
19092,1247099291,1247108104,8813
19093,1247101018,1247108589,7571
19094,1247102727,1247109243,6516
19095,1247103567,1247109677,6110
19096,1247104606,1247109862,5256
19097,1247106978,1247110723,3745
19098,1247108104,1247112378,4274
19099,1247108589,1247112951,4362
19100,1247109243,1247113340,4097
19101,1247109677,1247113658,3981
19102,1247109862,1247115921,6059
19103,1247110723,1247116975,6252
19104,1247112378,1247118974,6596
19105,1247112951,1247118795,5844
19106,1247113340,1247120531,7191
19107,1247113658,1247121647,7989
19108,1247115921,1247121987,6066
19109,1247116975,1247122042,5067
19110,1247118795,1247123077,4282
19111,1247118974,1247124123,5149
19112,1247120531,1247126290,5759
19113,1247121647,1247126939,5292
19114,1247121987,1247127989,6002
19115,1247122042,1247130524,8482
19116,1247123077,1247131996,8919
19117,1247124123,1247132724,8601
19118,1247126290,1247134673,8383
19119,1247126939,1247134798,7859
19120,1247127989,1247134915,6926
19121,1247130524,1247135478,4954
19122,1247131996,1247135825,3829
19123,1247132724,1247136862,4138
19124,1247134673,1247138000,3327
19125,1247134798,1247138953,4155
19126,1247134915,1247138962,4047
19127,1247135478,1247140382,4904
19128,1247135825,1247142149,6324
19129,1247136862,1247144079,7217
19130,1247138000,1247144726,6726
19131,1247138953,1247145322,6369
19132,1247138962,1247145611,6649
19133,1247140382,1247146439,6057
19134,1247142149,1247147060,4911
19135,1247144079,1247147228,3149
19136,1247144726,1247148949,4223
19137,1247145322,1247151127,5805
19138,1247145611,1247153016,7405
19139,1247146439,1247153483,7044
19140,1247147060,1247153620,6560
19141,1247147228,1247154023,6795
19142,1247148949,1247155036,6087
19143,1247151127,1247155004,3877
19144,1247153016,1247155645,2629
19145,1247153483,1247155942,2459
19146,1247153620,1247157521,3901
19147,1247154023,1247157812,3789
19148,1247155004,1247158273,3269
19149,1247155036,1247158695,3659
19150,1247155645,1247160739,5094
19151,1247155942,1247162725,6783
19152,1247157521,1247164516,6995
19153,1247157812,1247165127,7315
19154,1247158273,1247166433,8160
19155,1247158695,1247167257,8562
19156,1247160739,1247168219,7480
19157,1247162725,1247168585,5860
19158,1247164516,1247168483,3967
19159,1247165127,1247169584,4457
19160,1247166433,1247170073,3640
19161,1247167257,1247171020,3763
19162,1247168219,1247172284,4065
19163,1247168483,1247173148,4665
19164,1247168585,1247175472,6887
19165,1247169584,1247177064,7480
19166,1247170073,1247178462,8389
19167,1247171020,1247180575,9555
19168,1247172284,1247182265,9981
19169,1247173148,1247182674,9526
19170,1247175472,1247183669,8197
19171,1247177064,1247185230,8166
19172,1247178462,1247185312,6850
19173,1247180575,1247187615,7040
19174,1247182265,1247189928,7663
19175,1247182674,1247189860,7186
19176,1247183669,1247190957,7288
19177,1247185230,1247192004,6774
19178,1247185312,1247192661,7349
19179,1247187615,1247193670,6055
19180,1247189860,1247194427,4567
19181,1247189928,1247194993,5065
19182,1247190957,1247196047,5090
19183,1247192004,1247196655,4651
19184,1247192661,1247198147,5486
19185,1247193670,1247199035,5365
19186,1247194427,1247199278,4851
19187,1247194993,1247199810,4817
19188,1247196047,1247200031,3984
19189,1247196655,1247200609,3954
19190,1247198147,1247200619,2472
19191,1247199035,1247201050,2015
19192,1247199278,1247201339,2061
19193,1247199810,1247203230,3420
19194,1247200031,1247204621,4590
19195,1247200609,1247206934,6325
19196,1247200619,1247207160,6541
19197,1247201050,1247208785,7735
19198,1247201339,1247209125,7786
19199,1247203230,1247209618,6388
19200,1247204621,1247211061,6440
19201,1247206934,1247212565,5631
19202,1247207160,1247212721,5561
19203,1247208785,1247213714,4929
19204,1247209125,1247216258,7133
19205,1247209618,1247216988,7370
19206,1247211061,1247217829,6768
19207,1247212565,1247218349,5784
19208,1247212721,1247219560,6839
19209,1247213714,1247220706,6992
19210,1247216258,1247223492,7234
19211,1247216988,1247225971,8983
19212,1247217829,1247226749,8920
19213,1247218349,1247226652,8303
19214,1247219560,1247228880,9320
19215,1247220706,1247231115,10409
19216,1247223492,1247231869,8377
19217,1247225971,1247233365,7394
19218,1247226652,1247234354,7702
19219,1247226749,1247234572,7823
19220,1247228880,1247234988,6108
19221,1247231115,1247235328,4213
19222,1247231869,1247235810,3941
19223,1247233365,1247237059,3694
19224,1247234354,1247238143,3789
19225,1247234572,1247239103,4531
19226,1247234988,1247241024,6036
19227,1247235328,1247241570,6242
19228,1247235810,1247242271,6461
19229,1247237059,1247244088,7029
19230,1247238143,1247244285,6142
19231,1247239103,1247245876,6773
19232,1247241024,1247246257,5233
19233,1247241570,1247248848,7278
19234,1247242271,1247251466,9195
19235,1247244088,1247252065,7977
19236,1247244285,1247252763,8478
19237,1247245876,1247254998,9122
19238,1247246257,1247256005,9748
19239,1247248848,1247257666,8818
19240,1247251466,1247259585,8119
19241,1247252065,1247260607,8542
19242,1247252763,1247260733,7970
19243,1247254998,1247261815,6817
19244,1247256005,1247261854,5849
19245,1247257666,1247262068,4402
19246,1247259585,1247263193,3608
19247,1247260607,1247264503,3896
19248,1247260733,1247266615,5882
19249,1247261815,1247267938,6123
19250,1247261854,1247268321,6467
19251,1247262068,1247268781,6713
19252,1247263193,1247271499,8306
19253,1247264503,1247272678,8175
19254,1247266615,1247272677,6062
19255,1247267938,1247275005,7067
19256,1247268321,1247275759,7438
19257,1247268781,1247278085,9304
19258,1247271499,1247279078,7579
19259,1247272677,1247280795,8118
19260,1247272678,1247280728,8050
19261,1247275005,1247280911,5906
19262,1247275759,1247281534,5775
19263,1247278085,1247282706,4621
19264,1247279078,1247283794,4716
19265,1247280728,1247284681,3953
19266,1247280795,1247286797,6002
19267,1247280911,1247287164,6253
19268,1247281534,1247286948,5414
19269,1247282706,1247288292,5586
19270,1247283794,1247288379,4585
19271,1247284681,1247288761,4080
19272,1247286797,1247288876,2079
19273,1247286948,1247288949,2001
19274,1247287164,1247289274,2110
19275,1247288292,1247290655,2363
19276,1247288379,1247291350,2971
19277,1247288761,1247292469,3708
19278,1247288876,1247292831,3955
19279,1247288949,1247295407,6458
19280,1247289274,1247295821,6547
19281,1247290655,1247296489,5834
19282,1247291350,1247296645,5295
19283,1247292469,1247298512,6043
19284,1247292831,1247299470,6639
19285,1247295407,1247299888,4481
19286,1247295821,1247300665,4844
19287,1247296489,1247301034,4545
19288,1247296645,1247302515,5870
19289,1247298512,1247303220,4708
19290,1247299470,1247305245,5775
19291,1247299888,1247306925,7037
19292,1247300665,1247307599,6934
19293,1247301034,1247308583,7549
19294,1247302515,1247309561,7046
19295,1247303220,1247310216,6996
19296,1247305245,1247310079,4834
19297,1247306925,1247312555,5630
19298,1247307599,1247314177,6578
19299,1247308583,1247314463,5880
19300,1247309561,1247317010,7449
19301,1247310079,1247318746,8667
19302,1247310216,1247321149,10933
19303,1247312555,1247323547,10992
19304,1247314177,1247324820,10643
19305,1247314463,1247324957,10494
19306,1247317010,1247325223,8213
19307,1247318746,1247326119,7373
19308,1247321149,1247326803,5654
19309,1247323547,1247328092,4545
19310,1247324820,1247329069,4249
19311,1247324957,1247328844,3887
19312,1247325223,1247329475,4252
19313,1247326119,1247330668,4549
19314,1247326803,1247331761,4958
19315,1247328092,1247332157,4065
19316,1247328844,1247332870,4026
19317,1247329069,1247335128,6059
19318,1247329475,1247337642,8167
19319,1247330668,1247340360,9692
19320,1247331761,1247340698,8937
19321,1247332157,1247341158,9001
19322,1247332870,1247341701,8831
19323,1247335128,1247343949,8821
19324,1247337642,1247345780,8138
19325,1247340360,1247346276,5916
19326,1247340698,1247347631,6933
19327,1247341158,1247347637,6479
19328,1247341701,1247349630,7929
19329,1247343949,1247349740,5791
19330,1247345780,1247351847,6067
19331,1247346276,1247352968,6692
19332,1247347631,1247354520,6889
19333,1247347637,1247355967,8330
19334,1247349630,1247356754,7124
19335,1247349740,1247357276,7536
19336,1247351847,1247358355,6508
19337,1247352968,1247359614,6646
19338,1247354520,1247361698,7178
19339,1247355967,1247362309,6342
19340,1247356754,1247362820,6066
19341,1247357276,1247363205,5929
19342,1247358355,1247365562,7207
19343,1247359614,1247366847,7233
19344,1247361698,1247368622,6924
19345,1247362309,1247371073,8764
19346,1247362820,1247371849,9029
19347,1247363205,1247373885,10680
19348,1247365562,1247376146,10584
19349,1247366847,1247378358,11511
19350,1247368622,1247378787,10165
19351,1247371073,1247379208,8135
19352,1247371849,1247380044,8195
19353,1247373885,1247382028,8143
19354,1247376146,1247384057,7911
19355,1247378358,1247384884,6526
19356,1247378787,1247385087,6300
19357,1247379208,1247385309,6101
19358,1247380044,1247386162,6118
19359,1247382028,1247388672,6644
19360,1247384057,1247389202,5145
19361,1247384884,1247391619,6735
19362,1247385087,1247392033,6946
19363,1247385309,1247392856,7547
19364,1247386162,1247393765,7603
19365,1247388672,1247395241,6569
19366,1247389202,1247396535,7333
19367,1247391619,1247397077,5458
19368,1247392033,1247397811,5778
19369,1247392856,1247399565,6709
19370,1247393765,1247402136,8371
19371,1247395241,1247402526,7285
19372,1247396535,1247403768,7233
19373,1247397077,1247403655,6578
19374,1247397811,1247403824,6013
19375,1247399565,1247404672,5107
19376,1247402136,1247406007,3871
19377,1247402526,1247408021,5495
19378,1247403655,1247407978,4323
19379,1247403768,1247409228,5460
19380,1247403824,1247410238,6414
19381,1247404672,1247410845,6173
19382,1247406007,1247411175,5168
19383,1247407978,1247413036,5058
19384,1247408021,1247413349,5328
19385,1247409228,1247414088,4860
19386,1247410238,1247414508,4270
19387,1247410845,1247416088,5243
19388,1247411175,1247415928,4753
19389,1247413036,1247417811,4775
19390,1247413349,1247418389,5040
19391,1247414088,1247419145,5057
19392,1247414508,1247419782,5274
19393,1247415928,1247420963,5035
19394,1247416088,1247422762,6674
19395,1247417811,1247423639,5828
19396,1247418389,1247423663,5274
19397,1247419145,1247425764,6619
19398,1247419782,1247427373,7591
19399,1247420963,1247428479,7516
19400,1247422762,1247431033,8271
19401,1247423639,1247431150,7511
19402,1247423663,1247431977,8314
19403,1247425764,1247433424,7660
19404,1247427373,1247433420,6047
19405,1247428479,1247433435,4956
19406,1247431033,1247433997,2964
19407,1247431150,1247436437,5287
19408,1247431977,1247437296,5319
19409,1247433420,1247438885,5465
19410,1247433424,1247440804,7380
19411,1247433435,1247441495,8060
19412,1247433997,1247443620,9623
19413,1247436437,1247444166,7729
19414,1247437296,1247445004,7708
19415,1247438885,1247446308,7423
19416,1247440804,1247446884,6080
19417,1247441495,1247447420,5925
19418,1247443620,1247448526,4906
19419,1247444166,1247449764,5598
19420,1247445004,1247450379,5375
19421,1247446308,1247452146,5838
19422,1247446884,1247452426,5542
19423,1247447420,1247452276,4856
19424,1247448526,1247454184,5658
19425,1247449764,1247455257,5493
19426,1247450379,1247457403,7024
19427,1247452146,1247458765,6619
19428,1247452276,1247459445,7169
19429,1247452426,1247460266,7840
19430,1247454184,1247462511,8327
19431,1247455257,1247463521,8264
19432,1247457403,1247464858,7455
19433,1247458765,1247465217,6452
19434,1247459445,1247467422,7977
19435,1247460266,1247467250,6984
19436,1247462511,1247469428,6917
19437,1247463521,1247470008,6487
19438,1247464858,1247470795,5937
19439,1247465217,1247472353,7136
19440,1247467250,1247474514,7264
19441,1247467422,1247475040,7618
19442,1247469428,1247474981,5553
19443,1247470008,1247476661,6653
19444,1247470795,1247479033,8238
19445,1247472353,1247479465,7112
19446,1247474514,1247481077,6563
19447,1247474981,1247482056,7075
19448,1247475040,1247483266,8226
19449,1247476661,1247483869,7208
19450,1247479033,1247483702,4669
19451,1247479465,1247486559,7094
19452,1247481077,1247487230,6153
19453,1247482056,1247488776,6720
19454,1247483266,1247488905,5639
19455,1247483702,1247490708,7006
19456,1247483869,1247491614,7745
19457,1247486559,1247493044,6485
19458,1247487230,1247494536,7306
19459,1247488776,1247495596,6820
19460,1247488905,1247496210,7305
19461,1247490708,1247497401,6693
19462,1247491614,1247498246,6632
19463,1247493044,1247499708,6664
19464,1247494536,1247500216,5680
19465,1247495596,1247502347,6751
19466,1247496210,1247504253,8043
19467,1247497401,1247506915,9514
19468,1247498246,1247506703,8457
19469,1247499708,1247508820,9112
19470,1247500216,1247509252,9036
19471,1247502347,1247510940,8593
19472,1247504253,1247511798,7545
19473,1247506703,1247512466,5763
19474,1247506915,1247513298,6383
19475,1247508820,1247514510,5690
19476,1247509252,1247515833,6581
19477,1247510940,1247517611,6671
19478,1247511798,1247519687,7889
19479,1247512466,1247520069,7603
19480,1247513298,1247520645,7347
19481,1247514510,1247521135,6625
19482,1247515833,1247522364,6531
19483,1247517611,1247524904,7293
19484,1247519687,1247525746,6059
19485,1247520069,1247525915,5846
19486,1247520645,1247527128,6483
19487,1247521135,1247526954,5819
19488,1247522364,1247528413,6049
19489,1247524904,1247528883,3979
19490,1247525746,1247530153,4407
19491,1247525915,1247530626,4711
19492,1247526954,1247531503,4549
19493,1247527128,1247532306,5178
19494,1247528413,1247534657,6244
19495,1247528883,1247535086,6203
19496,1247530153,1247535525,5372
19497,1247530626,1247536147,5521
19498,1247531503,1247537615,6112
19499,1247532306,1247537947,5641
19500,1247534657,1247538208,3551
19501,1247535086,1247539128,4042
19502,1247535525,1247540678,5153
19503,1247536147,1247542681,6534
19504,1247537615,1247544263,6648
19505,1247537947,1247546086,8139
19506,1247538208,1247546974,8766
19507,1247539128,1247549118,9990
19508,1247540678,1247549915,9237
19509,1247542681,1247551685,9004
19510,1247544263,1247552617,8354
19511,1247546086,1247554497,8411
19512,1247546974,1247555115,8141
19513,1247549118,1247555651,6533
19514,1247549915,1247557349,7434
19515,1247551685,1247558895,7210
19516,1247552617,1247562400,9783
19517,1247554497,1247564951,10454
19518,1247555115,1247565669,10554
19519,1247555651,1247568847,13196
19520,1247557349,1247570078,12729
19521,1247558895,1247570869,11974
19522,1247562400,1247572981,10581
19523,1247564951,1247573455,8504
19524,1247565669,1247575664,9995
19525,1247568847,1247576193,7346
19526,1247570078,1247578195,8117
19527,1247570869,1247579208,8339
19528,1247572981,1247579547,6566
19529,1247573455,1247580711,7256
19530,1247575664,1247582936,7272
19531,1247576193,1247583473,7280
19532,1247578195,1247584635,6440
19533,1247579208,1247585969,6761
19534,1247579547,1247586526,6979
19535,1247580711,1247587627,6916
19536,1247582936,1247588709,5773
19537,1247583473,1247589289,5816
19538,1247584635,1247590127,5492
19539,1247585969,1247592414,6445
19540,1247586526,1247593195,6669
19541,1247587627,1247594697,7070
19542,1247588709,1247597358,8649
19543,1247589289,1247598583,9294
19544,1247590127,1247599195,9068
19545,1247592414,1247601499,9085
19546,1247593195,1247603602,10407
19547,1247594697,1247606308,11611
19548,1247597358,1247607740,10382
19549,1247598583,1247608415,9832
19550,1247599195,1247609122,9927
19551,1247601499,1247609574,8075
19552,1247603602,1247610634,7032
19553,1247606308,1247611580,5272
19554,1247607740,1247611538,3798
19555,1247608415,1247613062,4647
19556,1247609122,1247614115,4993
19557,1247609574,1247614707,5133
19558,1247610634,1247615968,5334
19559,1247611538,1247616736,5198
19560,1247611580,1247617332,5752
19561,1247613062,1247617884,4822
19562,1247614115,1247619714,5599
19563,1247614707,1247621842,7135
19564,1247615968,1247622444,6476
19565,1247616736,1247648440,31704
19566,1247617332,1247650248,32916
19567,1247617884,1247651188,33304
19568,1247619714,1247651549,31835
19569,1247621842,1247652183,30341
19570,1247622444,1247653220,30776
19571,1247648440,1247656251,7811
19572,1247650248,1247658725,8477
19573,1247651188,1247660269,9081
19574,1247651549,1247661337,9788
19575,1247652183,1247663463,11280
19576,1247653220,1247663948,10728
19577,1247656251,1247665998,9747
19578,1247658725,1247666989,8264
19579,1247660269,1247669457,9188
19580,1247661337,1247670853,9516
19581,1247663463,1247671480,8017
19582,1247663948,1247673070,9122
19583,1247665998,1247673903,7905
19584,1247666989,1247675432,8443
19585,1247669457,1247677839,8382
19586,1247670853,1247679610,8757
19587,1247671480,1247680998,9518
19588,1247673070,1247683699,10629
19589,1247673903,1247684561,10658
19590,1247675432,1247685163,9731
19591,1247677839,1247685002,7163
19592,1247679610,1247686403,6793
19593,1247680998,1247688005,7007
19594,1247683699,1247689053,5354
19595,1247684561,1247689859,5298
19596,1247685002,1247691433,6431
19597,1247685163,1247693145,7982
19598,1247686403,1247694916,8513
19599,1247688005,1247695396,7391
19600,1247689053,1247696683,7630
19601,1247689859,1247697459,7600
19602,1247691433,1247699179,7746
19603,1247693145,1247701925,8780
19604,1247694916,1247703247,8331
19605,1247695396,1247705064,9668
19606,1247696683,1247705950,9267
19607,1247697459,1247706646,9187
19608,1247699179,1247708998,9819
19609,1247701925,1247709468,7543
19610,1247703247,1247711286,8039
19611,1247705064,1247711811,6747
19612,1247705950,1247714620,8670
19613,1247706646,1247715432,8786
19614,1247708998,1247717296,8298
19615,1247709468,1247717750,8282
19616,1247711286,1247718946,7660
19617,1247711811,1247720170,8359
19618,1247714620,1247720722,6102
19619,1247715432,1247721512,6080
19620,1247717296,1247721740,4444
19621,1247717750,1247722792,5042
19622,1247718946,1247725412,6466
19623,1247720170,1247726129,5959
19624,1247720722,1247727206,6484
19625,1247721512,1247728239,6727
19626,1247721740,1247729701,7961
19627,1247722792,1247729633,6841
19628,1247725412,1247730285,4873
19629,1247726129,1247731593,5464
19630,1247727206,1247731879,4673
19631,1247728239,1247732295,4056
19632,1247729633,1247734425,4792
19633,1247729701,1247735746,6045
19634,1247730285,1247737814,7529
19635,1247731593,1247739254,7661
19636,1247731879,1247740624,8745
19637,1247732295,1247741638,9343
19638,1247734425,1247742912,8487
19639,1247735746,1247744248,8502
19640,1247737814,1247746883,9069
19641,1247739254,1247749410,10156
19642,1247740624,1247750597,9973
19643,1247741638,1247751404,9766
19644,1247742912,1247752526,9614
19645,1247744248,1247754786,10538
19646,1247746883,1247755729,8846
19647,1247749410,1247755800,6390
19648,1247750597,1247757414,6817
19649,1247751404,1247758860,7456
19650,1247752526,1247761306,8780
19651,1247754786,1247761143,6357
19652,1247755729,1247761745,6016
19653,1247755800,1247762919,7119
19654,1247757414,1247765345,7931
19655,1247758860,1247765349,6489
19656,1247761143,1247766923,5780
19657,1247761306,1247768328,7022
19658,1247761745,1247770697,8952
19659,1247762919,1247770635,7716
19660,1247765345,1247770780,5435
19661,1247765349,1247770940,5591
19662,1247766923,1247771916,4993
19663,1247768328,1247771769,3441
19664,1247770635,1247772323,1688
19665,1247770697,1247774258,3561
19666,1247770780,1247776729,5949
19667,1247770940,1247778987,8047
19668,1247771769,1247779894,8125
19669,1247771916,1247780744,8828
19670,1247772323,1247782944,10621
19671,1247774258,1247782950,8692
19672,1247776729,1247785470,8741
19673,1247778987,1247787887,8900
19674,1247779894,1247788445,8551
19675,1247780744,1247790536,9792
19676,1247782944,1247791541,8597
19677,1247782950,1247792214,9264
19678,1247785470,1247793938,8468
19679,1247787887,1247795831,7944
19680,1247788445,1247797225,8780
19681,1247790536,1247797796,7260
19682,1247791541,1247800194,8653
19683,1247792214,1247802374,10160
19684,1247793938,1247802496,8558
19685,1247795831,1247802365,6534
19686,1247797225,1247804228,7003
19687,1247797796,1247804088,6292
19688,1247800194,1247806990,6796
19689,1247802365,1247808934,6569
19690,1247802374,1247810126,7752
19691,1247802496,1247810891,8395
19692,1247804088,1247811376,7288
19693,1247804228,1247811786,7558
19694,1247806990,1247814280,7290
19695,1247808934,1247815476,6542
19696,1247810126,1247816547,6421
19697,1247810891,1247817111,6220
19698,1247811376,1247819518,8142
19699,1247811786,1247819490,7704
19700,1247814280,1247821298,7018
19701,1247815476,1247821270,5794
19702,1247816547,1247822993,6446
19703,1247817111,1247823199,6088
19704,1247819490,1247824473,4983
19705,1247819518,1247825183,5665
19706,1247821270,1247826545,5275
19707,1247821298,1247826984,5686
19708,1247822993,1247829185,6192
19709,1247823199,1247831712,8513
19710,1247824473,1247833091,8618
19711,1247825183,1247836858,11675
19712,1247826545,1247836930,10385
19713,1247826984,1247837303,10319
19714,1247829185,1247839515,10330
19715,1247831712,1247841134,9422
19716,1247833091,1247842423,9332
19717,1247836858,1247842882,6024
19718,1247836930,1247842976,6046
19719,1247837303,1247844550,7247
19720,1247839515,1247846912,7397
19721,1247841134,1247848740,7606
19722,1247842423,1247886276,43853
19723,1247842882,1247889730,46848
19724,1247842976,1247936857,93881
19725,1247844550,1247950908,106358
19726,1247846912,1247975815,128903
19727,1247848740,1247976385,127645
19728,1247886276,1247978908,92632
19729,1247889730,1247979082,89352
19730,1247936857,1247979391,42534
19731,1247950908,1247981802,30894
19732,1247975815,1247982525,6710
19733,1247976385,1247983438,7053
19734,1247978908,1247984182,5274
19735,1247979082,1247985312,6230
19736,1247979391,1247986001,6610
19737,1247981802,1247988191,6389
19738,1247982525,1247988609,6084
19739,1247983438,1247990660,7222
19740,1247984182,1247991549,7367
19741,1247985312,1247991882,6570
19742,1247986001,1247993926,7925
19743,1247988191,1247994546,6355
19744,1247988609,1247994945,6336
19745,1247990660,1247996162,5502
19746,1247991549,1247997857,6308
19747,1247991882,1247998980,7098
19748,1247993926,1247999939,6013
19749,1247994546,1248000600,6054
19750,1247994945,1248000630,5685
19751,1247996162,1248003023,6861
19752,1247997857,1248002909,5052
19753,1247998980,1248003883,4903
19754,1247999939,1248004540,4601
19755,1248000600,1248005221,4621
19756,1248000630,1248006339,5709
19757,1248002909,1248007308,4399
19758,1248003023,1248008367,5344
19759,1248003883,1248010916,7033
19760,1248004540,1248010794,6254
19761,1248005221,1248011705,6484
19762,1248006339,1248012864,6525
19763,1248007308,1248013393,6085
19764,1248008367,1248015061,6694
19765,1248010794,1248015586,4792
19766,1248010916,1248017825,6909
19767,1248011705,1248018121,6416
19768,1248012864,1248020448,7584
19769,1248013393,1248022230,8837
19770,1248015061,1248022854,7793
19771,1248015586,1248024343,8757
19772,1248017825,1248024281,6456
19773,1248018121,1248025459,7338
19774,1248020448,1248026566,6118
19775,1248022230,1248026549,4319
19776,1248022854,1248027040,4186
19777,1248024281,1248028106,3825
19778,1248024343,1248030094,5751
19779,1248025459,1248031855,6396
19780,1248026549,1248032389,5840
19781,1248026566,1248032739,6173
19782,1248027040,1248033598,6558
19783,1248028106,1248034703,6597
19784,1248030094,1248035396,5302
19785,1248031855,1248036278,4423
19786,1248032389,1248037446,5057
19787,1248032739,1248039230,6491
19788,1248033598,1248039818,6220
19789,1248034703,1248041665,6962
19790,1248035396,1248042340,6944
19791,1248036278,1248043342,7064
19792,1248037446,1248043832,6386
19793,1248039230,1248044762,5532
19794,1248039818,1248045752,5934
19795,1248041665,1248047837,6172
19796,1248042340,1248050192,7852
19797,1248043342,1248052654,9312
19798,1248043832,1248054422,10590
19799,1248044762,1248056159,11397
19800,1248045752,1248057595,11843
19801,1248047837,1248057998,10161
19802,1248050192,1248059743,9551
19803,1248052654,1248062323,9669
19804,1248054422,1248063898,9476
19805,1248056159,1248064942,8783
19806,1248057595,1248065566,7971
19807,1248057998,1248066656,8658
19808,1248059743,1248067252,7509
19809,1248062323,1248067959,5636
19810,1248063898,1248068849,4951
19811,1248064942,1248070555,5613
19812,1248065566,1248072818,7252
19813,1248066656,1248072939,6283
19814,1248067252,1248075397,8145
19815,1248067959,1248076152,8193
19816,1248068849,1248076737,7888
19817,1248070555,1248078460,7905
19818,1248072818,1248079923,7105
19819,1248072939,1248079993,7054
19820,1248075397,1248080011,4614
19821,1248076152,1248080541,4389
19822,1248076737,1248082128,5391
19823,1248078460,1248083057,4597
19824,1248079923,1248083928,4005
19825,1248079993,1248084323,4330
19826,1248080011,1248084664,4653
19827,1248080541,1248086032,5491
19828,1248082128,1248087975,5847
19829,1248083057,1248089539,6482
19830,1248083928,1248089873,5945
19831,1248084323,1248091087,6764
19832,1248084664,1248091676,7012
19833,1248086032,1248093963,7931
19834,1248087975,1248094921,6946
19835,1248089539,1248095724,6185
19836,1248089873,1248097619,7746
19837,1248091087,1248099691,8604
19838,1248091676,1248101224,9548
19839,1248093963,1248101779,7816
19840,1248094921,1248102119,7198
19841,1248095724,1248103638,7914
19842,1248097619,1248104209,6590
19843,1248099691,1248105953,6262
19844,1248101224,1248105822,4598
19845,1248101779,1248108681,6902
19846,1248102119,1248109715,7596
19847,1248103638,1248110659,7021
19848,1248104209,1248111325,7116
19849,1248105822,1248111864,6042
19850,1248105953,1248112620,6667
19851,1248108681,1248112711,4030
19852,1248109715,1248113909,4194
19853,1248110659,1248115349,4690
19854,1248111325,1248117221,5896
19855,1248111864,1248119747,7883
19856,1248112620,1248122390,9770
19857,1248112711,1248123879,11168
19858,1248113909,1248123738,9829
19859,1248115349,1248126108,10759
19860,1248117221,1248128093,10872
19861,1248119747,1248129033,9286
19862,1248122390,1248129355,6965
19863,1248123738,1248130447,6709
19864,1248123879,1248132356,8477
19865,1248126108,1248134142,8034
19866,1248128093,1248135061,6968
19867,1248129033,1248136111,7078
19868,1248129355,1248136507,7152
19869,1248130447,1248137449,7002
19870,1248132356,1248139100,6744
19871,1248134142,1248139791,5649
19872,1248135061,1248140516,5455
19873,1248136111,1248141106,4995
19874,1248136507,1248141903,5396
19875,1248137449,1248143743,6294
19876,1248139100,1248143858,4758
19877,1248139791,1248145501,5710
19878,1248140516,1248147938,7422
19879,1248141106,1248149044,7938
19880,1248141903,1248149585,7682
19881,1248143743,1248151123,7380
19882,1248143858,1248152146,8288
19883,1248145501,1248152402,6901
19884,1248147938,1248154036,6098
19885,1248149044,1248153907,4863
19886,1248149585,1248154500,4915
19887,1248151123,1248155056,3933
19888,1248152146,1248155963,3817
19889,1248152402,1248157891,5489
19890,1248153907,1248159608,5701
19891,1248154036,1248160847,6811
19892,1248154500,1248161374,6874
19893,1248155056,1248161220,6164
19894,1248155963,1248162835,6872
19895,1248157891,1248164436,6545
19896,1248159608,1248164445,4837
19897,1248160847,1248167121,6274
19898,1248161220,1248167616,6396
19899,1248161374,1248168159,6785
19900,1248162835,1248169838,7003
19901,1248164436,1248169640,5204
19902,1248164445,1248172454,8009
19903,1248167121,1248173963,6842
19904,1248167616,1248175315,7699
19905,1248168159,1248176886,8727
19906,1248169640,1248179540,9900
19907,1248169838,1248180182,10344
19908,1248172454,1248180789,8335
19909,1248173963,1248180628,6665
19910,1248175315,1248182079,6764
19911,1248176886,1248183558,6672
19912,1248179540,1248185349,5809
19913,1248180182,1248186591,6409
19914,1248180628,1248187252,6624
19915,1248180789,1248187995,7206
19916,1248182079,1248189847,7768
19917,1248183558,1248190710,7152
19918,1248185349,1248192925,7576
19919,1248186591,1248193365,6774
19920,1248187252,1248195791,8539
19921,1248187995,1248196838,8843
19922,1248189847,1248197570,7723
19923,1248190710,1248197821,7111
19924,1248192925,1248199237,6312
19925,1248193365,1248199810,6445
19926,1248195791,1248200188,4397
19927,1248196838,1248201041,4203
19928,1248197570,1248201628,4058
19929,1248197821,1248201467,3646
19930,1248199237,1248203830,4593
19931,1248199810,1248205946,6136
19932,1248200188,1248206479,6291
19933,1248201041,1248207833,6792
19934,1248201467,1248208241,6774
19935,1248201628,1248208831,7203
19936,1248203830,1248210935,7105
19937,1248205946,1248212105,6159
19938,1248206479,1248213044,6565
19939,1248207833,1248213568,5735
19940,1248208241,1248214648,6407
19941,1248208831,1248214895,6064
19942,1248210935,1248215632,4697
19943,1248212105,1248216453,4348
19944,1248213044,1248217537,4493
19945,1248213568,1248218154,4586
19946,1248214648,1248218357,3709
19947,1248214895,1248220747,5852
19948,1248215632,1248222710,7078
19949,1248216453,1248223355,6902
19950,1248217537,1248223126,5589
19951,1248218154,1248230191,12037
19952,1248218357,1248231645,13288
19953,1248220747,1248233915,13168
19954,1248222710,1248234877,12167
19955,1248223126,1248235567,12441
19956,1248223355,1248237045,13690
19957,1248230191,1248237523,7332
19958,1248231645,1248237739,6094
19959,1248233915,1248238228,4313
19960,1248234877,1248239968,5091
19961,1248235567,1248239996,4429
19962,1248237045,1248242565,5520
19963,1248237523,1248244380,6857
19964,1248237739,1248245196,7457
19965,1248238228,1248247001,8773
19966,1248239968,1248246859,6891
19967,1248239996,1248247735,7739
19968,1248242565,1248249295,6730
19969,1248244380,1248250365,5985
19970,1248245196,1248251706,6510
19971,1248246859,1248253365,6506
19972,1248247001,1248253939,6938
19973,1248247735,1248254856,7121
19974,1248249295,1248256062,6767
19975,1248250365,1248258163,7798
19976,1248251706,1248259830,8124
19977,1248253365,1248265947,12582
19978,1248253939,1248269095,15156
19979,1248254856,1248269788,14932
19980,1248256062,1248270939,14877
19981,1248258163,1248270746,12583
19982,1248259830,1248271047,11217
19983,1248265947,1248271791,5844
19984,1248269095,1248272173,3078
19985,1248269788,1248272617,2829
19986,1248270746,1248275118,4372
19987,1248270939,1248275460,4521
19988,1248271047,1248277110,6063
19989,1248271791,1248278601,6810
19990,1248272173,1248280206,8033
19991,1248272617,1248281768,9151
19992,1248275118,1248283529,8411
19993,1248275460,1248284565,9105
19994,1248277110,1248285917,8807
19995,1248278601,1248287332,8731
19996,1248280206,1248287870,7664
19997,1248281768,1248288994,7226
19998,1248283529,1248290245,6716
19999,1248284565,1248291140,6575
20000,1248285917,1248291739,5822
20001,1248287332,1248291568,4236
20002,1248287870,1248292883,5013
20003,1248288994,1248293599,4605
20004,1248290245,1248294246,4001
20005,1248291140,1248295969,4829
20006,1248291568,1248296282,4714
20007,1248291739,1248297278,5539
20008,1248292883,1248307769,14886
20009,1248293599,1248310622,17023
20010,1248294246,1248312103,17857
20011,1248295969,1248314305,18336
20012,1248296282,1248317149,20867
20013,1248297278,1248317731,20453
20014,1248307769,1248319455,11686
20015,1248310622,1248321979,11357
20016,1248312103,1248322410,10307
20017,1248314305,1248322839,8534
20018,1248317149,1248323405,6256
20019,1248317731,1248323939,6208
20020,1248319455,1248325784,6329
20021,1248321979,1248327569,5590
20022,1248322410,1248329925,7515
20023,1248322839,1248330740,7901
20024,1248323405,1248330633,7228
20025,1248323939,1248330661,6722
20026,1248325784,1248333270,7486
20027,1248327569,1248334550,6981
20028,1248329925,1248335660,5735
20029,1248330633,1248336476,5843
20030,1248330661,1248337253,6592
20031,1248330740,1248338079,7339
20032,1248333270,1248338733,5463
20033,1248334550,1248339757,5207
20034,1248335660,1248342196,6536
20035,1248336476,1248342940,6464
20036,1248337253,1248344318,7065
20037,1248338079,1248344768,6689
20038,1248338733,1248346342,7609
20039,1248339757,1248347668,7911
20040,1248342196,1248350064,7868
20041,1248342940,1248350874,7934
20042,1248344318,1248350867,6549
20043,1248344768,1248353372,8604
20044,1248346342,1248354412,8070
20045,1248347668,1248356919,9251
20046,1248350064,1248357798,7734
20047,1248350867,1248358453,7586
20048,1248350874,1248360171,9297
20049,1248353372,1248361358,7986
20050,1248354412,1248361515,7103
20051,1248356919,1248362566,5647
20052,1248357798,1248364167,6369
20053,1248358453,1248365187,6734
20054,1248360171,1248366172,6001
20055,1248361358,1248367068,5710
20056,1248361515,1248367137,5622
20057,1248362566,1248367450,4884
20058,1248364167,1248368957,4790
20059,1248365187,1248369687,4500
20060,1248366172,1248372075,5903
20061,1248367068,1248373068,6000
20062,1248367137,1248375324,8187
20063,1248367450,1248377193,9743
20064,1248368957,1248379395,10438
20065,1248369687,1248379882,10195
20066,1248372075,1248382444,10369
20067,1248373068,1248382678,9610
20068,1248375324,1248383504,8180
20069,1248377193,1248383718,6525
20070,1248379395,1248384209,4814
20071,1248379882,1248386072,6190
20072,1248382444,1248385897,3453
20073,1248382678,1248386923,4245
20074,1248383504,1248387659,4155
20075,1248383718,1248388235,4517
20076,1248384209,1248388606,4397
20077,1248385897,1248389677,3780
20078,1248386072,1248390152,4080
20079,1248386923,1248390047,3124
20080,1248387659,1248391084,3425
20081,1248388235,1248392060,3825
20082,1248388606,1248392588,3982
20083,1248389677,1248393518,3841
20084,1248390047,1248394495,4448
20085,1248390152,1248395392,5240
20086,1248391084,1248395405,4321
20087,1248392060,1248395806,3746
20088,1248392588,1248397456,4868
20089,1248393518,1248398346,4828
20090,1248394495,1248398751,4256
20091,1248395392,1248399521,4129
20092,1248395405,1248400715,5310
20093,1248395806,1248402083,6277
20094,1248397456,1248403222,5766
20095,1248398346,1248403535,5189
20096,1248398751,1248404758,6007
20097,1248399521,1248406143,6622
20098,1248400715,1248407403,6688
20099,1248402083,1248408934,6851
20100,1248403222,1248410105,6883
20101,1248403535,1248410609,7074
20102,1248404758,1248412516,7758
20103,1248406143,1248414865,8722
20104,1248407403,1248416778,9375
20105,1248408934,1248418927,9993
20106,1248410105,1248419446,9341
20107,1248410609,1248420012,9403
20108,1248412516,1248421362,8846
20109,1248414865,1248422549,7684
20110,1248416778,1248424651,7873
20111,1248418927,1248427257,8330
20112,1248419446,1248429824,10378
20113,1248420012,1248430516,10504
20114,1248421362,1248432063,10701
20115,1248422549,1248432769,10220
20116,1248424651,1248433050,8399
20117,1248427257,1248434531,7274
20118,1248429824,1248437126,7302
20119,1248430516,1248439818,9302
20120,1248432063,1248440439,8376
20121,1248432769,1248442448,9679
20122,1248433050,1248442212,9162
20123,1248434531,1248443548,9017
20124,1248437126,1248444238,7112
20125,1248439818,1248446688,6870
20126,1248440439,1248447765,7326
20127,1248442212,1248449102,6890
20128,1248442448,1248450527,8079
20129,1248443548,1248451603,8055
20130,1248444238,1248453226,8988
20131,1248446688,1248453986,7298
20132,1248447765,1248455385,7620
20133,1248449102,1248456536,7434
20134,1248450527,1248457550,7023
20135,1248451603,1248458775,7172
20136,1248453226,1248459758,6532
20137,1248453986,1248459693,5707
20138,1248455385,1248460930,5545
20139,1248456536,1248461577,5041
20140,1248457550,1248461717,4167
20141,1248458775,1248462706,3931
20142,1248459693,1248463673,3980
20143,1248459758,1248465186,5428
20144,1248460930,1248467108,6178
20145,1248461577,1248468631,7054
20146,1248461717,1248469754,8037
20147,1248462706,1248471917,9211
20148,1248463673,1248472380,8707
20149,1248465186,1248473871,8685
20150,1248467108,1248474672,7564
20151,1248468631,1248475285,6654
20152,1248469754,1248475756,6002
20153,1248471917,1248476755,4838
20154,1248472380,1248476612,4232
20155,1248473871,1248477424,3553
20156,1248474672,1248478015,3343
20157,1248475285,1248480158,4873
20158,1248475756,1248480691,4935
20159,1248476612,1248481522,4910
20160,1248476755,1248481816,5061
20161,1248477424,1248482196,4772
20162,1248478015,1248484774,6759
20163,1248480158,1248486083,5925
20164,1248480691,1248486718,6027
20165,1248481522,1248487472,5950
20166,1248481816,1248492125,10309
20167,1248482196,1248494303,12107
20168,1248484774,1248495078,10304
20169,1248486083,1248495523,9440
20170,1248486718,1248496242,9524
20171,1248487472,1248498131,10659
20172,1248492125,1248498856,6731
20173,1248494303,1248499333,5030
20174,1248495078,1248501882,6804
20175,1248495523,1248501766,6243
20176,1248496242,1248503499,7257
20177,1248498131,1248504132,6001
20178,1248498856,1248504184,5328
20179,1248499333,1248506232,6899
20180,1248501766,1248507654,5888
20181,1248501882,1248508162,6280
20182,1248503499,1248510633,7134
20183,1248504132,1248512695,8563
20184,1248504184,1248513163,8979
20185,1248506232,1248513910,7678
20186,1248507654,1248514395,6741
20187,1248508162,1248526296,18134
20188,1248510633,1248534018,23385
20189,1248512695,1248594221,81526
20190,1248513163,1248606537,93374
20191,1248513910,1248613791,99881
20192,1248514395,1248614581,100186
20193,1248526296,1248616012,89716
20194,1248534018,1248616194,82176
20195,1248594221,1248616510,22289
20196,1248606537,1248618236,11699
20197,1248613791,1248618500,4709
20198,1248614581,1248624051,9470
20199,1248616012,1248625195,9183
20200,1248616194,1248626893,10699
20201,1248616510,1248629890,13380
20202,1248618236,1248634003,15767
20203,1248618500,1248641283,22783
20204,1248624051,1248643200,19149
20205,1248625195,1248644724,19529
20206,1248626893,1248645019,18126
20207,1248629890,1248648055,18165
20208,1248634003,1248648891,14888
20209,1248641283,1248652583,11300
20210,1248643200,1248655916,12716
20211,1248644724,1248658118,13394
20212,1248645019,1248659102,14083
20213,1248648055,1248660131,12076
20214,1248648891,1248662329,13438
20215,1248652583,1248663591,11008
20216,1248655916,1248663975,8059
20217,1248658118,1248665547,7429
20218,1248659102,1248666880,7778
20219,1248660131,1248667838,7707
20220,1248662329,1248668711,6382
20221,1248663591,1248669467,5876
20222,1248663975,1248670468,6493
20223,1248665547,1248673073,7526
20224,1248666880,1248674889,8009
20225,1248667838,1248674835,6997
20226,1248668711,1248677550,8839
20227,1248669467,1248677883,8416
20228,1248670468,1248678512,8044
20229,1248673073,1248678967,5894
20230,1248674835,1248680374,5539
20231,1248674889,1248680756,5867
20232,1248677550,1248683335,5785
20233,1248677883,1248685125,7242
20234,1248678512,1248686923,8411
20235,1248678967,1248687918,8951
20236,1248680374,1248688705,8331
20237,1248680756,1248689504,8748
20238,1248683335,1248689890,6555
20239,1248685125,1248690308,5183
20240,1248686923,1248691424,4501
20241,1248687918,1248692118,4200
20242,1248688705,1248694135,5430
20243,1248689504,1248694588,5084
20244,1248689890,1248695112,5222
20245,1248690308,1248696030,5722
20246,1248691424,1248697416,5992
20247,1248692118,1248697813,5695
20248,1248694135,1248698162,4027
20249,1248694588,1248698396,3808
20250,1248695112,1248698434,3322
20251,1248696030,1248699717,3687
20252,1248697416,1248702410,4994
20253,1248697813,1248704549,6736
20254,1248698162,1248705241,7079
20255,1248698396,1248706855,8459
20256,1248698434,1248707923,9489
20257,1248699717,1248709896,10179
20258,1248702410,1248711051,8641
20259,1248704549,1248712236,7687
20260,1248705241,1248712449,7208
20261,1248706855,1248714401,7546
20262,1248707923,1248715085,7162
20263,1248709896,1248716139,6243
20264,1248711051,1248717033,5982
20265,1248712236,1248717732,5496
20266,1248712449,1248719426,6977
20267,1248714401,1248721169,6768
20268,1248715085,1248721593,6508
20269,1248716139,1248723170,7031
20270,1248717033,1248723541,6508
20271,1248717732,1248724563,6831
20272,1248719426,1248725521,6095
20273,1248721169,1248726362,5193
20274,1248721593,1248728554,6961
20275,1248723170,1248729681,6511
20276,1248723541,1248731641,8100
20277,1248724563,1248732108,7545
20278,1248725521,1248732544,7023
20279,1248726362,1248734625,8263
20280,1248728554,1248734698,6144
20281,1248729681,1248735784,6103
20282,1248731641,1248736620,4979
20283,1248732108,1248739086,6978
20284,1248732544,1248741137,8593
20285,1248734625,1248742238,7613
20286,1248734698,1248742973,8275
20287,1248735784,1248743823,8039
20288,1248736620,1248743960,7340
20289,1248739086,1248745526,6440
20290,1248741137,1248747063,5926
20291,1248742238,1248748234,5996
20292,1248742973,1248749585,6612
20293,1248743823,1248749505,5682
20294,1248743960,1248750648,6688
20295,1248745526,1248751856,6330
20296,1248747063,1248752531,5468
20297,1248748234,1248754034,5800
20298,1248749505,1248756382,6877
20299,1248749585,1248758477,8892
20300,1248750648,1248759617,8969
20301,1248751856,1248763330,11474
20302,1248752531,1248767740,15209
20303,1248754034,1248768684,14650
20304,1248756382,1248776652,20270
20305,1248758477,1248782537,24060
20306,1248759617,1248782620,23003
20307,1248763330,1248787300,23970
20308,1248767740,1248796597,28857
20309,1248768684,1248797057,28373
20310,1248776652,1248805455,28803
20311,1248782537,1248808248,25711
20312,1248782620,1248809428,26808
20313,1248787300,1248810191,22891
20314,1248796597,1248810982,14385
20315,1248797057,1248812225,15168
20316,1248805455,1248812500,7045
20317,1248808248,1248813511,5263
20318,1248809428,1248814817,5389
20319,1248810191,1248816923,6732
20320,1248810982,1248818635,7653
20321,1248812225,1248819124,6899
20322,1248812500,1248819855,7355
20323,1248813511,1248820614,7103
20324,1248814817,1248823367,8550
20325,1248816923,1248838260,21337
20326,1248818635,1248838978,20343
20327,1248819124,1248845551,26427
20328,1248819855,1248846249,26394
20329,1248820614,1248848424,27810
20330,1248823367,1248849461,26094
20331,1248838260,1248850266,12006
20332,1248838978,1248856100,17122
20333,1248845551,1248864021,18470
20334,1248846249,1248870274,24025
20335,1248848424,1248872539,24115
20336,1248849461,1248875556,26095
20337,1248850266,1248875807,25541
20338,1248856100,1248877823,21723
20339,1248864021,1248887647,23626
20340,1248870274,1248888682,18408
20341,1248872539,1248890157,17618
20342,1248875556,1248892218,16662
20343,1248875807,1248902439,26632
20344,1248877823,1248912976,35153
20345,1248887647,1248916710,29063
20346,1248888682,1248921924,33242
20347,1248890157,1248928184,38027
20348,1248892218,1248928839,36621
20349,1248902439,1248958164,55725
20350,1248912976,1248959729,46753
20351,1248916710,1248969168,52458
20352,1248921924,1248971665,49741
20353,1248928184,1248971711,43527
20354,1248928839,1248976656,47817
20355,1248958164,1248976770,18606
20356,1248959729,1248984999,25270
20357,1248969168,1248996438,27270
20358,1248971665,1248998096,26431
20359,1248971711,1249005013,33302
20360,1248976656,1249006182,29526
20361,1248976770,1249016429,39659
20362,1248984999,1249018927,33928
20363,1248996438,1249023063,26625
20364,1248998096,1249053076,54980
20365,1249005013,1249057410,52397
20366,1249006182,1249059409,53227
20367,1249016429,1249062598,46169
20368,1249018927,1249064422,45495
20369,1249023063,1249066022,42959
20370,1249053076,1249067826,14750
20371,1249057410,1249071557,14147
20372,1249059409,1249073845,14436
20373,1249062598,1249076518,13920
20374,1249064422,1249081807,17385
20375,1249066022,1249083183,17161
20376,1249067826,1249090938,23112
20377,1249071557,1249094369,22812
20378,1249073845,1249096987,23142
20379,1249076518,1249101026,24508
20380,1249081807,1249101786,19979
20381,1249083183,1249108012,24829
20382,1249090938,1249109349,18411
20383,1249094369,1249113466,19097
20384,1249096987,1249131439,34452
20385,1249101026,1249131514,30488
20386,1249101786,1249133663,31877
20387,1249108012,1249133784,25772
20388,1249109349,1249137710,28361
20389,1249113466,1249141543,28077
20390,1249131439,1249150243,18804
20391,1249131514,1249153428,21914
20392,1249133663,1249153469,19806
20393,1249133784,1249153863,20079
20394,1249137710,1249156162,18452
20395,1249141543,1249159670,18127
20396,1249150243,1249160433,10190
20397,1249153428,1249160783,7355
20398,1249153469,1249162948,9479
20399,1249153863,1249163052,9189
20400,1249156162,1249165614,9452
20401,1249159670,1249166069,6399
20402,1249160433,1249166464,6031
20403,1249160783,1249167644,6861
20404,1249162948,1249172024,9076
20405,1249163052,1249183476,20424
20406,1249165614,1249183590,17976
20407,1249166069,1249187994,21925
20408,1249166464,1249190632,24168
20409,1249167644,1249192685,25041
20410,1249172024,1249194757,22733
20411,1249183476,1249201741,18265
20412,1249183590,1249205049,21459
20413,1249187994,1249207142,19148
20414,1249190632,1249211450,20818
20415,1249192685,1249214262,21577
20416,1249194757,1249215870,21113
20417,1249201741,1249225314,23573
20418,1249205049,1249234960,29911
20419,1249207142,1249235366,28224
20420,1249211450,1249236569,25119
20421,1249214262,1249244031,29769
20422,1249215870,1249244313,28443
20423,1249225314,1249246747,21433
20424,1249234960,1249252558,17598
20425,1249235366,1249255155,19789
20426,1249236569,1249256295,19726
20427,1249244031,1249265321,21290
20428,1249244313,1249265788,21475
20429,1249246747,1249269366,22619
20430,1249252558,1249270050,17492
20431,1249255155,1249274669,19514
20432,1249256295,1249305094,48799
20433,1249265321,1249307586,42265
20434,1249265788,1249307656,41868
20435,1249269366,1249320622,51256
20436,1249270050,1249330337,60287
20437,1249274669,1249333080,58411
20438,1249305094,1249340650,35556
20439,1249307586,1249353335,45749
20440,1249307656,1249355511,47855
20441,1249320622,1249356251,35629
20442,1249330337,1249358265,27928
20443,1249333080,1249359088,26008
20444,1249340650,1249361016,20366
20445,1249353335,1249361413,8078
20446,1249355511,1249362472,6961
20447,1249356251,1249364093,7842
20448,1249358265,1249364263,5998
20449,1249359088,1249364576,5488
20450,1249361016,1249364716,3700
20451,1249361413,1249365944,4531
20452,1249362472,1249366628,4156
20453,1249364093,1249367991,3898
20454,1249364263,1249369026,4763
20455,1249364576,1249369788,5212
20456,1249364716,1249371188,6472
20457,1249365944,1249371695,5751
20458,1249366628,1249371936,5308
20459,1249367991,1249373222,5231
20460,1249369026,1249374298,5272
20461,1249369788,1249375794,6006
20462,1249371188,1249376945,5757
20463,1249371695,1249377484,5789
20464,1249371936,1249377549,5613
20465,1249373222,1249379671,6449
20466,1249374298,1249380223,5925
20467,1249375794,1249380796,5002
20468,1249376945,1249381713,4768
20469,1249377484,1249382819,5335
20470,1249377549,1249382977,5428
20471,1249379671,1249385057,5386
20472,1249380223,1249385903,5680
20473,1249380796,1249386979,6183
20474,1249381713,1249388587,6874
20475,1249382819,1249389072,6253
20476,1249382977,1249390252,7275
20477,1249385057,1249391722,6665
20478,1249385903,1249392145,6242
20479,1249386979,1249392230,5251
20480,1249388587,1249394598,6011
20481,1249389072,1249394854,5782
20482,1249390252,1249395717,5465
20483,1249391722,1249395500,3778
20484,1249392145,1249396217,4072
20485,1249392230,1249397766,5536
20486,1249394598,1249400299,5701
20487,1249394854,1249402187,7333
20488,1249395500,1249403363,7863
20489,1249395717,1249404087,8370
20490,1249396217,1249406322,10105
20491,1249397766,1249408029,10263
20492,1249400299,1249409068,8769
20493,1249402187,1249409587,7400
20494,1249403363,1249411466,8103
20495,1249404087,1249411932,7845
20496,1249406322,1249412499,6177
20497,1249408029,1249414144,6115
20498,1249409068,1249415127,6059
20499,1249409587,1249416307,6720
20500,1249411466,1249416720,5254
20501,1249411932,1249417328,5396
20502,1249412499,1249417398,4899
20503,1249414144,1249417747,3603
20504,1249415127,1249417846,2719
20505,1249416307,1249418308,2001
20506,1249416720,1249418610,1890
20507,1249417328,1249418483,1155
20508,1249417398,1249419077,1679
20509,1249417747,1249420177,2430
20510,1249417846,1249422235,4389
20511,1249418308,1249423685,5377
20512,1249418483,1249425008,6525
20513,1249418610,1249426374,7764
20514,1249419077,1249426333,7256
20515,1249420177,1249426983,6806
20516,1249422235,1249428722,6487
20517,1249423685,1249429987,6302
20518,1249425008,1249429942,4934
20519,1249426333,1249430205,3872
20520,1249426374,1249430933,4559
20521,1249426983,1249431504,4521
20522,1249428722,1249431550,2828
20523,1249429942,1249432661,2719
20524,1249429987,1249432692,2705
20525,1249430205,1249433459,3254
20526,1249430933,1249433596,2663
20527,1249431504,1249433998,2494
20528,1249431550,1249434870,3320
20529,1249432661,1249435485,2824
20530,1249432692,1249436283,3591
20531,1249433459,1249438330,4871
20532,1249433596,1249440865,7269
20533,1249433998,1249443199,9201
20534,1249434870,1249444597,9727
20535,1249435485,1249446282,10797
20536,1249436283,1249446965,10682
20537,1249438330,1249448173,9843
20538,1249440865,1249450224,9359
20539,1249443199,1249451420,8221
20540,1249444597,1249451748,7151
20541,1249446282,1249452518,6236
20542,1249446965,1249452983,6018
20543,1249448173,1249452848,4675
20544,1249450224,1249453454,3230
20545,1249451420,1249453933,2513
20546,1249451748,1249454603,2855
20547,1249452518,1249456896,4378
20548,1249452848,1249457342,4494
20549,1249452983,1249459011,6028
20550,1249453454,1249459540,6086
20551,1249453933,1249461988,8055
20552,1249454603,1249463021,8418
20553,1249456896,1249463627,6731
20554,1249457342,1249464307,6965
20555,1249459011,1249465249,6238
20556,1249459540,1249466618,7078
20557,1249461988,1249466905,4917
20558,1249463021,1249466959,3938
20559,1249463627,1249468273,4646
20560,1249464307,1249469176,4869
20561,1249465249,1249470338,5089
20562,1249466618,1249472262,5644
20563,1249466905,1249472751,5846
20564,1249466959,1249474647,7688
20565,1249468273,1249474423,6150
20566,1249469176,1249477331,8155
20567,1249470338,1249477440,7102
20568,1249472262,1249478982,6720
20569,1249472751,1249480643,7892
20570,1249474423,1249480615,6192
20571,1249474647,1249481737,7090
20572,1249477331,1249482358,5027
20573,1249477440,1249483248,5808
20574,1249478982,1249483756,4774
20575,1249480615,1249484459,3844
20576,1249480643,1249485173,4530
20577,1249481737,1249486772,5035
20578,1249482358,1249487113,4755
20579,1249483248,1249488365,5117
20580,1249483756,1249490967,7211
20581,1249484459,1249492953,8494
20582,1249485173,1249494883,9710
20583,1249486772,1249495169,8397
20584,1249487113,1249495726,8613
20585,1249488365,1249497066,8701
20586,1249490967,1249498244,7277
20587,1249492953,1249499687,6734
20588,1249494883,1249500727,5844
20589,1249495169,1249501254,6085
20590,1249495726,1249502102,6376
20591,1249497066,1249502531,5465
20592,1249498244,1249503182,4938
20593,1249499687,1249503604,3917
20594,1249500727,1249506444,5717
20595,1249501254,1249506361,5107
20596,1249502102,1249506715,4613
20597,1249502531,1249507922,5391
20598,1249503182,1249508894,5712
20599,1249503604,1249509189,5585
20600,1249506361,1249510504,4143
20601,1249506444,1249513320,6876
20602,1249506715,1249513696,6981
20603,1249507922,1249514443,6521
20604,1249508894,1249515064,6170
20605,1249509189,1249515974,6785
20606,1249510504,1249516690,6186
20607,1249513320,1249516901,3581
20608,1249513696,1249518011,4315
20609,1249514443,1249518939,4496
20610,1249515064,1249519275,4211
20611,1249515974,1249519469,3495
20612,1249516690,1249521032,4342
20613,1249516901,1249521511,4610
20614,1249518011,1249522643,4632
20615,1249518939,1249523482,4543
20616,1249519275,1249524108,4833
20617,1249519469,1249524930,5461
20618,1249521032,1249525425,4393
20619,1249521511,1249526470,4959
20620,1249522643,1249527020,4377
20621,1249523482,1249527761,4279
20622,1249524108,1249528256,4148
20623,1249524930,1249530653,5723
20624,1249525425,1249530490,5065
20625,1249526470,1249530774,4304
20626,1249527020,1249531714,4694
20627,1249527761,1249532495,4734
20628,1249528256,1249534886,6630
20629,1249530490,1249534668,4178
20630,1249530653,1249536006,5353
20631,1249530774,1249536322,5548
20632,1249531714,1249538034,6320
20633,1249532495,1249538554,6059
20634,1249534668,1249539095,4427
20635,1249534886,1249539542,4656
20636,1249536006,1249541255,5249
20637,1249536322,1249541531,5209
20638,1249538034,1249541755,3721
20639,1249538554,1249543579,5025
20640,1249539095,1249545068,5973
20641,1249539542,1249546941,7399
20642,1249541255,1249547288,6033
20643,1249541531,1249549149,7618
20644,1249541755,1249549540,7785
20645,1249543579,1249549381,5802
20646,1249545068,1249550010,4942
20647,1249546941,1249549952,3011
20648,1249547288,1249551682,4394
20649,1249549149,1249553342,4193
20650,1249549381,1249554349,4968
20651,1249549540,1249555450,5910
20652,1249549952,1249555861,5909
20653,1249550010,1249556368,6358
20654,1249551682,1249557731,6049
20655,1249553342,1249559506,6164
20656,1249554349,1249559687,5338
20657,1249555450,1249561520,6070
20658,1249555861,1249562979,7118
20659,1249556368,1249565150,8782
20660,1249557731,1249565886,8155
20661,1249559506,1249566796,7290
20662,1249559687,1249567922,8235
20663,1249561520,1249567937,6417
20664,1249562979,1249569167,6188
20665,1249565150,1249570453,5303
20666,1249565886,1249570882,4996
20667,1249566796,1249570691,3895
20668,1249567922,1249571205,3283
20669,1249567937,1249571615,3678
20670,1249569167,1249572401,3234
20671,1249570453,1249572487,2034
20672,1249570691,1249573318,2627
20673,1249570882,1249573991,3109
20674,1249571205,1249575136,3931
20675,1249571615,1249577780,6165
20676,1249572401,1249577608,5207
20677,1249572487,1249580040,7553
20678,1249573318,1249580722,7404
20679,1249573991,1249580998,7007
20680,1249575136,1249582448,7312
20681,1249577608,1249583582,5974
20682,1249577780,1249583612,5832
20683,1249580040,1249584048,4008
20684,1249580722,1249585119,4397
20685,1249580998,1249587665,6667
20686,1249582448,1249588883,6435
20687,1249583582,1249589780,6198
20688,1249583612,1249590799,7187
20689,1249584048,1249593604,9556
20690,1249585119,1249594727,9608
20691,1249587665,1249597256,9591
20692,1249588883,1249597887,9004
20693,1249589780,1249600314,10534
20694,1249590799,1249601103,10304
20695,1249593604,1249602633,9029
20696,1249594727,1249603119,8392
20697,1249597256,1249604555,7299
20698,1249597887,1249604991,7104
20699,1249600314,1249605389,5075
20700,1249601103,1249607051,5948
20701,1249602633,1249607069,4436
20702,1249603119,1249608588,5469
20703,1249604555,1249610255,5700
20704,1249604991,1249610775,5784
20705,1249605389,1249612590,7201
20706,1249607051,1249614574,7523
20707,1249607069,1249614893,7824
20708,1249608588,1249615403,6815
20709,1249610255,1249616966,6711
20710,1249610775,1249619340,8565
20711,1249612590,1249620648,8058
20712,1249614574,1249622126,7552
20713,1249614893,1249622954,8061
20714,1249615403,1249623868,8465
20715,1249616966,1249624975,8009
20716,1249619340,1249626112,6772
20717,1249620648,1249626361,5713
20718,1249622126,1249626753,4627
20719,1249622954,1249629173,6219
20720,1249623868,1249629741,5873
20721,1249624975,1249630633,5658
20722,1249626112,1249630674,4562
20723,1249626361,1249631463,5102
20724,1249626753,1249632670,5917
20725,1249629173,1249634161,4988
20726,1249629741,1249636257,6516
20727,1249630633,1249636297,5664
20728,1249630674,1249639810,9136
20729,1249631463,1249640510,9047
20730,1249632670,1249643865,11195
20731,1249634161,1249644959,10798
20732,1249636257,1249647574,11317
20733,1249636297,1249648306,12009
20734,1249639810,1249650131,10321
20735,1249640510,1249650320,9810
20736,1249643865,1249650661,6796
20737,1249644959,1249651288,6329
20738,1249647574,1249651788,4214
20739,1249648306,1249652149,3843
20740,1249650131,1249654021,3890
20741,1249650320,1249654807,4487
20742,1249650661,1249655942,5281
20743,1249651288,1249658072,6784
20744,1249651788,1249658617,6829
20745,1249652149,1249659799,7650
20746,1249654021,1249661925,7904
20747,1249654807,1249662097,7290
20748,1249655942,1249663869,7927
20749,1249658072,1249665794,7722
20750,1249658617,1249666151,7534
20751,1249659799,1249667010,7211
20752,1249661925,1249667606,5681
20753,1249662097,1249668640,6543
20754,1249663869,1249668625,4756
20755,1249665794,1249669071,3277
20756,1249666151,1249670945,4794
20757,1249667010,1249671905,4895
20758,1249667606,1249672748,5142
20759,1249668625,1249673829,5204
20760,1249668640,1249674492,5852
20761,1249669071,1249675754,6683
20762,1249670945,1249677717,6772
20763,1249671905,1249678906,7001
20764,1249672748,1249680216,7468
20765,1249673829,1249681123,7294
20766,1249674492,1249682045,7553
20767,1249675754,1249683370,7616
20768,1249677717,1249683136,5419
20769,1249678906,1249683758,4852
20770,1249680216,1249684065,3849
20771,1249681123,1249685237,4114
20772,1249682045,1249686701,4656
20773,1249683136,1249687838,4702
20774,1249683370,1249688857,5487
20775,1249683758,1249689050,5292
20776,1249684065,1249689264,5199
20777,1249685237,1249690176,4939
20778,1249686701,1249692344,5643
20779,1249687838,1249694142,6304
20780,1249688857,1249694403,5546
20781,1249689050,1249694865,5815
20782,1249689264,1249695790,6526
20783,1249690176,1249698199,8023
20784,1249692344,1249700284,7940
20785,1249694142,1249700517,6375
20786,1249694403,1249701184,6781
20787,1249694865,1249701469,6604
20788,1249695790,1249702784,6994
20789,1249698199,1249703677,5478
20790,1249700284,1249703607,3323
20791,1249700517,1249704142,3625
20792,1249701184,1249704811,3627
20793,1249701469,1249705557,4088
20794,1249702784,1249706524,3740
20795,1249703607,1249708835,5228
20796,1249703677,1249709980,6303
20797,1249704142,1249712069,7927
20798,1249704811,1249714604,9793
20799,1249705557,1249714993,9436
20800,1249706524,1249715314,8790
20801,1249708835,1249717427,8592
20802,1249709980,1249718407,8427
20803,1249712069,1249720038,7969
20804,1249714604,1249722064,7460
20805,1249714993,1249721902,6909
20806,1249715314,1249722558,7244
20807,1249717427,1249723259,5832
20808,1249718407,1249724207,5800
20809,1249720038,1249724735,4697
20810,1249721902,1249725925,4023
20811,1249722064,1249726858,4794
20812,1249722558,1249727854,5296
20813,1249723259,1249728278,5019
20814,1249724207,1249728591,4384
20815,1249724735,1249729251,4516
20816,1249725925,1249731205,5280
20817,1249726858,1249732028,5170
20818,1249727854,1249733670,5816
20819,1249728278,1249734769,6491
20820,1249728591,1249736198,7607
20821,1249729251,1249737600,8349
20822,1249731205,1249737860,6655
20823,1249732028,1249738933,6905
20824,1249733670,1249739334,5664
20825,1249734769,1249739310,4541
20826,1249736198,1249741073,4875
20827,1249737600,1249743708,6108
20828,1249737860,1249745535,7675
20829,1249738933,1249747812,8879
20830,1249739310,1249747697,8387
20831,1249739334,1249747892,8558
20832,1249741073,1249750025,8952
20833,1249743708,1249751837,8129
20834,1249745535,1249751887,6352
20835,1249747697,1249753305,5608
20836,1249747812,1249753383,5571
20837,1249747892,1249755594,7702
20838,1249750025,1249755343,5318
20839,1249751837,1249756649,4812
20840,1249751887,1249757257,5370
20841,1249753305,1249759421,6116
20842,1249753383,1249759891,6508
20843,1249755343,1249760438,5095
20844,1249755594,1249761788,6194
20845,1249756649,1249761828,5179
20846,1249757257,1249762625,5368
20847,1249759421,1249763592,4171
20848,1249759891,1249763613,3722
20849,1249760438,1249765961,5523
20850,1249761788,1249767671,5883
20851,1249761828,1249767723,5895
20852,1249762625,1249770209,7584
20853,1249763592,1249771493,7901
20854,1249763613,1249772176,8563
20855,1249765961,1249772358,6397
20856,1249767671,1249774516,6845
20857,1249767723,1249776148,8425
20858,1249770209,1249777455,7246
20859,1249771493,1249777515,6022
20860,1249772176,1249778734,6558
20861,1249772358,1249780303,7945
20862,1249774516,1249780538,6022
20863,1249776148,1249781191,5043
20864,1249777455,1249783898,6443
20865,1249777515,1249786319,8804
20866,1249778734,1249787300,8566
20867,1249780303,1249787902,7599
20868,1249780538,1249788594,8056
20869,1249781191,1249789896,8705
20870,1249783898,1249790780,6882
20871,1249786319,1249790798,4479
20872,1249787300,1249792227,4927
20873,1249787902,1249793814,5912
20874,1249788594,1249794753,6159
20875,1249789896,1249794908,5012
20876,1249790780,1249795635,4855
20877,1249790798,1249796936,6138
20878,1249792227,1249797560,5333
20879,1249793814,1249797877,4063
20880,1249794753,1249798518,3765
20881,1249794908,1249800571,5663
20882,1249795635,1249801629,5994
20883,1249796936,1249802375,5439
20884,1249797560,1249802965,5405
20885,1249797877,1249804510,6633
20886,1249798518,1249805148,6630
20887,1249800571,1249805687,5116
20888,1249801629,1249806124,4495
20889,1249802375,1249806565,4190
20890,1249802965,1249806955,3990
20891,1249804510,1249807636,3126
20892,1249805148,1249808538,3390
20893,1249805687,1249809007,3320
20894,1249806124,1249810973,4849
20895,1249806565,1249810978,4413
20896,1249806955,1249811086,4131
20897,1249807636,1249811407,3771
20898,1249808538,1249812236,3698
20899,1249809007,1249812937,3930
20900,1249810973,1249812841,1868
20901,1249810978,1249814774,3796
20902,1249811086,1249815723,4637
20903,1249811407,1249815889,4482
20904,1249812236,1249817297,5061
20905,1249812841,1249817256,4415
20906,1249812937,1249817954,5017
20907,1249814774,1249819727,4953
20908,1249815723,1249820184,4461
20909,1249815889,1249820280,4391
20910,1249817256,1249820408,3152
20911,1249817297,1249821211,3914
20912,1249817954,1249821582,3628
20913,1249819727,1249822278,2551
20914,1249820184,1249823262,3078
20915,1249820280,1249824333,4053
20916,1249820408,1249825183,4775
20917,1249821211,1249825885,4674
20918,1249821582,1249827055,5473
20919,1249822278,1249827602,5324
20920,1249823262,1249827409,4147
20921,1249824333,1249828635,4302
20922,1249825183,1249829164,3981
20923,1249825885,1249829472,3587
20924,1249827055,1249831486,4431
20925,1249827409,1249831804,4395
20926,1249827602,1249833709,6107
20927,1249828635,1249834334,5699
20928,1249829164,1249834943,5779
20929,1249829472,1249837069,7597
20930,1249831486,1249837821,6335
20931,1249831804,1249837988,6184
20932,1249833709,1249838711,5002
20933,1249834334,1249839504,5170
20934,1249834943,1249840632,5689
20935,1249837069,1249842355,5286
20936,1249837821,1249843078,5257
20937,1249837988,1249842945,4957
20938,1249838711,1249843811,5100
20939,1249839504,1249844984,5480
20940,1249840632,1249846015,5383
20941,1249842355,1249846770,4415
20942,1249842945,1249847774,4829
20943,1249843078,1249848025,4947
20944,1249843811,1249848790,4979
20945,1249844984,1249849145,4161
20946,1249846015,1249849302,3287
20947,1249846770,1249850053,3283
20948,1249847774,1249850734,2960
20949,1249848025,1249852270,4245
20950,1249848790,1249853974,5184
20951,1249849145,1249854514,5369
20952,1249849302,1249855194,5892
20953,1249850053,1249856081,6028
20954,1249850734,1249857290,6556
20955,1249852270,1249858439,6169
20956,1249853974,1249859824,5850
20957,1249854514,1249862234,7720
20958,1249855194,1249862926,7732
20959,1249856081,1249865529,9448
20960,1249857290,1249868221,10931
20961,1249858439,1249869963,11524
20962,1249859824,1249870443,10619
20963,1249862234,1249871015,8781
20964,1249862926,1249871449,8523
20965,1249865529,1249871809,6280
20966,1249868221,1249872490,4269
20967,1249869963,1249872645,2682
20968,1249870443,1249873701,3258
20969,1249871015,1249874336,3321
20970,1249871449,1249876085,4636
20971,1249871809,1249876437,4628
20972,1249872490,1249878137,5647
20973,1249872645,1249879627,6982
20974,1249873701,1249880050,6349
20975,1249874336,1249880845,6509
20976,1249876085,1249881204,5119
20977,1249876437,1249881703,5266
20978,1249878137,1249883120,4983
20979,1249879627,1249883838,4211
20980,1249880050,1249885940,5890
20981,1249880845,1249885812,4967
20982,1249881204,1249887783,6579
20983,1249881703,1249888200,6497
20984,1249883120,1249888234,5114
20985,1249883838,1249890426,6588
20986,1249885812,1249891144,5332
20987,1249885940,1249892445,6505
20988,1249887783,1249893301,5518
20989,1249888200,1249895318,7118
20990,1249888234,1249897349,9115
20991,1249890426,1249899574,9148
20992,1249891144,1249900362,9218
20993,1249892445,1249900873,8428
20994,1249893301,1249902285,8984
20995,1249895318,1249904341,9023
20996,1249897349,1249904809,7460
20997,1249899574,1249905732,6158
20998,1249900362,1249907974,7612
20999,1249900873,1249908028,7155
21000,1249902285,1249908337,6052
21001,1249904341,1249910827,6486
21002,1249904809,1249911542,6733
21003,1249905732,1249913024,7292
21004,1249907974,1249915587,7613
21005,1249908028,1249915425,7397
21006,1249908337,1249917515,9178
21007,1249910827,1249918839,8012
21008,1249911542,1249920682,9140
21009,1249913024,1249921260,8236
21010,1249915425,1249923600,8175
21011,1249915587,1249923743,8156
21012,1249917515,1249924309,6794
21013,1249918839,1249925390,6551
21014,1249920682,1249925879,5197
21015,1249921260,1249926572,5312
21016,1249923600,1249926932,3332
21017,1249923743,1249929633,5890
21018,1249924309,1249931916,7607
21019,1249925390,1249933323,7933
21020,1249925879,1249934021,8142
21021,1249926572,1249935827,9255
21022,1249926932,1249936277,9345
21023,1249929633,1249937352,7719
21024,1249931916,1249939089,7173
21025,1249933323,1249939880,6557
21026,1249934021,1249940634,6613
21027,1249935827,1249942435,6608
21028,1249936277,1249943202,6925
21029,1249937352,1249944542,7190
21030,1249939089,1249945355,6266
21031,1249939880,1249947039,7159
21032,1249940634,1249948122,7488
21033,1249942435,1249950324,7889
21034,1249943202,1249951332,8130
21035,1249944542,1249952373,7831
21036,1249945355,1249952160,6805
21037,1249947039,1249952485,5446
21038,1249948122,1249954341,6219
21039,1249950324,1249955648,5324
21040,1249951332,1249958202,6870
21041,1249952160,1249958222,6062
21042,1249952373,1249960491,8118
21043,1249952485,1249963335,10850
21044,1249954341,1249965521,11180
21045,1249955648,1249965593,9945
21046,1249958202,1249967945,9743
21047,1249958222,1249968651,10429
21048,1249960491,1249968454,7963
21049,1249963335,1249970867,7532
21050,1249965521,1249973058,7537
21051,1249965593,1249975315,9722
21052,1249967945,1249976504,8559
21053,1249968454,1249977262,8808
21054,1249968651,1249978186,9535
21055,1249970867,1249980803,9936
21056,1249973058,1249982169,9111
21057,1249975315,1249983594,8279
21058,1249976504,1249984280,7776
21059,1249977262,1249984345,7083
21060,1249978186,1249985696,7510
21061,1249980803,1249986236,5433
21062,1249982169,1249988648,6479
21063,1249983594,1249988892,5298
21064,1249984280,1249990968,6688
21065,1249984345,1249991449,7104
21066,1249985696,1249992826,7130
21067,1249986236,1249993602,7366
21068,1249988648,1249995609,6961
21069,1249988892,1249995999,7107
21070,1249990968,1249998171,7203
21071,1249991449,1249999123,7674
21072,1249992826,1250001812,8986
21073,1249993602,1250002824,9222
21074,1249995609,1250003923,8314
21075,1249995999,1250004539,8540
21076,1249998171,1250005418,7247
21077,1249999123,1250006731,7608
21078,1250001812,1250006864,5052
21079,1250002824,1250008412,5588
21080,1250003923,1250009254,5331
21081,1250004539,1250009714,5175
21082,1250005418,1250010685,5267
21083,1250006731,1250012765,6034
21084,1250006864,1250015479,8615
21085,1250008412,1250017454,9042
21086,1250009254,1250019316,10062
21087,1250009714,1250019767,10053
21088,1250010685,1250021766,11081
21089,1250012765,1250022895,10130
21090,1250015479,1250024006,8527
21091,1250017454,1250024991,7537
21092,1250019316,1250025686,6370
21093,1250019767,1250026229,6462
21094,1250021766,1250026515,4749
21095,1250022895,1250027909,5014
21096,1250024006,1250028260,4254
21097,1250024991,1250029420,4429
21098,1250025686,1250030319,4633
21099,1250026229,1250031045,4816
21100,1250026515,1250032467,5952
21101,1250027909,1250033159,5250
21102,1250028260,1250034900,6640
21103,1250029420,1250035564,6144
21104,1250030319,1250037221,6902
21105,1250031045,1250037684,6639
21106,1250032467,1250039665,7198
21107,1250033159,1250041701,8542
21108,1250034900,1250042154,7254
21109,1250035564,1250043057,7493
21110,1250037221,1250045836,8615
21111,1250037684,1250047581,9897
21112,1250039665,1250048674,9009
21113,1250041701,1250049147,7446
21114,1250042154,1250049563,7409
21115,1250043057,1250050147,7090
21116,1250045836,1250050936,5100
21117,1250047581,1250051558,3977
21118,1250048674,1250051586,2912
21119,1250049147,1250052270,3123
21120,1250049563,1250052874,3311
21121,1250050147,1250054026,3879
21122,1250050936,1250055099,4163
21123,1250051558,1250056758,5200
21124,1250051586,1250059615,8029
21125,1250052270,1250060163,7893
21126,1250052874,1250060838,7964
21127,1250054026,1250063124,9098
21128,1250055099,1250065382,10283
21129,1250056758,1250065965,9207
21130,1250059615,1250066642,7027
21131,1250060163,1250068576,8413
21132,1250060838,1250070729,9891
21133,1250063124,1250072635,9511
21134,1250065382,1250076566,11184
21135,1250065965,1250077786,11821
21136,1250066642,1250079368,12726
21137,1250068576,1250081741,13165
21138,1250070729,1250082199,11470
21139,1250072635,1250084233,11598
21140,1250076566,1250084982,8416
21141,1250077786,1250087132,9346
21142,1250079368,1250089054,9686
21143,1250081741,1250090411,8670
21144,1250082199,1250091176,8977
21145,1250084233,1250091111,6878
21146,1250084982,1250092608,7626
21147,1250087132,1250092857,5725
21148,1250089054,1250094264,5210
21149,1250090411,1250096559,6148
21150,1250091111,1250099013,7902
21151,1250091176,1250100345,9169
21152,1250092608,1250102626,10018
21153,1250092857,1250103202,10345
21154,1250094264,1250104679,10415
21155,1250096559,1250106020,9461
21156,1250099013,1250107694,8681
21157,1250100345,1250109644,9299
21158,1250102626,1250111248,8622
21159,1250103202,1250111279,8077
21160,1250104679,1250113039,8360
21161,1250106020,1250115349,9329
21162,1250107694,1250117033,9339
21163,1250109644,1250117592,7948
21164,1250111248,1250119487,8239
21165,1250111279,1250120471,9192
21166,1250113039,1250122012,8973
21167,1250115349,1250124618,9269
21168,1250117033,1250125696,8663
21169,1250117592,1250125859,8267
21170,1250119487,1250125882,6395
21171,1250120471,1250127721,7250
21172,1250122012,1250128225,6213
21173,1250124618,1250128137,3519
21174,1250125696,1250129079,3383
21175,1250125859,1250129736,3877
21176,1250125882,1250130333,4451
21177,1250127721,1250130794,3073
21178,1250128137,1250132892,4755
21179,1250128225,1250134309,6084
21180,1250129079,1250135632,6553
21181,1250129736,1250136922,7186
21182,1250130333,1250138547,8214
21183,1250130794,1250139140,8346
21184,1250132892,1250139872,6980
21185,1250134309,1250140637,6328
21186,1250135632,1250141465,5833
21187,1250136922,1250141519,4597
21188,1250138547,1250141731,3184
21189,1250139140,1250142200,3060
21190,1250139872,1250142940,3068
21191,1250140637,1250144163,3526
21192,1250141465,1250144648,3183
21193,1250141519,1250145529,4010
21194,1250141731,1250145292,3561
21195,1250142200,1250147286,5086
21196,1250142940,1250148613,5673
21197,1250144163,1250149718,5555
21198,1250144648,1250150631,5983
21199,1250145292,1250150405,5113
21200,1250145529,1250151477,5948
21201,1250147286,1250152407,5121
21202,1250148613,1250154536,5923
21203,1250149718,1250155313,5595
21204,1250150405,1250156479,6074
21205,1250150631,1250157492,6861
21206,1250151477,1250159204,7727
21207,1250152407,1250159876,7469
21208,1250154536,1250160896,6360
21209,1250155313,1250163335,8022
21210,1250156479,1250163735,7256
21211,1250157492,1250165076,7584
21212,1250159204,1250165014,5810
21213,1250159876,1250165193,5317
21214,1250160896,1250165916,5020
21215,1250163335,1250166612,3277
21216,1250163735,1250168551,4816
21217,1250165014,1250169988,4974
21218,1250165076,1250171061,5985
21219,1250165193,1250173039,7846
21220,1250165916,1250174187,8271
21221,1250166612,1250174014,7402
21222,1250168551,1250174789,6238
21223,1250169988,1250175186,5198
21224,1250171061,1250176033,4972
21225,1250173039,1250177825,4786
21226,1250174014,1250177634,3620
21227,1250174187,1250178761,4574
21228,1250174789,1250181350,6561
21229,1250175186,1250183630,8444
21230,1250176033,1250185694,9661
21231,1250177634,1250186409,8775
21232,1250177825,1250186994,9169
21233,1250178761,1250188102,9341
21234,1250181350,1250188586,7236
21235,1250183630,1250189346,5716
21236,1250185694,1250190250,4556
21237,1250186409,1250192609,6200
21238,1250186994,1250194617,7623
21239,1250188102,1250195888,7786
21240,1250188586,1250197390,8804
21241,1250189346,1250198103,8757
21242,1250190250,1250198505,8255
21243,1250192609,1250199991,7382
21244,1250194617,1250200522,5905
21245,1250195888,1250201236,5348
21246,1250197390,1250203478,6088
21247,1250198103,1250204087,5984
21248,1250198505,1250204857,6352
21249,1250199991,1250205370,5379
21250,1250200522,1250207501,6979
21251,1250201236,1250210150,8914
21252,1250203478,1250212198,8720
21253,1250204087,1250213633,9546
21254,1250204857,1250213737,8880
21255,1250205370,1250214701,9331
21256,1250207501,1250215807,8306
21257,1250210150,1250217448,7298
21258,1250212198,1250219505,7307
21259,1250213633,1250220552,6919
21260,1250213737,1250221545,7808
21261,1250214701,1250222880,8179
21262,1250215807,1250223180,7373
21263,1250217448,1250224871,7423
21264,1250219505,1250225206,5701
21265,1250220552,1250226969,6417
21266,1250221545,1250229606,8061
21267,1250222880,1250230030,7150
21268,1250223180,1250231311,8131
21269,1250224871,1250233207,8336
21270,1250225206,1250233024,7818
21271,1250226969,1250234641,7672
21272,1250229606,1250236701,7095
21273,1250230030,1250238331,8301
21274,1250231311,1250240861,9550
21275,1250233024,1250242289,9265
21276,1250233207,1250244810,11603
21277,1250234641,1250246274,11633
21278,1250236701,1250246065,9364
21279,1250238331,1250248010,9679
21280,1250240861,1250248902,8041
21281,1250242289,1250249720,7431
21282,1250244810,1250251912,7102
21283,1250246065,1250253967,7902
21284,1250246274,1250255954,9680
21285,1250248010,1250255873,7863
21286,1250248902,1250258036,9134
21287,1250249720,1250260472,10752
21288,1250251912,1250261740,9828
21289,1250253967,1250262529,8562
21290,1250255873,1250264302,8429
21291,1250255954,1250265402,9448
21292,1250258036,1250267122,9086
21293,1250260472,1250268148,7676
21294,1250261740,1250268974,7234
21295,1250262529,1250270513,7984
21296,1250264302,1250272324,8022
21297,1250265402,1250273197,7795
21298,1250267122,1250274123,7001
21299,1250268148,1250274856,6708
21300,1250268974,1250276111,7137
21301,1250270513,1250276555,6042
21302,1250272324,1250279112,6788
21303,1250273197,1250279172,5975
21304,1250274123,1250280794,6671
21305,1250274856,1250283249,8393
21306,1250276111,1250283525,7414
21307,1250276555,1250285133,8578
21308,1250279112,1250285844,6732
21309,1250279172,1250286990,7818
21310,1250280794,1250286833,6039
21311,1250283249,1250287709,4460
21312,1250283525,1250288632,5107
21313,1250285133,1250292478,7345
21314,1250285844,1250296235,10391
21315,1250286833,1250297349,10516
21316,1250286990,1250299564,12574
21317,1250287709,1250300465,12756
21318,1250288632,1250303880,15248
21319,1250292478,1250307560,15082
21320,1250296235,1250309185,12950
21321,1250297349,1250311578,14229
21322,1250299564,1250311919,12355
21323,1250300465,1250318722,18257
21324,1250303880,1250324519,20639
21325,1250307560,1250332171,24611
21326,1250309185,1250336758,27573
21327,1250311578,1250339194,27616
21328,1250311919,1250340744,28825
21329,1250318722,1250344448,25726
21330,1250324519,1250344977,20458
21331,1250332171,1250358017,25846
21332,1250336758,1250366807,30049
21333,1250339194,1250368227,29033
21334,1250340744,1250374706,33962
21335,1250344448,1250375604,31156
21336,1250344977,1250376113,31136
21337,1250358017,1250376179,18162
21338,1250366807,1250377704,10897
21339,1250368227,1250378426,10199
21340,1250374706,1250390124,15418
21341,1250375604,1250390401,14797
21342,1250376113,1250394721,18608
21343,1250376179,1250400613,24434
21344,1250377704,1250402216,24512
21345,1250378426,1250411819,33393
21346,1250390124,1250414530,24406
21347,1250390401,1250416921,26520
21348,1250394721,1250430426,35705
21349,1250400613,1250431085,30472
21350,1250402216,1250432113,29897
21351,1250411819,1250434465,22646
21352,1250414530,1250438787,24257
21353,1250416921,1250443627,26706
21354,1250430426,1250443991,13565
21355,1250431085,1250445327,14242
21356,1250432113,1250445565,13452
21357,1250434465,1250446863,12398
21358,1250438787,1250446974,8187
21359,1250443627,1250468442,24815
21360,1250443991,1250475393,31402
21361,1250445327,1250487199,41872
21362,1250445565,1250488401,42836
21363,1250446863,1250489276,42413
21364,1250446974,1250492999,46025
21365,1250468442,1250497890,29448
21366,1250475393,1250503322,27929
21367,1250487199,1250506929,19730
21368,1250488401,1250508080,19679
21369,1250489276,1250516012,26736
21370,1250492999,1250519829,26830
21371,1250497890,1250520203,22313
21372,1250503322,1250522091,18769
21373,1250506929,1250528179,21250
21374,1250508080,1250542272,34192
21375,1250516012,1250544236,28224
21376,1250519829,1250563516,43687
21377,1250520203,1250564362,44159
21378,1250522091,1250569135,47044
21379,1250528179,1250575050,46871
21380,1250542272,1250584792,42520
21381,1250544236,1250585220,40984
21382,1250563516,1250604844,41328
21383,1250564362,1250623361,58999
21384,1250569135,1250627442,58307
21385,1250575050,1250638734,63684
21386,1250584792,1250643732,58940
21387,1250585220,1250648339,63119
21388,1250604844,1250651554,46710
21389,1250623361,1250679678,56317
21390,1250627442,1250679989,52547
21391,1250638734,1250681192,42458
21392,1250643732,1250681433,37701
21393,1250648339,1250692183,43844
21394,1250651554,1250692551,40997
21395,1250679678,1250695669,15991
21396,1250679989,1250698023,18034
21397,1250681192,1250702229,21037
21398,1250681433,1250706053,24620
21399,1250692183,1250708557,16374
21400,1250692551,1250710529,17978
21401,1250695669,1250711156,15487
21402,1250698023,1250712767,14744
21403,1250702229,1250725825,23596
21404,1250706053,1250726547,20494
21405,1250708557,1250729799,21242
21406,1250710529,1250734541,24012
21407,1250711156,1250739125,27969
21408,1250712767,1250745334,32567
21409,1250725825,1250747837,22012
21410,1250726547,1250751698,25151
21411,1250729799,1250756804,27005
21412,1250734541,1250759452,24911
21413,1250739125,1250759900,20775
21414,1250745334,1250760620,15286
21415,1250747837,1250761941,14104
21416,1250751698,1250762558,10860
21417,1250756804,1250762699,5895
21418,1250759452,1250776632,17180
21419,1250759900,1250782112,22212
21420,1250760620,1250785176,24556
21421,1250761941,1250787558,25617
21422,1250762558,1250794307,31749
21423,1250762699,1250802374,39675
21424,1250776632,1250803876,27244
21425,1250782112,1250808072,25960
21426,1250785176,1250813211,28035
21427,1250787558,1250816901,29343
21428,1250794307,1250827262,32955
21429,1250802374,1250828897,26523
21430,1250803876,1250832445,28569
21431,1250808072,1250837793,29721
21432,1250813211,1250841128,27917
21433,1250816901,1250847468,30567
21434,1250827262,1250849257,21995
21435,1250828897,1250853626,24729
21436,1250832445,1250855415,22970
21437,1250837793,1250856495,18702
21438,1250841128,1250894714,53586
21439,1250847468,1250895710,48242
21440,1250849257,1250909262,60005
21441,1250853626,1250918054,64428
21442,1250855415,1250933882,78467
21443,1250856495,1250943190,86695
21444,1250894714,1250957039,62325
21445,1250895710,1250961153,65443
21446,1250909262,1250984727,75465
21447,1250918054,1250993772,75718
21448,1250933882,1250993872,59990
21449,1250943190,1251014412,71222
21450,1250957039,1251015524,58485
21451,1250961153,1251022095,60942
21452,1250984727,1251024977,40250
21453,1250993772,1251029002,35230
21454,1250993872,1251029496,35624
21455,1251014412,1251030985,16573
21456,1251015524,1251032985,17461
21457,1251022095,1251037558,15463
21458,1251024977,1251051837,26860
21459,1251029002,1251062562,33560
21460,1251029496,1251064468,34972
21461,1251030985,1251070841,39856
21462,1251032985,1251084054,51069
21463,1251037558,1251103859,66301
21464,1251051837,1251119554,67717
21465,1251062562,1251123146,60584
21466,1251064468,1251146196,81728
21467,1251070841,1251147873,77032
21468,1251084054,1251150007,65953
21469,1251103859,1251152486,48627
21470,1251119554,1251152945,33391
21471,1251123146,1251153338,30192
21472,1251146196,1251153764,7568
21473,1251147873,1251154721,6848
21474,1251150007,1251155359,5352
21475,1251152486,1251157727,5241
21476,1251152945,1251158257,5312
21477,1251153338,1251159186,5848
21478,1251153764,1251160399,6635
21479,1251154721,1251162585,7864
21480,1251155359,1251162523,7164
21481,1251157727,1251164843,7116
21482,1251158257,1251165885,7628
21483,1251159186,1251167981,8795
21484,1251160399,1251170610,10211
21485,1251162523,1251170886,8363
21486,1251162585,1251171817,9232
21487,1251164843,1251173098,8255
21488,1251165885,1251173564,7679
21489,1251167981,1251175498,7517
21490,1251170610,1251176399,5789
21491,1251170886,1251176911,6025
21492,1251171817,1251177934,6117
21493,1251173098,1251179677,6579
21494,1251173564,1251179889,6325
21495,1251175498,1251182385,6887
21496,1251176399,1251184167,7768
21497,1251176911,1251184801,7890
21498,1251177934,1251187510,9576
21499,1251179677,1251189910,10233
21500,1251179889,1251191283,11394
21501,1251182385,1251192868,10483
21502,1251184167,1251193966,9799
21503,1251184801,1251195960,11159
21504,1251187510,1251196950,9440
21505,1251189910,1251198229,8319
21506,1251191283,1251199527,8244
21507,1251192868,1251201086,8218
21508,1251193966,1251203947,9981
21509,1251195960,1251204989,9029
21510,1251196950,1251206208,9258
21511,1251198229,1251207549,9320
21512,1251199527,1251209008,9481
21513,1251201086,1251210246,9160
21514,1251203947,1251210993,7046
21515,1251204989,1251211546,6557
21516,1251206208,1251214419,8211
21517,1251207549,1251216953,9404
21518,1251209008,1251219276,10268
21519,1251210246,1251221922,11676
21520,1251210993,1251222812,11819
21521,1251211546,1251224689,13143
21522,1251214419,1251225160,10741
21523,1251216953,1251227508,10555
21524,1251219276,1251227580,8304
21525,1251221922,1251229791,7869
21526,1251222812,1251232758,9946
21527,1251224689,1251255839,31150
21528,1251225160,1251258391,33231
21529,1251227508,1251259510,32002
21530,1251227580,1251260817,33237
21531,1251229791,1251261718,31927
21532,1251232758,1251263215,30457
21533,1251255839,1251264030,8191
21534,1251258391,1251264950,6559
21535,1251259510,1251267414,7904
21536,1251260817,1251271559,10742
21537,1251261718,1251272407,10689
21538,1251263215,1251273543,10328
21539,1251264030,1251274289,10259
21540,1251264950,1251275967,11017
21541,1251267414,1251276486,9072
21542,1251271559,1251280399,8840
21543,1251272407,1251282380,9973
21544,1251273543,1251284611,11068
21545,1251274289,1251285204,10915
21546,1251275967,1251286938,10971
21547,1251276486,1251287656,11170
21548,1251280399,1251288848,8449
21549,1251282380,1251291238,8858
21550,1251284611,1251293913,9302
21551,1251285204,1251294640,9436
21552,1251286938,1251296299,9361
21553,1251287656,1251297825,10169
21554,1251288848,1251298944,10096
21555,1251291238,1251301593,10355
21556,1251293913,1251302345,8432
21557,1251294640,1251302852,8212
21558,1251296299,1251303658,7359
21559,1251297825,1251305882,8057
21560,1251298944,1251307104,8160
21561,1251301593,1251307729,6136
21562,1251302345,1251308702,6357
21563,1251302852,1251310998,8146
21564,1251303658,1251313049,9391
21565,1251305882,1251315673,9791
21566,1251307104,1251318417,11313
21567,1251307729,1251320678,12949
21568,1251308702,1251321504,12802
21569,1251310998,1251322190,11192
21570,1251313049,1251325309,12260
21571,1251315673,1251326923,11250
21572,1251318417,1251327669,9252
21573,1251320678,1251328843,8165
21574,1251321504,1251330334,8830
21575,1251322190,1251331865,9675
21576,1251325309,1251332560,7251
21577,1251326923,1251332710,5787
21578,1251327669,1251333730,6061
21579,1251328843,1251334843,6000
21580,1251330334,1251335631,5297
21581,1251331865,1251345022,13157
21582,1251332560,1251349131,16571
21583,1251332710,1251351200,18490
21584,1251333730,1251360890,27160
21585,1251334843,1251379010,44167
21586,1251335631,1251385983,50352
21587,1251345022,1251389692,44670
21588,1251349131,1251390434,41303
21589,1251351200,1251390956,39756
21590,1251360890,1251392345,31455
21591,1251379010,1251396078,17068
21592,1251385983,1251396493,10510
21593,1251389692,1251397255,7563
21594,1251390434,1251399786,9352
21595,1251390956,1251400388,9432
21596,1251392345,1251400872,8527
21597,1251396078,1251407012,10934
21598,1251396493,1251407552,11059
21599,1251397255,1251409230,11975
21600,1251399786,1251410839,11053
21601,1251400388,1251413018,12630
21602,1251400872,1251413442,12570
21603,1251407012,1251415825,8813
21604,1251407552,1251418289,10737
21605,1251409230,1251418944,9714
21606,1251410839,1251419084,8245
21607,1251413018,1251419935,6917
21608,1251413442,1251421468,8026
21609,1251415825,1251421284,5459
21610,1251418289,1251422066,3777
21611,1251418944,1251421942,2998
21612,1251419084,1251423845,4761
21613,1251419935,1251425929,5994
21614,1251421284,1251426375,5091
21615,1251421468,1251427369,5901
21616,1251421942,1251428289,6347
21617,1251422066,1251429274,7208
21618,1251423845,1251429568,5723
21619,1251425929,1251431302,5373
21620,1251426375,1251433465,7090
21621,1251427369,1251436346,8977
21622,1251428289,1251436903,8614
21623,1251429274,1251438071,8797
21624,1251429568,1251438408,8840
21625,1251431302,1251439274,7972
21626,1251433465,1251442029,8564
21627,1251436346,1251442830,6484
21628,1251436903,1251444281,7378
21629,1251438071,1251446634,8563
21630,1251438408,1251447003,8595
21631,1251439274,1251448540,9266
21632,1251442029,1251451407,9378
21633,1251442830,1251451745,8915
21634,1251444281,1251453114,8833
21635,1251446634,1251454037,7403
21636,1251447003,1251456044,9041
21637,1251448540,1251457786,9246
21638,1251451407,1251458414,7007
21639,1251451745,1251459648,7903
21640,1251453114,1251460345,7231
21641,1251454037,1251461479,7442
21642,1251456044,1251462941,6897
21643,1251457786,1251464106,6320
21644,1251458414,1251466100,7686
21645,1251459648,1251468417,8769
21646,1251460345,1251470626,10281
21647,1251461479,1251471043,9564
21648,1251462941,1251473140,10199
21649,1251464106,1251473686,9580
21650,1251466100,1251474651,8551
21651,1251468417,1251476715,8298
21652,1251470626,1251477183,6557
21653,1251471043,1251479832,8789
21654,1251473140,1251480272,7132
21655,1251473686,1251482390,8704
21656,1251474651,1251482191,7540
21657,1251476715,1251483705,6990
21658,1251477183,1251484650,7467
21659,1251479832,1251484626,4794
21660,1251480272,1251485600,5328
21661,1251482191,1251486495,4304
21662,1251482390,1251486441,4051
21663,1251483705,1251488899,5194
21664,1251484626,1251489158,4532
21665,1251484650,1251491511,6861
21666,1251485600,1251492653,7053
21667,1251486441,1251493051,6610
21668,1251486495,1251493751,7256
21669,1251488899,1251494795,5896
21670,1251489158,1251497643,8485
21671,1251491511,1251498273,6762
21672,1251492653,1251498915,6262
21673,1251493051,1251500089,7038
21674,1251493751,1251501620,7869
21675,1251494795,1251501922,7127
21676,1251497643,1251502327,4684
21677,1251498273,1251503170,4897
21678,1251498915,1251503640,4725
21679,1251500089,1251505637,5548
21680,1251501620,1251506128,4508
21681,1251501922,1251507039,5117
21682,1251502327,1251508892,6565
21683,1251503170,1251510013,6843
21684,1251503640,1251510718,7078
21685,1251505637,1251512296,6659
21686,1251506128,1251513783,7655
21687,1251507039,1251514364,7325
21688,1251508892,1251515090,6198
21689,1251510013,1251516403,6390
21690,1251510718,1251517603,6885
21691,1251512296,1251519127,6831
21692,1251513783,1251520601,6818
21693,1251514364,1251523523,9159
21694,1251515090,1251524626,9536
21695,1251516403,1251524764,8361
21696,1251517603,1251526808,9205
21697,1251519127,1251527135,8008
21698,1251520601,1251527298,6697
21699,1251523523,1251528341,4818
21700,1251524626,1251529433,4807
21701,1251524764,1251529652,4888
21702,1251526808,1251531124,4316
21703,1251527135,1251533436,6301
21704,1251527298,1251534221,6923
21705,1251528341,1251534695,6354
21706,1251529433,1251535412,5979
21707,1251529652,1251535598,5946
21708,1251531124,1251536182,5058
21709,1251533436,1251535908,2472
21710,1251534221,1251536681,2460
21711,1251534695,1251537488,2793
21712,1251535412,1251538268,2856
21713,1251535598,1251539848,4250
21714,1251535908,1251540299,4391
21715,1251536182,1251542205,6023
21716,1251536681,1251542727,6046
21717,1251537488,1251543522,6034
21718,1251538268,1251544215,5947
21719,1251539848,1251544862,5014
21720,1251540299,1251544791,4492
21721,1251542205,1251545405,3200
21722,1251542727,1251546080,3353
21723,1251543522,1251546476,2954
21724,1251544215,1251547769,3554
21725,1251544791,1251548463,3672
21726,1251544862,1251548978,4116
21727,1251545405,1251549582,4177
21728,1251546080,1251552811,6731
21729,1251546476,1251553519,7043
21730,1251547769,1251556076,8307
21731,1251548463,1251557256,8793
21732,1251548978,1251558558,9580
21733,1251549582,1251559953,10371
21734,1251552811,1251560564,7753
21735,1251553519,1251560887,7368
21736,1251556076,1251563362,7286
21737,1251557256,1251565895,8639
21738,1251558558,1251568698,10140
21739,1251559953,1251568727,8774
21740,1251560564,1251569997,9433
21741,1251560887,1251571824,10937
21742,1251563362,1251572967,9605
21743,1251565895,1251574341,8446
21744,1251568698,1251576367,7669
21745,1251568727,1251578744,10017
21746,1251569997,1251579318,9321
21747,1251571824,1251580578,8754
21748,1251572967,1251581877,8910
21749,1251574341,1251582629,8288
21750,1251576367,1251584127,7760
21751,1251578744,1251584940,6196
21752,1251579318,1251585110,5792
21753,1251580578,1251587091,6513
21754,1251581877,1251588202,6325
21755,1251582629,1251589380,6751
21756,1251584127,1251589947,5820
21757,1251584940,1251590400,5460
21758,1251585110,1251592729,7619
21759,1251587091,1251595137,8046
21760,1251588202,1251595047,6845
21761,1251589380,1251598331,8951
21762,1251589947,1251598890,8943
21763,1251590400,1251599128,8728
21764,1251592729,1251599610,6881
21765,1251595047,1251601139,6092
21766,1251595137,1251601183,6046
21767,1251598331,1251601301,2970
21768,1251598890,1251602432,3542
21769,1251599128,1251603283,4155
21770,1251599610,1251603283,3673
21771,1251601139,1251605016,3877
21772,1251601183,1251606277,5094
21773,1251601301,1251606063,4762
21774,1251602432,1251607951,5519
21775,1251603283,1251609051,5768
21776,1251603283,1251609822,6539
21777,1251605016,1251610657,5641
21778,1251606063,1251611278,5215
21779,1251606277,1251611435,5158
21780,1251607951,1251611577,3626
21781,1251609051,1251613892,4841
21782,1251609822,1251616139,6317
21783,1251610657,1251617074,6417
21784,1251611278,1251618743,7465
21785,1251611435,1251619844,8409
21786,1251611577,1251620135,8558
21787,1251613892,1251620964,7072
21788,1251616139,1251621096,4957
21789,1251617074,1251621657,4583
21790,1251618743,1251623451,4708
21791,1251619844,1251624138,4294
21792,1251620135,1251624531,4396
21793,1251620964,1251624347,3383
21794,1251621096,1251625369,4273
21795,1251621657,1251625588,3931
21796,1251623451,1251625917,2466
21797,1251624138,1251625806,1668
21798,1251624347,1251627698,3351
21799,1251624531,1251627981,3450
21800,1251625369,1251629422,4053
21801,1251625588,1251629810,4222
21802,1251625806,1251630049,4243
21803,1251625917,1251630428,4511
21804,1251627698,1251631233,3535
21805,1251627981,1251631849,3868
21806,1251629422,1251632834,3412
21807,1251629810,1251634329,4519
21808,1251630049,1251636373,6324
21809,1251630428,1251637129,6701
21810,1251631233,1251638840,7607
21811,1251631849,1251639428,7579
21812,1251632834,1251642623,9789
21813,1251634329,1251643024,8695
21814,1251636373,1251645003,8630
21815,1251637129,1251645330,8201
21816,1251638840,1251646087,7247
21817,1251639428,1251647105,7677
21818,1251642623,1251647669,5046
21819,1251643024,1251647904,4880
21820,1251645003,1251648489,3486
21821,1251645330,1251650056,4726
21822,1251646087,1251650461,4374
21823,1251647105,1251652630,5525
21824,1251647669,1251652567,4898
21825,1251647904,1251653138,5234
21826,1251648489,1251654324,5835
21827,1251650056,1251654628,4572
21828,1251650461,1251655556,5095
21829,1251652567,1251655877,3310
21830,1251652630,1251657060,4430
21831,1251653138,1251658548,5410
21832,1251654324,1251659538,5214
21833,1251654628,1251661800,7172
21834,1251655556,1251662108,6552
21835,1251655877,1251663064,7187
21836,1251657060,1251664175,7115
21837,1251658548,1251664902,6354
21838,1251659538,1251666010,6472
21839,1251661800,1251666509,4709
21840,1251662108,1251667413,5305
21841,1251663064,1251668983,5919
21842,1251664175,1251669155,4980
21843,1251664902,1251670048,5146
21844,1251666010,1251670935,4925
21845,1251666509,1251671213,4704
21846,1251667413,1251671720,4307
21847,1251668983,1251671526,2543
21848,1251669155,1251672362,3207
21849,1251670048,1251674036,3988
21850,1251670935,1251675489,4554
21851,1251671213,1251676670,5457
21852,1251671526,1251676521,4995
21853,1251671720,1251676757,5037
21854,1251672362,1251677272,4910
21855,1251674036,1251679060,5024
21856,1251675489,1251679211,3722
21857,1251676521,1251681733,5212
21858,1251676670,1251681619,4949
21859,1251676757,1251682106,5349
21860,1251677272,1251683783,6511
21861,1251679060,1251684552,5492
21862,1251679211,1251686337,7126
21863,1251681619,1251685993,4374
21864,1251681733,1251686348,4615
21865,1251682106,1251687651,5545
21866,1251683783,1251690113,6330
21867,1251684552,1251691275,6723
21868,1251685993,1251691075,5082
21869,1251686337,1251691625,5288
21870,1251686348,1251691995,5647
21871,1251687651,1251692747,5096
21872,1251690113,1251693478,3365
21873,1251691075,1251695603,4528
21874,1251691275,1251695794,4519
21875,1251691625,1251696825,5200
21876,1251691995,1251699068,7073
21877,1251692747,1251699406,6659
21878,1251693478,1251700056,6578
21879,1251695603,1251700310,4707
21880,1251695794,1251700531,4737
21881,1251696825,1251701403,4578
21882,1251699068,1251701310,2242
21883,1251699406,1251703168,3762
21884,1251700056,1251704429,4373
21885,1251700310,1251704892,4582
21886,1251700531,1251705021,4490
21887,1251701310,1251705689,4379
21888,1251701403,1251706081,4678
21889,1251703168,1251707533,4365
21890,1251704429,1251707311,2882
21891,1251704892,1251707740,2848
21892,1251705021,1251710066,5045
21893,1251705689,1251710853,5164
21894,1251706081,1251711392,5311
21895,1251707311,1251713691,6380
21896,1251707533,1251716081,8548
21897,1251707740,1251716812,9072
21898,1251710066,1251717863,7797
21899,1251710853,1251718989,8136
21900,1251711392,1251719879,8487
21901,1251713691,1251719973,6282
21902,1251716081,1251719928,3847
21903,1251716812,1251721217,4405
21904,1251717863,1251722113,4250
21905,1251718989,1251723302,4313
21906,1251719879,1251725101,5222
21907,1251719928,1251725165,5237
21908,1251719973,1251726591,6618
21909,1251721217,1251726428,5211
21910,1251722113,1251727355,5242
21911,1251723302,1251729821,6519
21912,1251725101,1251732580,7479
21913,1251725165,1251734070,8905
21914,1251726428,1251734240,7812
21915,1251726591,1251734547,7956
21916,1251727355,1251735997,8642
21917,1251729821,1251736342,6521
21918,1251732580,1251737772,5192
21919,1251734070,1251738595,4525
21920,1251734240,1251738804,4564
21921,1251734547,1251739253,4706
21922,1251735997,1251740012,4015
21923,1251736342,1251741630,5288
21924,1251737772,1251742648,4876
21925,1251738595,1251744988,6393
21926,1251738804,1251745404,6600
21927,1251739253,1251746479,7226
21928,1251740012,1251747163,7151
21929,1251741630,1251747767,6137
21930,1251742648,1251748285,5637
21931,1251744988,1251749242,4254
21932,1251745404,1251751411,6007
21933,1251746479,1251753340,6861
21934,1251747163,1251754437,7274
21935,1251747767,1251756276,8509
21936,1251748285,1251757420,9135
21937,1251749242,1251759001,9759
21938,1251751411,1251761741,10330
21939,1251753340,1251762775,9435
21940,1251754437,1251763333,8896
21941,1251756276,1251763935,7659
21942,1251757420,1251763626,6206
21943,1251759001,1251764674,5673
21944,1251761741,1251766406,4665
21945,1251762775,1251767320,4545
21946,1251763333,1251767891,4558
21947,1251763626,1251768611,4985
21948,1251763935,1251768713,4778
21949,1251764674,1251770207,5533
21950,1251766406,1251771691,5285
21951,1251767320,1251772920,5600
21952,1251767891,1251773976,6085
21953,1251768611,1251774043,5432
21954,1251768713,1251774084,5371
21955,1251770207,1251774657,4450
21956,1251771691,1251776819,5128
21957,1251772920,1251778110,5190
21958,1251773976,1251778532,4556
21959,1251774043,1251779410,5367
21960,1251774084,1251779539,5455
21961,1251774657,1251780552,5895
21962,1251776819,1251781265,4446
21963,1251778110,1251781637,3527
21964,1251778532,1251782263,3731
21965,1251779410,1251783843,4433
21966,1251779539,1251785698,6159
21967,1251780552,1251788176,7624
21968,1251781265,1251788570,7305
21969,1251781637,1251789458,7821
21970,1251782263,1251790608,8345
21971,1251783843,1251791860,8017
21972,1251785698,1251794687,8989
21973,1251788176,1251795889,7713
21974,1251788570,1251797472,8902
21975,1251789458,1251798643,9185
21976,1251790608,1251799251,8643
21977,1251791860,1251801242,9382
21978,1251794687,1251801667,6980
21979,1251795889,1251802932,7043
21980,1251797472,1251804830,7358
21981,1251798643,1251806066,7423
21982,1251799251,1251807442,8191
21983,1251801242,1251807380,6138
21984,1251801667,1251808036,6369
21985,1251802932,1251809674,6742
21986,1251804830,1251810211,5381
21987,1251806066,1251810417,4351
21988,1251807380,1251812136,4756
21989,1251807442,1251813742,6300
21990,1251808036,1251813799,5763
21991,1251809674,1251814281,4607
21992,1251810211,1251814929,4718
21993,1251810417,1251816242,5825
21994,1251812136,1251816782,4646
21995,1251813742,1251817439,3697
21996,1251813799,1251818577,4778
21997,1251814281,1251819539,5258
21998,1251814929,1251821154,6225
21999,1251816242,1251823412,7170
22000,1251816782,1251826171,9389
22001,1251817439,1251826664,9225
22002,1251818577,1251828341,9764
22003,1251819539,1251829883,10344
22004,1251821154,1251830423,9269
22005,1251823412,1251830935,7523
22006,1251826171,1251830784,4613
22007,1251826664,1251833226,6562
22008,1251828341,1251834145,5804
22009,1251829883,1251836791,6908
22010,1251830423,1251839397,8974
22011,1251830784,1251839398,8614
22012,1251830935,1251839742,8807
22013,1251833226,1251839706,6480
22014,1251834145,1251840814,6669
22015,1251836791,1251841922,5131
22016,1251839397,1251844003,4606
22017,1251839398,1251844432,5034
22018,1251839706,1251851809,12103
22019,1251839742,1251855085,15343
22020,1251840814,1251855798,14984
22021,1251841922,1251856623,14701
22022,1251844003,1251857257,13254
22023,1251844432,1251857940,13508
22024,1251851809,1251859344,7535
22025,1251855085,1251861077,5992
22026,1251855798,1251862886,7088
22027,1251856623,1251863138,6515
22028,1251857257,1251864176,6919
22029,1251857940,1251865006,7066
22030,1251859344,1251867476,8132
22031,1251861077,1251867861,6784
22032,1251862886,1251871088,8202
22033,1251863138,1251871605,8467
22034,1251864176,1251872314,8138
22035,1251865006,1251872871,7865
22036,1251867476,1251872907,5431
22037,1251867861,1251873594,5733
22038,1251871088,1251876239,5151
22039,1251871605,1251876292,4687
22040,1251872314,1251878846,6532
22041,1251872871,1251878639,5768
22042,1251872907,1251880184,7277
22043,1251873594,1251880903,7309
22044,1251876239,1251881320,5081
22045,1251876292,1251883532,7240
22046,1251878639,1251884681,6042
22047,1251878846,1251885971,7125
22048,1251880184,1251886400,6216
22049,1251880903,1251887226,6323
22050,1251881320,1251889671,8351
22051,1251883532,1251890711,7179
22052,1251884681,1251892561,7880
22053,1251885971,1251893056,7085
22054,1251886400,1251893936,7536
22055,1251887226,1251896300,9074
22056,1251889671,1251898309,8638
22057,1251890711,1251898843,8132
22058,1251892561,1251899783,7222
22059,1251893056,1251900347,7291
22060,1251893936,1251902141,8205
22061,1251896300,1251903977,7677
22062,1251898309,1251906130,7821
22063,1251898843,1251908145,9302
22064,1251899783,1251908629,8846
22065,1251900347,1251909329,8982
22066,1251902141,1251909770,7629
22067,1251903977,1251909963,5986
22068,1251906130,1251910950,4820
22069,1251908145,1251912455,4310
22070,1251908629,1251913929,5300
22071,1251909329,1251916733,7404
22072,1251909770,1251919042,9272
22073,1251909963,1251920102,10139
22074,1251910950,1251922906,11956
22075,1251912455,1251923222,10767
22076,1251913929,1251923734,9805
22077,1251916733,1251925123,8390
22078,1251919042,1251927719,8677
22079,1251920102,1251930689,10587
22080,1251922906,1251930663,7757
22081,1251923222,1251932496,9274
22082,1251923734,1251933291,9557
22083,1251925123,1251934572,9449
22084,1251927719,1251936995,9276
22085,1251930663,1251938612,7949
22086,1251930689,1251940572,9883
22087,1251932496,1251941552,9056
22088,1251933291,1251942732,9441
22089,1251934572,1251944614,10042
22090,1251936995,1251945320,8325
22091,1251938612,1251947858,9246
22092,1251940572,1251949265,8693
22093,1251941552,1251949842,8290
22094,1251942732,1251950075,7343
22095,1251944614,1251952204,7590
22096,1251945320,1251952606,7286
22097,1251947858,1251954005,6147
22098,1251949265,1251955514,6249
22099,1251949842,1251957116,7274
22100,1251950075,1251959734,9659
22101,1251952204,1251961198,8994
22102,1251952606,1251962122,9516
22103,1251954005,1251963911,9906
22104,1251955514,1251964552,9038
22105,1251957116,1251965679,8563
22106,1251959734,1251966284,6550
22107,1251961198,1251968050,6852
22108,1251962122,1251968911,6789
22109,1251963911,1251970325,6414
22110,1251964552,1251971039,6487
22111,1251965679,1251971324,5645
22112,1251966284,1251973361,7077
22113,1251968050,1251975303,7253
22114,1251968911,1251975731,6820
22115,1251970325,1251977316,6991
22116,1251971039,1251978782,7743
22117,1251971324,1251979950,8626
22118,1251973361,1251981532,8171
22119,1251975303,1251983671,8368
22120,1251975731,1251984884,9153
22121,1251977316,1251986579,9263
22122,1251978782,1251989094,10312
22123,1251979950,1251989590,9640
22124,1251981532,1251991009,9477
22125,1251983671,1251992276,8605
22126,1251984884,1251994964,10080
22127,1251986579,1251997462,10883
22128,1251989094,1251998287,9193
22129,1251989590,1251999341,9751
22130,1251991009,1252000582,9573
22131,1251992276,1252002870,10594
22132,1251994964,1252002915,7951
22133,1251997462,1252004615,7153
22134,1251998287,1252006291,8004
22135,1251999341,1252008045,8704
22136,1252000582,1252008894,8312
22137,1252002870,1252011478,8608
22138,1252002915,1252013011,10096
22139,1252004615,1252014908,10293
22140,1252006291,1252015921,9630
22141,1252008045,1252017751,9706
22142,1252008894,1252019489,10595
22143,1252011478,1252020663,9185
22144,1252013011,1252022139,9128
22145,1252014908,1252024721,9813
22146,1252015921,1252026562,10641
22147,1252017751,1252027630,9879
22148,1252019489,1252028124,8635
22149,1252020663,1252029060,8397
22150,1252022139,1252029866,7727
22151,1252024721,1252030274,5553
22152,1252026562,1252030276,3714
22153,1252027630,1252032579,4949
22154,1252028124,1252033279,5155
22155,1252029060,1252036225,7165
22156,1252029866,1252037053,7187
22157,1252030274,1252037491,7217
22158,1252030276,1252043868,13592
22159,1252032579,1252046171,13592
22160,1252033279,1252047952,14673
22161,1252036225,1252049239,13014
22162,1252037053,1252050258,13205
22163,1252037491,1252050436,12945
22164,1252043868,1252052047,8179
22165,1252046171,1252052432,6261
22166,1252047952,1252053658,5706
22167,1252049239,1252054199,4960
22168,1252050258,1252057916,7658
22169,1252050436,1252058474,8038
22170,1252052047,1252060292,8245
22171,1252052432,1252060923,8491
22172,1252053658,1252063504,9846
22173,1252054199,1252064230,10031
22174,1252057916,1252064582,6666
22175,1252058474,1252066931,8457
22176,1252060292,1252069298,9006
22177,1252060923,1252071462,10539
22178,1252063504,1252072710,9206
22179,1252064230,1252073023,8793
22180,1252064582,1252074401,9819
22181,1252066931,1252074237,7306
22182,1252069298,1252077061,7763
22183,1252071462,1252079295,7833
22184,1252072710,1252080005,7295
22185,1252073023,1252080289,7266
22186,1252074237,1252080732,6495
22187,1252074401,1252081245,6844
22188,1252077061,1252082354,5293
22189,1252079295,1252084951,5656
22190,1252080005,1252085389,5384
22191,1252080289,1252086766,6477
22192,1252080732,1252086595,5863
22193,1252081245,1252087902,6657
22194,1252082354,1252088907,6553
22195,1252084951,1252090896,5945
22196,1252085389,1252092608,7219
22197,1252086595,1252093685,7090
22198,1252086766,1252094677,7911
22199,1252087902,1252096490,8588
22200,1252088907,1252097779,8872
22201,1252090896,1252098972,8076
22202,1252092608,1252101493,8885
22203,1252093685,1252102217,8532
22204,1252094677,1252104446,9769
22205,1252096490,1252104397,7907
22206,1252097779,1252106378,8599
22207,1252098972,1252107155,8183
22208,1252101493,1252107896,6403
22209,1252102217,1252109509,7292
22210,1252104397,1252110376,5979
22211,1252104446,1252111341,6895
22212,1252106378,1252113032,6654
22213,1252107155,1252113107,5952
22214,1252107896,1252114166,6270
22215,1252109509,1252114802,5293
22216,1252110376,1252117109,6733
22217,1252111341,1252117470,6129
22218,1252113032,1252118073,5041
22219,1252113107,1252119018,5911
22220,1252114166,1252120681,6515
22221,1252114802,1252121116,6314
22222,1252117109,1252121131,4022
22223,1252117470,1252121553,4083
22224,1252118073,1252123654,5581
22225,1252119018,1252124109,5091
22226,1252120681,1252126237,5556
22227,1252121116,1252128327,7211
22228,1252121131,1252129327,8196
22229,1252121553,1252129862,8309
22230,1252123654,1252130897,7243
22231,1252124109,1252132412,8303
22232,1252126237,1252132780,6543
22233,1252128327,1252133476,5149
22234,1252129327,1252135419,6092
22235,1252129862,1252137970,8108
22236,1252130897,1252139747,8850
22237,1252132412,1252140927,8515
22238,1252132780,1252143834,11054
22239,1252133476,1252144761,11285
22240,1252135419,1252145514,10095
22241,1252137970,1252146226,8256
22242,1252139747,1252147296,7549
22243,1252140927,1252148436,7509
22244,1252143834,1252149764,5930
22245,1252144761,1252152482,7721
22246,1252145514,1252153488,7974
22247,1252146226,1252153632,7406
22248,1252147296,1252155316,8020
22249,1252148436,1252156877,8441
22250,1252149764,1252157204,7440
22251,1252152482,1252158078,5596
22252,1252153488,1252160130,6642
22253,1252153632,1252161985,8353
22254,1252155316,1252162955,7639
22255,1252156877,1252164761,7884
22256,1252157204,1252164788,7584
22257,1252158078,1252166990,8912
22258,1252160130,1252168716,8586
22259,1252161985,1252169713,7728
22260,1252162955,1252169476,6521
22261,1252164761,1252170832,6071
22262,1252164788,1252171620,6832
22263,1252166990,1252172689,5699
22264,1252168716,1252174192,5476
22265,1252169476,1252175197,5721
22266,1252169713,1252176274,6561
22267,1252170832,1252177366,6534
22268,1252171620,1252177423,5803
22269,1252172689,1252177985,5296
22270,1252174192,1252179807,5615
22271,1252175197,1252181061,5864
22272,1252176274,1252181612,5338
22273,1252177366,1252182802,5436
22274,1252177423,1252184929,7506
22275,1252177985,1252185430,7445
22276,1252179807,1252188377,8570
22277,1252181061,1252190374,9313
22278,1252181612,1252191874,10262
22279,1252182802,1252192258,9456
22280,1252184929,1252192465,7536
22281,1252185430,1252192864,7434
22282,1252188377,1252193244,4867
22283,1252190374,1252194712,4338
22284,1252191874,1252194746,2872
22285,1252192258,1252197731,5473
22286,1252192465,1252200110,7645
22287,1252192864,1252201030,8166
22288,1252193244,1252202596,9352
22289,1252194712,1252202944,8232
22290,1252194746,1252204679,9933
22291,1252197731,1252205104,7373
22292,1252200110,1252205668,5558
22293,1252201030,1252208821,7791
22294,1252202596,1252209474,6878
22295,1252202944,1252211981,9037
22296,1252204679,1252212432,7753
22297,1252205104,1252213354,8250
22298,1252205668,1252214309,8641
22299,1252208821,1252215630,6809
22300,1252209474,1252216611,7137
22301,1252211981,1252216684,4703
22302,1252212432,1252217926,5494
22303,1252213354,1252218654,5300
22304,1252214309,1252218611,4302
22305,1252215630,1252219561,3931
22306,1252216611,1252220330,3719
22307,1252216684,1252221037,4353
22308,1252217926,1252223292,5366
22309,1252218611,1252225703,7092
22310,1252218654,1252228102,9448
22311,1252219561,1252227831,8270
22312,1252220330,1252230153,9823
22313,1252221037,1252230686,9649
22314,1252223292,1252231562,8270
22315,1252225703,1252233764,8061
22316,1252227831,1252234268,6437
22317,1252228102,1252235621,7519
22318,1252230153,1252236344,6191
22319,1252230686,1252237126,6440
22320,1252231562,1252238517,6955
22321,1252233764,1252240347,6583
22322,1252234268,1252242687,8419
22323,1252235621,1252244799,9178
22324,1252236344,1252245846,9502
22325,1252237126,1252245903,8777
22326,1252238517,1252247664,9147
22327,1252240347,1252248371,8024
22328,1252242687,1252250231,7544
22329,1252244799,1252251775,6976
22330,1252245846,1252252796,6950
22331,1252245903,1252254195,8292
22332,1252247664,1252255042,7378
22333,1252248371,1252255547,7176
22334,1252250231,1252257657,7426
22335,1252251775,1252258082,6307
22336,1252252796,1252258949,6153
22337,1252254195,1252261360,7165
22338,1252255042,1252262331,7289
22339,1252255547,1252264198,8651
22340,1252257657,1252265078,7421
22341,1252258082,1252267704,9622
22342,1252258949,1252268573,9624
22343,1252261360,1252269981,8621
22344,1252262331,1252272708,10377
22345,1252264198,1252273464,9266
22346,1252265078,1252274675,9597
22347,1252267704,1252275635,7931
22348,1252268573,1252276180,7607
22349,1252269981,1252276984,7003
22350,1252272708,1252277462,4754
22351,1252273464,1252278224,4760
22352,1252274675,1252279228,4553
22353,1252275635,1252281866,6231
22354,1252276180,1252282534,6354
22355,1252276984,1252283553,6569
22356,1252277462,1252285299,7837
22357,1252278224,1252287643,9419
22358,1252279228,1252288035,8807
22359,1252281866,1252289244,7378
22360,1252282534,1252290130,7596
22361,1252283553,1252290903,7350
22362,1252285299,1252291486,6187
22363,1252287643,1252292684,5041
22364,1252288035,1252293622,5587
22365,1252289244,1252294852,5608
22366,1252290130,1252296089,5959
22367,1252290903,1252297666,6763
22368,1252291486,1252298589,7103
22369,1252292684,1252298849,6165
22370,1252293622,1252299411,5789
22371,1252294852,1252301181,6329
22372,1252296089,1252301875,5786
22373,1252297666,1252303323,5657
22374,1252298589,1252303636,5047
22375,1252298849,1252305115,6266
22376,1252299411,1252305522,6111
22377,1252301181,1252306291,5110
22378,1252301875,1252308396,6521
22379,1252303323,1252310011,6688
22380,1252303636,1252310348,6712
22381,1252305115,1252312370,7255
22382,1252305522,1252312842,7320
22383,1252306291,1252313296,7005
22384,1252308396,1252314821,6425
22385,1252310011,1252314756,4745
22386,1252310348,1252314793,4445
22387,1252312370,1252316284,3914
22388,1252312842,1252318142,5300
22389,1252313296,1252319515,6219
22390,1252314756,1252320309,5553
22391,1252314793,1252321451,6658
22392,1252314821,1252321899,7078
22393,1252316284,1252324985,8701
22394,1252318142,1252327450,9308
22395,1252319515,1252327998,8483
22396,1252320309,1252329024,8715
22397,1252321451,1252329673,8222
22398,1252321899,1252330188,8289
22399,1252324985,1252330399,5414
22400,1252327450,1252331681,4231
22401,1252327998,1252332268,4270
22402,1252329024,1252332944,3920
22403,1252329673,1252333793,4120
22404,1252330188,1252335013,4825
22405,1252330399,1252336396,5997
22406,1252331681,1252337862,6181
22407,1252332268,1252338323,6055
22408,1252332944,1252338696,5752
22409,1252333793,1252340894,7101
22410,1252335013,1252341575,6562
22411,1252336396,1252342924,6528
22412,1252337862,1252345353,7491
22413,1252338323,1252346175,7852
22414,1252338696,1252346845,8149
22415,1252340894,1252347360,6466
22416,1252341575,1252347945,6370
22417,1252342924,1252349755,6831
22418,1252345353,1252350613,5260
22419,1252346175,1252351194,5019
22420,1252346845,1252352275,5430
22421,1252347360,1252355078,7718
22422,1252347945,1252356686,8741
22423,1252349755,1252358845,9090
22424,1252350613,1252360461,9848
22425,1252351194,1252361673,10479
22426,1252352275,1252362142,9867
22427,1252355078,1252363195,8117
22428,1252356686,1252364697,8011
22429,1252358845,1252367344,8499
22430,1252360461,1252367912,7451
22431,1252361673,1252368966,7293
22432,1252362142,1252369858,7716
22433,1252363195,1252369900,6705
22434,1252364697,1252372562,7865
22435,1252367344,1252374947,7603
22436,1252367912,1252376674,8762
22437,1252368966,1252379207,10241
22438,1252369858,1252380090,10232
22439,1252369900,1252379959,10059
22440,1252372562,1252380523,7961
22441,1252374947,1252380782,5835
22442,1252376674,1252381189,4515
22443,1252379207,1252382158,2951
22444,1252379959,1252382687,2728
22445,1252380090,1252383134,3044
22446,1252380523,1252383761,3238
22447,1252380782,1252385472,4690
22448,1252381189,1252385812,4623
22449,1252382158,1252387490,5332
22450,1252382687,1252388278,5591
22451,1252383134,1252389213,6079
22452,1252383761,1252390412,6651
22453,1252385472,1252393095,7623
22454,1252385812,1252394817,9005
22455,1252387490,1252395572,8082
22456,1252388278,1252397940,9662
22457,1252389213,1252398321,9108
22458,1252390412,1252399409,8997
22459,1252393095,1252400098,7003
22460,1252394817,1252400168,5351
22461,1252395572,1252402183,6611
22462,1252397940,1252406476,8536
22463,1252398321,1252406659,8338
22464,1252399409,1252410260,10851
22465,1252400098,1252412885,12787
22466,1252400168,1252413715,13547
22467,1252402183,1252416112,13929
22468,1252406476,1252416890,10414
22469,1252406659,1252418781,12122
22470,1252410260,1252419854,9594
22471,1252412885,1252420799,7914
22472,1252413715,1252420839,7124
22473,1252416112,1252422706,6594
22474,1252416890,1252423601,6711
22475,1252418781,1252425070,6289
22476,1252419854,1252425971,6117
22477,1252420799,1252427603,6804
22478,1252420839,1252428379,7540
22479,1252422706,1252430151,7445
22480,1252423601,1252431835,8234
22481,1252425070,1252434504,9434
22482,1252425971,1252436015,10044
22483,1252427603,1252438013,10410
22484,1252428379,1252439536,11157
22485,1252430151,1252441207,11056
22486,1252431835,1252442337,10502
22487,1252434504,1252442903,8399
22488,1252436015,1252443778,7763
22489,1252438013,1252444476,6463
22490,1252439536,1252444940,5404
22491,1252441207,1252446995,5788
22492,1252442337,1252448516,6179
22493,1252442903,1252449041,6138
22494,1252443778,1252448882,5104
22495,1252444476,1252451267,6791
22496,1252444940,1252451900,6960
22497,1252446995,1252452585,5590
22498,1252448516,1252453435,4919
22499,1252448882,1252453519,4637
22500,1252449041,1252455730,6689
22501,1252451267,1252456211,4944
22502,1252451900,1252457577,5677
22503,1252452585,1252459879,7294
22504,1252453435,1252459837,6402
22505,1252453519,1252460510,6991
22506,1252455730,1252461817,6087
22507,1252456211,1252462502,6291
22508,1252457577,1252463006,5429
22509,1252459837,1252463478,3641
22510,1252459879,1252466121,6242
22511,1252460510,1252468962,8452
22512,1252461817,1252469466,7649
22513,1252462502,1252470645,8143
22514,1252463006,1252472929,9923
22515,1252463478,1252473542,10064
22516,1252466121,1252473929,7808
22517,1252468962,1252475797,6835
22518,1252469466,1252475646,6180
22519,1252470645,1252478464,7819
22520,1252472929,1252479141,6212
22521,1252473542,1252481732,8190
22522,1252473929,1252483096,9167
22523,1252475646,1252485768,10122
22524,1252475797,1252486713,10916
22525,1252478464,1252487988,9524
22526,1252479141,1252489541,10400
22527,1252481732,1252505096,23364
22528,1252483096,1252506655,23559
22529,1252485768,1252507089,21321
22530,1252486713,1252509495,22782
22531,1252487988,1252511548,23560
22532,1252489541,1252512014,22473
22533,1252505096,1252513910,8814
22534,1252506655,1252514781,8126
22535,1252507089,1252516297,9208
22536,1252509495,1252517695,8200
22537,1252511548,1252518868,7320
22538,1252512014,1252519808,7794
22539,1252513910,1252521563,7653
22540,1252514781,1252523981,9200
22541,1252516297,1252524719,8422
22542,1252517695,1252525394,7699
22543,1252518868,1252527299,8431
22544,1252519808,1252528585,8777
22545,1252521563,1252530342,8779
22546,1252523981,1252530997,7016
22547,1252524719,1252532246,7527
22548,1252525394,1252533544,8150
22549,1252527299,1252535047,7748
22550,1252528585,1252535682,7097
22551,1252530342,1252538276,7934
22552,1252530997,1252538958,7961
22553,1252532246,1252540285,8039
22554,1252533544,1252541976,8432
22555,1252535047,1252542843,7796
22556,1252535682,1252544242,8560
22557,1252538276,1252544835,6559
22558,1252538958,1252546834,7876
22559,1252540285,1252547439,7154
22560,1252541976,1252548958,6982
22561,1252542843,1252550763,7920
22562,1252544242,1252552241,7999
22563,1252544835,1252553812,8977
22564,1252546834,1252554317,7483
22565,1252547439,1252554125,6686
22566,1252548958,1252555326,6368
22567,1252550763,1252556410,5647
22568,1252552241,1252557288,5047
22569,1252553812,1252558423,4611
22570,1252554125,1252559408,5283
22571,1252554317,1252562056,7739
22572,1252555326,1252563805,8479
22573,1252556410,1252565164,8754
22574,1252557288,1252566744,9456
22575,1252558423,1252568232,9809
22576,1252559408,1252569643,10235
22577,1252562056,1252571673,9617
22578,1252563805,1252572464,8659
22579,1252565164,1252574636,9472
22580,1252566744,1252577489,10745
22581,1252568232,1252578484,10252
22582,1252569643,1252580905,11262
22583,1252571673,1252581453,9780
22584,1252572464,1252582722,10258
22585,1252574636,1252585861,11225
22586,1252577489,1252586141,8652
22587,1252578484,1252587011,8527
22588,1252580905,1252587757,6852
22589,1252581453,1252589051,7598
22590,1252582722,1252590007,7285
22591,1252585861,1252591542,5681
22592,1252586141,1252592378,6237
22593,1252587011,1252594788,7777
22594,1252587757,1252597098,9341
22595,1252589051,1252599234,10183
22596,1252590007,1252600064,10057
22597,1252591542,1252601281,9739
22598,1252592378,1252603340,10962
22599,1252594788,1252605923,11135
22600,1252597098,1252607056,9958
22601,1252599234,1252607579,8345
22602,1252600064,1252609057,8993
22603,1252601281,1252610394,9113
22604,1252603340,1252612083,8743
22605,1252605923,1252611801,5878
22606,1252607056,1252613810,6754
22607,1252607579,1252615829,8250
22608,1252609057,1252616455,7398
22609,1252610394,1252617492,7098
22610,1252611801,1252617819,6018
22611,1252612083,1252618217,6134
22612,1252613810,1252619717,5907
22613,1252615829,1252619755,3926
22614,1252616455,1252620910,4455
22615,1252617492,1252622223,4731
22616,1252617819,1252623009,5190
22617,1252618217,1252625028,6811
22618,1252619717,1252624906,5189
22619,1252619755,1252625724,5969
22620,1252620910,1252627141,6231
22621,1252622223,1252627731,5508
22622,1252623009,1252629666,6657
22623,1252624906,1252629949,5043
22624,1252625028,1252631196,6168
22625,1252625724,1252633438,7714
22626,1252627141,1252635647,8506
22627,1252627731,1252637327,9596
22628,1252629666,1252638131,8465
22629,1252629949,1252639341,9392
22630,1252631196,1252639129,7933
22631,1252633438,1252640756,7318
22632,1252635647,1252643455,7808
22633,1252637327,1252644934,7607
22634,1252638131,1252645672,7541
22635,1252639129,1252647428,8299
22636,1252639341,1252647142,7801
22637,1252640756,1252648921,8165
22638,1252643455,1252651123,7668
22639,1252644934,1252650862,5928
22640,1252645672,1252650935,5263
22641,1252647142,1252651719,4577
22642,1252647428,1252653732,6304
22643,1252648921,1252654978,6057
22644,1252650862,1252655697,4835
22645,1252650935,1252658421,7486
22646,1252651123,1252660024,8901
22647,1252651719,1252662592,10873
22648,1252653732,1252664812,11080
22649,1252654978,1252666007,11029
22650,1252655697,1252667520,11823
22651,1252658421,1252668808,10387
22652,1252660024,1252671529,11505
22653,1252662592,1252671885,9293
22654,1252664812,1252672377,7565
22655,1252666007,1252674094,8087
22656,1252667520,1252676531,9011
22657,1252668808,1252678619,9811
22658,1252671529,1252681148,9619
22659,1252671885,1252683319,11434
22660,1252672377,1252683344,10967
22661,1252674094,1252683817,9723
22662,1252676531,1252684963,8432
22663,1252678619,1252685652,7033
22664,1252681148,1252687216,6068
22665,1252683319,1252689203,5884
22666,1252683344,1252689536,6192
22667,1252683817,1252691921,8104
22668,1252684963,1252693697,8734
22669,1252685652,1252693759,8107
22670,1252687216,1252694240,7024
22671,1252689203,1252695234,6031
22672,1252689536,1252696282,6746
22673,1252691921,1252698847,6926
22674,1252693697,1252700285,6588
22675,1252693759,1252701695,7936
22676,1252694240,1252702133,7893
22677,1252695234,1252704348,9114
22678,1252696282,1252704756,8474
22679,1252698847,1252705743,6896
22680,1252700285,1252707290,7005
22681,1252701695,1252709543,7848
22682,1252702133,1252709942,7809
22683,1252704348,1252710260,5912
22684,1252704756,1252710734,5978
22685,1252705743,1252710658,4915
22686,1252707290,1252711712,4422
22687,1252709543,1252713474,3931
22688,1252709942,1252715898,5956
22689,1252710260,1252716535,6275
22690,1252710658,1252717534,6876
22691,1252710734,1252717909,7175
22692,1252711712,1252719720,8008
22693,1252713474,1252722147,8673
22694,1252715898,1252723130,7232
22695,1252716535,1252723981,7446
22696,1252717534,1252724016,6482
22697,1252717909,1252725111,7202
22698,1252719720,1252726325,6605
22699,1252722147,1252729292,7145
22700,1252723130,1252730558,7428
22701,1252723981,1252732286,8305
22702,1252724016,1252733621,9605
22703,1252725111,1252735924,10813
22704,1252726325,1252736977,10652
22705,1252729292,1252737416,8124
22706,1252730558,1252739706,9148
22707,1252732286,1252742502,10216
22708,1252733621,1252744013,10392
22709,1252735924,1252745908,9984
22710,1252736977,1252747549,10572
22711,1252737416,1252748537,11121
22712,1252739706,1252749803,10097
22713,1252742502,1252750470,7968
22714,1252744013,1252752418,8405
22715,1252745908,1252752763,6855
22716,1252747549,1252754075,6526
22717,1252748537,1252754150,5613
22718,1252749803,1252755929,6126
22719,1252750470,1252756696,6226
22720,1252752418,1252757968,5550
22721,1252752763,1252758348,5585
22722,1252754075,1252760369,6294
22723,1252754150,1252760882,6732
22724,1252755929,1252761438,5509
22725,1252756696,1252763282,6586
22726,1252757968,1252764171,6203
22727,1252758348,1252764638,6290
22728,1252760369,1252767071,6702
22729,1252760882,1252769540,8658
22730,1252761438,1252772361,10923
22731,1252763282,1252773003,9721
22732,1252764171,1252773397,9226
22733,1252764638,1252773777,9139
22734,1252767071,1252774919,7848
22735,1252769540,1252775455,5915
22736,1252772361,1252776651,4290
22737,1252773003,1252776500,3497
22738,1252773397,1252778256,4859
22739,1252773777,1252779485,5708
22740,1252774919,1252779457,4538
22741,1252775455,1252780362,4907
22742,1252776500,1252780728,4228
22743,1252776651,1252780954,4303
22744,1252778256,1252781556,3300
22745,1252779457,1252783197,3740
22746,1252779485,1252784975,5490
22747,1252780362,1252786877,6515
22748,1252780728,1252789664,8936
22749,1252780954,1252791656,10702
22750,1252781556,1252793801,12245
22751,1252783197,1252794977,11780
22752,1252784975,1252796642,11667
22753,1252786877,1252797799,10922
22754,1252789664,1252798688,9024
22755,1252791656,1252799218,7562
22756,1252793801,1252799590,5789
22757,1252794977,1252800713,5736
22758,1252796642,1252801228,4586
22759,1252797799,1252801750,3951
22760,1252798688,1252803574,4886
22761,1252799218,1252804596,5378
22762,1252799590,1252806039,6449
22763,1252800713,1252807077,6364
22764,1252801228,1252807692,6464
22765,1252801750,1252808344,6594
22766,1252803574,1252810021,6447
22767,1252804596,1252811213,6617
22768,1252806039,1252811722,5683
22769,1252807077,1252812944,5867
22770,1252807692,1252814223,6531
22771,1252808344,1252814787,6443
22772,1252810021,1252817506,7485
22773,1252811213,1252818297,7084
22774,1252811722,1252820438,8716
22775,1252812944,1252822206,9262
22776,1252814223,1252823488,9265
22777,1252814787,1252824127,9340
22778,1252817506,1252826899,9393
22779,1252818297,1252827358,9061
22780,1252820438,1252828400,7962
22781,1252822206,1252830031,7825
22782,1252823488,1252832155,8667
22783,1252824127,1252833838,9711
22784,1252826899,1252834310,7411
22785,1252827358,1252834756,7398
22786,1252828400,1252835517,7117
22787,1252830031,1252835876,5845
22788,1252832155,1252836749,4594
22789,1252833838,1252839160,5322
22790,1252834310,1252839569,5259
22791,1252834756,1252843459,8703
22792,1252835517,1252844936,9419
22793,1252835876,1252846138,10262
22794,1252836749,1252847752,11003
22795,1252839160,1252848218,9058
22796,1252839569,1252849730,10161
22797,1252843459,1252850350,6891
22798,1252844936,1252850811,5875
22799,1252846138,1252852740,6602
22800,1252847752,1252855089,7337
22801,1252848218,1252856414,8196
22802,1252849730,1252859353,9623
22803,1252850350,1252860122,9772
22804,1252850811,1252860797,9986
22805,1252852740,1252862179,9439
22806,1252855089,1252863719,8630
22807,1252856414,1252864248,7834
22808,1252859353,1252865538,6185
22809,1252860122,1252867027,6905
22810,1252860797,1252868922,8125
22811,1252862179,1252870807,8628
22812,1252863719,1252871023,7304
22813,1252864248,1252871233,6985
22814,1252865538,1252871953,6415
22815,1252867027,1252872926,5899
22816,1252868922,1252873782,4860
22817,1252870807,1252874513,3706
22818,1252871023,1252876256,5233
22819,1252871233,1252876077,4844
22820,1252871953,1252876296,4343
22821,1252872926,1252877173,4247
22822,1252873782,1252878065,4283
22823,1252874513,1252878898,4385
22824,1252876077,1252881160,5083
22825,1252876256,1252882591,6335
22826,1252876296,1252883366,7070
22827,1252877173,1252884362,7189
22828,1252878065,1252884388,6323
22829,1252878898,1252884796,5898
22830,1252881160,1252885470,4310
22831,1252882591,1252885221,2630
22832,1252883366,1252887808,4442
22833,1252884362,1252888672,4310
22834,1252884388,1252890050,5662
22835,1252884796,1252891581,6785
22836,1252885221,1252891804,6583
22837,1252885470,1252894208,8738
22838,1252887808,1252896409,8601
22839,1252888672,1252896198,7526
22840,1252890050,1252897753,7703
22841,1252891581,1252899838,8257
22842,1252891804,1252899791,7987
22843,1252894208,1252900537,6329
22844,1252896198,1252901754,5556
22845,1252896409,1252902234,5825
22846,1252897753,1252903266,5513
22847,1252899791,1252903851,4060
22848,1252899838,1252905079,5241
22849,1252900537,1252906401,5864
22850,1252901754,1252906245,4491
22851,1252902234,1252907819,5585
22852,1252903266,1252909244,5978
22853,1252903851,1252911016,7165
22854,1252905079,1252911872,6793
22855,1252906245,1252913379,7134
22856,1252906401,1252914542,8141
22857,1252907819,1252915451,7632
22858,1252909244,1252916104,6860
22859,1252911016,1252916664,5648
22860,1252911872,1252917319,5447
22861,1252913379,1252919402,6023
22862,1252914542,1252920712,6170
22863,1252915451,1252921449,5998
22864,1252916104,1252922528,6424
22865,1252916664,1252924306,7642
22866,1252917319,1252924460,7141
22867,1252919402,1252926520,7118
22868,1252920712,1252928275,7563
22869,1252921449,1252930097,8648
22870,1252922528,1252930502,7974
22871,1252924306,1252931481,7175
22872,1252924460,1252932369,7909
22873,1252926520,1252933415,6895
22874,1252928275,1252935168,6893
22875,1252930097,1252935795,5698
22876,1252930502,1252938332,7830
22877,1252931481,1252940158,8677
22878,1252932369,1252941390,9021
22879,1252933415,1252942483,9068
22880,1252935168,1252943002,7834
22881,1252935795,1252943696,7901
22882,1252938332,1252944564,6232
22883,1252940158,1252945600,5442
22884,1252941390,1252946564,5174
22885,1252942483,1252947039,4556
22886,1252943002,1252947655,4653
22887,1252943696,1252949497,5801
22888,1252944564,1252950746,6182
22889,1252945600,1252951562,5962
22890,1252946564,1252952753,6189
22891,1252947039,1252953418,6379
22892,1252947655,1252955730,8075
22893,1252949497,1252957911,8414
22894,1252950746,1252958803,8057
22895,1252951562,1252958674,7112
22896,1252952753,1252960945,8192
22897,1252953418,1252961725,8307
22898,1252955730,1252963166,7436
22899,1252957911,1252964382,6471
22900,1252958674,1252966738,8064
22901,1252958803,1252966578,7775
22902,1252960945,1252966750,5805
22903,1252961725,1252967528,5803
22904,1252963166,1252968704,5538
22905,1252964382,1252970341,5959
22906,1252966578,1252972957,6379
22907,1252966738,1252973892,7154
22908,1252966750,1252974412,7662
22909,1252967528,1252975735,8207
22910,1252968704,1252975824,7120
22911,1252970341,1252975825,5484
22912,1252972957,1252978236,5279
22913,1252973892,1252979295,5403
22914,1252974412,1252981896,7484
22915,1252975735,1252982964,7229
22916,1252975824,1252983769,7945
22917,1252975825,1252984469,8644
22918,1252978236,1252984285,6049
22919,1252979295,1252984739,5444
22920,1252981896,1252986838,4942
22921,1252982964,1252987718,4754
22922,1252983769,1252989834,6065
22923,1252984285,1252991823,7538
22924,1252984469,1252994130,9661
22925,1252984739,1252995627,10888
22926,1252986838,1252997464,10626
22927,1252987718,1252998588,10870
22928,1252989834,1252998893,9059
22929,1252991823,1253000577,8754
22930,1252994130,1253002276,8146
22931,1252995627,1253004172,8545
22932,1252997464,1253006218,8754
22933,1252998588,1253008365,9777
22934,1252998893,1253009729,10836
22935,1253000577,1253009503,8926
22936,1253002276,1253010852,8576
22937,1253004172,1253012878,8706
22938,1253006218,1253014053,7835
22939,1253008365,1253016566,8201
22940,1253009503,1253017789,8286
22941,1253009729,1253019149,9420
22942,1253010852,1253020499,9647
22943,1253012878,1253021602,8724
22944,1253014053,1253022422,8369
22945,1253016566,1253038027,21461
22946,1253017789,1253041554,23765
22947,1253019149,1253044399,25250
22948,1253020499,1253048136,27637
22949,1253021602,1253051905,30303
22950,1253022422,1253060753,38331
22951,1253038027,1253063784,25757
22952,1253041554,1253067284,25730
22953,1253044399,1253068083,23684
22954,1253048136,1253068078,19942
22955,1253051905,1253070549,18644
22956,1253060753,1253070257,9504
22957,1253063784,1253071141,7357
22958,1253067284,1253073048,5764
22959,1253068078,1253075429,7351
22960,1253068083,1253077734,9651
22961,1253070257,1253079401,9144
22962,1253070549,1253079332,8783
22963,1253071141,1253079540,8399
22964,1253073048,1253080115,7067
22965,1253075429,1253081581,6152
22966,1253077734,1253082134,4400
22967,1253079332,1253084216,4884
22968,1253079401,1253085918,6517
22969,1253079540,1253088115,8575
22970,1253080115,1253088292,8177
22971,1253081581,1253089368,7787
22972,1253082134,1253090110,7976
22973,1253084216,1253091823,7607
22974,1253085918,1253092597,6679
22975,1253088115,1253094810,6695
22976,1253088292,1253095868,7576
22977,1253089368,1253098061,8693
22978,1253090110,1253099900,9790
22979,1253091823,1253101412,9589
22980,1253092597,1253102133,9536
22981,1253094810,1253104525,9715
22982,1253095868,1253106816,10948
22983,1253098061,1253107244,9183
22984,1253099900,1253107800,7900
22985,1253101412,1253109929,8517
22986,1253102133,1253109999,7866
22987,1253104525,1253111217,6692
22988,1253106816,1253111253,4437
22989,1253107244,1253111630,4386
22990,1253107800,1253112804,5004
22991,1253109929,1253112838,2909
22992,1253109999,1253113619,3620
22993,1253111217,1253114249,3032
22994,1253111253,1253114564,3311
22995,1253111630,1253114946,3316
22996,1253112804,1253115663,2859
22997,1253112838,1253115416,2578
22998,1253113619,1253116714,3095
22999,1253114249,1253118980,4731
23000,1253114564,1253121103,6539
23001,1253114946,1253121534,6588
23002,1253115416,1253123488,8072
23003,1253115663,1253124557,8894
23004,1253116714,1253127259,10545
23005,1253118980,1253128068,9088
23006,1253121103,1253128988,7885
23007,1253121534,1253130382,8848
23008,1253123488,1253130367,6879
23009,1253124557,1253132171,7614
23010,1253127259,1253133204,5945
23011,1253128068,1253133806,5738
23012,1253128988,1253134967,5979
23013,1253130367,1253136059,5692
23014,1253130382,1253136503,6121
23015,1253132171,1253137005,4834
23016,1253133204,1253137617,4413
23017,1253133806,1253139894,6088
23018,1253134967,1253140370,5403
23019,1253136059,1253142631,6572
23020,1253136503,1253142743,6240
23021,1253137005,1253143162,6157
23022,1253137617,1253145864,8247
23023,1253139894,1253148268,8374
23024,1253140370,1253149127,8757
23025,1253142631,1253151579,8948
23026,1253142743,1253153198,10455
23027,1253143162,1253154095,10933
23028,1253145864,1253155351,9487
23029,1253148268,1253155969,7701
23030,1253149127,1253156589,7462
23031,1253151579,1253156941,5362
23032,1253153198,1253158317,5119
23033,1253154095,1253159769,5674
23034,1253155351,1253160364,5013
23035,1253155969,1253160771,4802
23036,1253156589,1253161596,5007
23037,1253156941,1253162892,5951
23038,1253158317,1253164957,6640
23039,1253159769,1253165887,6118
23040,1253160364,1253166340,5976
23041,1253160771,1253166716,5945
23042,1253161596,1253166742,5146
23043,1253162892,1253167470,4578
23044,1253164957,1253168267,3310
23045,1253165887,1253169892,4005
23046,1253166340,1253171471,5131
23047,1253166716,1253172054,5338
23048,1253166742,1253172493,5751
23049,1253167470,1253174180,6710
23050,1253168267,1253175615,7348
23051,1253169892,1253175461,5569
23052,1253171471,1253176744,5273
23053,1253172054,1253177224,5170
23054,1253172493,1253178831,6338
23055,1253174180,1253179615,5435
23056,1253175461,1253181008,5547
23057,1253175615,1253182282,6667
23058,1253176744,1253183498,6754
23059,1253177224,1253184828,7604
23060,1253178831,1253187385,8554
23061,1253179615,1253188186,8571
23062,1253181008,1253188480,7472
23063,1253182282,1253190520,8238
23064,1253183498,1253193195,9697
23065,1253184828,1253193605,8777
23066,1253187385,1253193748,6363
23067,1253188186,1253195684,7498
23068,1253188480,1253196541,8061
23069,1253190520,1253196932,6412
23070,1253193195,1253197598,4403
23071,1253193605,1253198335,4730
23072,1253193748,1253198129,4381
23073,1253195684,1253200128,4444
23074,1253196541,1253200303,3762
23075,1253196932,1253202286,5354
23076,1253197598,1253202140,4542
23077,1253198129,1253202481,4352
23078,1253198335,1253203143,4808
23079,1253200128,1253203830,3702
23080,1253200303,1253205168,4865
23081,1253202140,1253206486,4346
23082,1253202286,1253207045,4759
23083,1253202481,1253208585,6104
23084,1253203143,1253208972,5829
23085,1253203830,1253210131,6301
23086,1253205168,1253210635,5467
23087,1253206486,1253211618,5132
23088,1253207045,1253213239,6194
23089,1253208585,1253213970,5385
23090,1253208972,1253214353,5381
23091,1253210131,1253216196,6065
23092,1253210635,1253217220,6585
23093,1253211618,1253217675,6057
23094,1253213239,1253218204,4965
23095,1253213970,1253219194,5224
23096,1253214353,1253219920,5567
23097,1253216196,1253220986,4790
23098,1253217220,1253222932,5712
23099,1253217675,1253223920,6245
23100,1253218204,1253223980,5776
23101,1253219194,1253224443,5249
23102,1253219920,1253225383,5463
23103,1253220986,1253227065,6079
23104,1253222932,1253228167,5235
23105,1253223920,1253229843,5923
23106,1253223980,1253232588,8608
23107,1253224443,1253232419,7976
23108,1253225383,1253234742,9359
23109,1253227065,1253235543,8478
23110,1253228167,1253236703,8536
23111,1253229843,1253237906,8063
23112,1253232419,1253238953,6534
23113,1253232588,1253239244,6656
23114,1253234742,1253239709,4967
23115,1253235543,1253241634,6091
23116,1253236703,1253242275,5572
23117,1253237906,1253242430,4524
23118,1253238953,1253245250,6297
23119,1253239244,1253246503,7259
23120,1253239709,1253248995,9286
23121,1253241634,1253249459,7825
23122,1253242275,1253249728,7453
23123,1253242430,1253250040,7610
23124,1253245250,1253250380,5130
23125,1253246503,1253250753,4250
23126,1253248995,1253251941,2946
23127,1253249459,1253253078,3619
23128,1253249728,1253253509,3781
23129,1253250040,1253253907,3867
23130,1253250380,1253254554,4174
23131,1253250753,1253254707,3954
23132,1253251941,1253255083,3142
23133,1253253078,1253256170,3092
23134,1253253509,1253256971,3462
23135,1253253907,1253257698,3791
23136,1253254554,1253260243,5689
23137,1253254707,1253261753,7046
23138,1253255083,1253266794,11711
23139,1253256170,1253266769,10599
23140,1253256971,1253267382,10411
23141,1253257698,1253267768,10070
23142,1253260243,1253269599,9356
23143,1253261753,1253269368,7615
23144,1253266769,1253269581,2812
23145,1253266794,1253271571,4777
23146,1253267382,1253273190,5808
23147,1253267768,1253274805,7037
23148,1253269368,1253275539,6171
23149,1253269581,1253277195,7614
23150,1253269599,1253277424,7825
23151,1253271571,1253278551,6980
23152,1253273190,1253279729,6539
23153,1253274805,1253280031,5226
23154,1253275539,1253282249,6710
23155,1253277195,1253283149,5954
23156,1253277424,1253283797,6373
23157,1253278551,1253284639,6088
23158,1253279729,1253286192,6463
23159,1253280031,1253286844,6813
23160,1253282249,1253288068,5819
23161,1253283149,1253288091,4942
23162,1253283797,1253288451,4654
23163,1253284639,1253289020,4381
23164,1253286192,1253291186,4994
23165,1253286844,1253293974,7130
23166,1253288068,1253296668,8600
23167,1253288091,1253297404,9313
23168,1253288451,1253298884,10433
23169,1253289020,1253301153,12133
23170,1253291186,1253301495,10309
23171,1253293974,1253302038,8064
23172,1253296668,1253304189,7521
23173,1253297404,1253304325,6921
23174,1253298884,1253305448,6564
23175,1253301153,1253306761,5608
23176,1253301495,1253307637,6142
23177,1253302038,1253309323,7285
23178,1253304189,1253309724,5535
23179,1253304325,1253310870,6545
23180,1253305448,1253311469,6021
23181,1253306761,1253312359,5598
23182,1253307637,1253315147,7510
23183,1253309323,1253317050,7727
23184,1253309724,1253318443,8719
23185,1253310870,1253321105,10235
23186,1253311469,1253322442,10973
23187,1253312359,1253324387,12028
23188,1253315147,1253324723,9576
23189,1253317050,1253325315,8265
23190,1253318443,1253326160,7717
23191,1253321105,1253327154,6049
23192,1253322442,1253327518,5076
23193,1253324387,1253329784,5397
23194,1253324723,1253330591,5868
23195,1253325315,1253331432,6117
23196,1253326160,1253331616,5456
23197,1253327154,1253332147,4993
23198,1253327518,1253332664,5146
23199,1253329784,1253334446,4662
23200,1253330591,1253334857,4266
23201,1253331432,1253335176,3744
23202,1253331616,1253336598,4982
23203,1253332147,1253338830,6683
23204,1253332664,1253338876,6212
23205,1253334446,1253340228,5782
23206,1253334857,1253340562,5705
23207,1253335176,1253341307,6131
23208,1253336598,1253343697,7099
23209,1253338830,1253345970,7140
23210,1253338876,1253347083,8207
23211,1253340228,1253347631,7403
23212,1253340562,1253348296,7734
23213,1253341307,1253350534,9227
23214,1253343697,1253352261,8564
23215,1253345970,1253354733,8763
23216,1253347083,1253356026,8943
23217,1253347631,1253357367,9736
23218,1253348296,1253360128,11832
23219,1253350534,1253361509,10975
23220,1253352261,1253362036,9775
23221,1253354733,1253362132,7399
23222,1253356026,1253362268,6242
23223,1253357367,1253362577,5210
23224,1253360128,1253364077,3949
23225,1253361509,1253366732,5223
23226,1253362036,1253368839,6803
23227,1253362132,1253369117,6985
23228,1253362268,1253371383,9115
23229,1253362577,1253372562,9985
23230,1253364077,1253373306,9229
23231,1253366732,1253374754,8022
23232,1253368839,1253375343,6504
23233,1253369117,1253376143,7026
23234,1253371383,1253376981,5598
23235,1253372562,1253378649,6087
23236,1253373306,1253380139,6833
23237,1253374754,1253382006,7252
23238,1253375343,1253382518,7175
23239,1253376143,1253385361,9218
23240,1253376981,1253385880,8899
23241,1253378649,1253386886,8237
23242,1253380139,1253388262,8123
23243,1253382006,1253388896,6890
23244,1253382518,1253390720,8202
23245,1253385361,1253391274,5913
23246,1253385880,1253392426,6546
23247,1253386886,1253393927,7041
23248,1253388262,1253395527,7265
23249,1253388896,1253396123,7227
23250,1253390720,1253398131,7411
23251,1253391274,1253398424,7150
23252,1253392426,1253398391,5965
23253,1253393927,1253399485,5558
23254,1253395527,1253401163,5636
23255,1253396123,1253401220,5097
23256,1253398131,1253403201,5070
23257,1253398391,1253404702,6311
23258,1253398424,1253406137,7713
23259,1253399485,1253408288,8803
23260,1253401163,1253408409,7246
23261,1253401220,1253409824,8604
23262,1253403201,1253410612,7411
23263,1253404702,1253413342,8640
23264,1253406137,1253413754,7617
23265,1253408288,1253415284,6996
23266,1253408409,1253416605,8196
23267,1253409824,1253417260,7436
23268,1253410612,1253417911,7299
23269,1253413342,1253419527,6185
23270,1253413754,1253420316,6562
23271,1253415284,1253422376,7092
23272,1253416605,1253424239,7634
23273,1253417260,1253424257,6997
23274,1253417911,1253426109,8198
23275,1253419527,1253427241,7714
23276,1253420316,1253430012,9696
23277,1253422376,1253430818,8442
23278,1253424239,1253432601,8362
23279,1253424257,1253433485,9228
23280,1253426109,1253435868,9759
23281,1253427241,1253436712,9471
23282,1253430012,1253438432,8420
23283,1253430818,1253438818,8000
23284,1253432601,1253439846,7245
23285,1253433485,1253439996,6511
23286,1253435868,1253440280,4412
23287,1253436712,1253440704,3992
23288,1253438432,1253442450,4018
23289,1253438818,1253444171,5353
23290,1253439846,1253444895,5049
23291,1253439996,1253445218,5222
23292,1253440280,1253446558,6278
23293,1253440704,1253447271,6567
23294,1253442450,1253447865,5415
23295,1253444171,1253448102,3931
23296,1253444895,1253448779,3884
23297,1253445218,1253449298,4080
23298,1253446558,1253451964,5406
23299,1253447271,1253452718,5447
23300,1253447865,1253453177,5312
23301,1253448102,1253455227,7125
23302,1253448779,1253457217,8438
23303,1253449298,1253457961,8663
23304,1253451964,1253458548,6584
23305,1253452718,1253460377,7659
23306,1253453177,1253460539,7362
23307,1253455227,1253460768,5541
23308,1253457217,1253461104,3887
23309,1253457961,1253462381,4420
23310,1253458548,1253463068,4520
23311,1253460377,1253463814,3437
23312,1253460539,1253464739,4200
23313,1253460768,1253465097,4329
23314,1253461104,1253465882,4778
23315,1253462381,1253467925,5544
23316,1253463068,1253469133,6065
23317,1253463814,1253470432,6618
23318,1253464739,1253470519,5780
23319,1253465097,1253471289,6192
23320,1253465882,1253471776,5894
23321,1253467925,1253472934,5009
23322,1253469133,1253473818,4685
23323,1253470432,1253475249,4817
23324,1253470519,1253476026,5507
23325,1253471289,1253478108,6819
23326,1253471776,1253478882,7106
23327,1253472934,1253480909,7975
23328,1253473818,1253483337,9519
23329,1253475249,1253484732,9483
23330,1253476026,1253485357,9331
23331,1253478108,1253487607,9499
23332,1253478882,1253487897,9015
23333,1253480909,1253489274,8365
23334,1253483337,1253490776,7439
23335,1253484732,1253490951,6219
23336,1253485357,1253492227,6870
23337,1253487607,1253494910,7303
23338,1253487897,1253496331,8434
23339,1253489274,1253496690,7416
23340,1253490776,1253498080,7304
23341,1253490951,1253498671,7720
23342,1253492227,1253500438,8211
23343,1253494910,1253500780,5870
23344,1253496331,1253502260,5929
23345,1253496690,1253502318,5628
23346,1253498080,1253502347,4267
23347,1253498671,1253502646,3975
23348,1253500438,1253504236,3798
23349,1253500780,1253506311,5531
23350,1253502260,1253506577,4317
23351,1253502318,1253507542,5224
23352,1253502347,1253509001,6654
23353,1253502646,1253509325,6679
23354,1253504236,1253510257,6021
23355,1253506311,1253510487,4176
23356,1253506577,1253511260,4683
23357,1253507542,1253512659,5117
23358,1253509001,1253514085,5084
23359,1253509325,1253515600,6275
23360,1253510257,1253515849,5592
23361,1253510487,1253516376,5889
23362,1253511260,1253517018,5758
23363,1253512659,1253517943,5284
23364,1253514085,1253518643,4558
23365,1253515600,1253520423,4823
23366,1253515849,1253521110,5261
23367,1253516376,1253522318,5942
23368,1253517018,1253523302,6284
23369,1253517943,1253524139,6196
23370,1253518643,1253524831,6188
23371,1253520423,1253525094,4671
23372,1253521110,1253525931,4821
23373,1253522318,1253528597,6279
23374,1253523302,1253530652,7350
23375,1253524139,1253532323,8184
23376,1253524831,1253533139,8308
23377,1253525094,1253534056,8962
23378,1253525931,1253535100,9169
23379,1253528597,1253536700,8103
23380,1253530652,1253537219,6567
23381,1253532323,1253538752,6429
23382,1253533139,1253540808,7669
23383,1253534056,1253543392,9336
23384,1253535100,1253545263,10163
23385,1253536700,1253547840,11140
23386,1253537219,1253547952,10733
23387,1253538752,1253549686,10934
23388,1253540808,1253550476,9668
23389,1253543392,1253550803,7411
23390,1253545263,1253553287,8024
23391,1253547840,1253556102,8262
23392,1253547952,1253558356,10404
23393,1253549686,1253560399,10713
23394,1253550476,1253562618,12142
23395,1253550803,1253562883,12080
23396,1253553287,1253563702,10415
23397,1253556102,1253564779,8677
23398,1253558356,1253566083,7727
23399,1253560399,1253567634,7235
23400,1253562618,1253568833,6215
23401,1253562883,1253571005,8122
23402,1253563702,1253573840,10138
23403,1253564779,1253576293,11514
23404,1253566083,1253577148,11065
23405,1253567634,1253577684,10050
23406,1253568833,1253579022,10189
23407,1253571005,1253579450,8445
23408,1253573840,1253580102,6262
23409,1253576293,1253580726,4433
23410,1253577148,1253580989,3841
23411,1253577684,1253581301,3617
23412,1253579022,1253584550,5528
23413,1253579450,1253589672,10222
23414,1253580102,1253590150,10048
23415,1253580726,1253594438,13712
23416,1253580989,1253594770,13781
23417,1253581301,1253598348,17047
23418,1253584550,1253616669,32119
23419,1253589672,1253619727,30055
23420,1253590150,1253619962,29812
23421,1253594438,1253627169,32731
23422,1253594770,1253627263,32493
23423,1253598348,1253628314,29966
23424,1253616669,1253629232,12563
23425,1253619727,1253639011,19284
23426,1253619962,1253647933,27971
23427,1253627169,1253652684,25515
23428,1253627263,1253653079,25816
23429,1253628314,1253658345,30031
23430,1253629232,1253665083,35851
23431,1253639011,1253669182,30171
23432,1253647933,1253672398,24465
23433,1253652684,1253689054,36370
23434,1253653079,1253707095,54016
23435,1253658345,1253708788,50443
23436,1253665083,1253708912,43829
23437,1253669182,1253710834,41652
23438,1253672398,1253711563,39165
23439,1253689054,1253711774,22720
23440,1253707095,1253712453,5358
23441,1253708788,1253714565,5777
23442,1253708912,1253715188,6276
23443,1253710834,1253716831,5997
23444,1253711563,1253716863,5300
23445,1253711774,1253718598,6824
23446,1253712453,1253718750,6297
23447,1253714565,1253719681,5116
23448,1253715188,1253722239,7051
23449,1253716831,1253723688,6857
23450,1253716863,1253725334,8471
23451,1253718598,1253727429,8831
23452,1253718750,1253729256,10506
23453,1253719681,1253730261,10580
23454,1253722239,1253730698,8459
23455,1253723688,1253732552,8864
23456,1253725334,1253732978,7644
23457,1253727429,1253733768,6339
23458,1253729256,1253736284,7028
23459,1253730261,1253738554,8293
23460,1253730698,1253741016,10318
23461,1253732552,1253743283,10731
23462,1253732978,1253744515,11537
23463,1253733768,1253746864,13096
23464,1253736284,1253747619,11335
23465,1253738554,1253749968,11414
23466,1253741016,1253750737,9721
23467,1253743283,1253751423,8140
23468,1253744515,1253751460,6945
23469,1253746864,1253752825,5961
23470,1253747619,1253752919,5300
23471,1253749968,1253754093,4125
23472,1253750737,1253754470,3733
23473,1253751423,1253754553,3130
23474,1253751460,1253754681,3221
23475,1253752825,1253755140,2315
23476,1253752919,1253756527,3608
23477,1253754093,1253760311,6218
23478,1253754470,1253757599,3129
23479,1253754553,1253759592,5039
23480,1253754681,1253760159,5478
23481,1253755140,1253760810,5670
23482,1253756527,1253761223,4696
23483,1253757599,1253762420,4821
23484,1253759592,1253762669,3077
23485,1253760159,1253763443,3284
23486,1253760311,1253764357,4046
23487,1253760810,1253766316,5506
23488,1253761223,1253767374,6151
23489,1253762420,1253767870,5450
23490,1253762669,1253768234,5565
23491,1253763443,1253768300,4857
23492,1253764357,1253768636,4279
23493,1253766316,1253769000,2684
23494,1253767374,1253771064,3690
23495,1253767870,1253772288,4418
23496,1253768234,1253773035,4801
23497,1253768300,1253773867,5567
23498,1253768636,1253774402,5766
23499,1253769000,1253776466,7466
23500,1253771064,1253778633,7569
23501,1253772288,1253779136,6848
23502,1253773035,1253779606,6571
23503,1253773867,1253781527,7660
23504,1253774402,1253781690,7288
23505,1253776466,1253783513,7047
23506,1253778633,1253784016,5383
23507,1253779136,1253784792,5656
23508,1253779606,1253785595,5989
23509,1253781527,1253788620,7093
23510,1253781690,1253790460,8770
23511,1253783513,1253791013,7500
23512,1253784016,1253793090,9074
23513,1253784792,1253795304,10512
23514,1253785595,1253795928,10333
23515,1253788620,1253798069,9449
23516,1253790460,1253799784,9324
23517,1253791013,1253799889,8876
23518,1253793090,1253800450,7360
23519,1253795304,1253803009,7705
23520,1253795928,1253803343,7415
23521,1253798069,1253805127,7058
23522,1253799784,1253805867,6083
23523,1253799889,1253807475,7586
23524,1253800450,1253808663,8213
23525,1253803009,1253809960,6951
23526,1253803343,1253810935,7592
23527,1253805127,1253810980,5853
23528,1253805867,1253811904,6037
23529,1253807475,1253811967,4492
23530,1253808663,1253813028,4365
23531,1253809960,1253813992,4032
23532,1253810935,1253815531,4596
23533,1253810980,1253815876,4896
23534,1253811904,1253815954,4050
23535,1253811967,1253816201,4234
23536,1253813028,1253817689,4661
23537,1253813992,1253819039,5047
23538,1253815531,1253819500,3969
23539,1253815876,1253819787,3911
23540,1253815954,1253819952,3998
23541,1253816201,1253820010,3809
23542,1253817689,1253820516,2827
23543,1253819039,1253820659,1620
23544,1253819500,1253820732,1232
23545,1253819787,1253821564,1777
23546,1253819952,1253823011,3059
23547,1253820010,1253823807,3797
23548,1253820516,1253824007,3491
23549,1253820659,1253825444,4785
23550,1253820732,1253826416,5684
23551,1253821564,1253826650,5086
23552,1253823011,1253826900,3889
23553,1253823807,1253827659,3852
23554,1253824007,1253828401,4394
23555,1253825444,1253828516,3072
23556,1253826416,1253829626,3210
23557,1253826650,1253830314,3664
23558,1253826900,1253832616,5716
23559,1253827659,1253832917,5258
23560,1253828401,1253833396,4995
23561,1253828516,1253835170,6654
23562,1253829626,1253835471,5845
23563,1253830314,1253837204,6890
23564,1253832616,1253839530,6914
23565,1253832917,1253840750,7833
23566,1253833396,1253840808,7412
23567,1253835170,1253841254,6084
23568,1253835471,1253841685,6214
23569,1253837204,1253842558,5354
23570,1253839530,1253843659,4129
23571,1253840750,1253844076,3326
23572,1253840808,1253844552,3744
23573,1253841254,1253846259,5005
23574,1253841685,1253847459,5774
23575,1253842558,1253849093,6535
23576,1253843659,1253850833,7174
23577,1253844076,1253850951,6875
23578,1253844552,1253853038,8486
23579,1253846259,1253853873,7614
23580,1253847459,1253854232,6773
23581,1253849093,1253855679,6586
23582,1253850833,1253856317,5484
23583,1253850951,1253857908,6957
23584,1253853038,1253858612,5574
23585,1253853873,1253858871,4998
23586,1253854232,1253859193,4961
23587,1253855679,1253860687,5008
23588,1253856317,1253860841,4524
23589,1253857908,1253861231,3323
23590,1253858612,1253862731,4119
23591,1253858871,1253864148,5277
23592,1253859193,1253864879,5686
23593,1253860687,1253865426,4739
23594,1253860841,1253867364,6523
23595,1253861231,1253868831,7600
23596,1253862731,1253869633,6902
23597,1253864148,1253869930,5782
23598,1253864879,1253871896,7017
23599,1253865426,1253872095,6669
23600,1253867364,1253873034,5670
23601,1253868831,1253873911,5080
23602,1253869633,1253874655,5022
23603,1253869930,1253876456,6526
23604,1253871896,1253877153,5257
23605,1253872095,1253877300,5205
23606,1253873034,1253877536,4502
23607,1253873911,1253877567,3656
23608,1253874655,1253878619,3964
23609,1253876456,1253878761,2305
23610,1253877153,1253880303,3150
23611,1253877300,1253880313,3013
23612,1253877536,1253881019,3483
23613,1253877567,1253881445,3878
23614,1253878619,1253882764,4145
23615,1253878761,1253884427,5666
23616,1253880303,1253885565,5262
23617,1253880313,1253886369,6056
23618,1253881019,1253888247,7228
23619,1253881445,1253888453,7008
23620,1253882764,1253890761,7997
23621,1253884427,1253892057,7630
23622,1253885565,1253892194,6629
23623,1253886369,1253892613,6244
23624,1253888247,1253894187,5940
23625,1253888453,1253894198,5745
23626,1253890761,1253896211,5450
23627,1253892057,1253896719,4662
23628,1253892194,1253897899,5705
23629,1253892613,1253898777,6164
23630,1253894187,1253900587,6400
23631,1253894198,1253900811,6613
23632,1253896211,1253901189,4978
23633,1253896719,1253901823,5104
23634,1253897899,1253902199,4300
23635,1253898777,1253904527,5750
23636,1253900587,1253904937,4350
23637,1253900811,1253905045,4234
23638,1253901189,1253905729,4540
23639,1253901823,1253907762,5939
23640,1253902199,1253910580,8381
23641,1253904527,1253910661,6134
23642,1253904937,1253912818,7881
23643,1253905045,1253913002,7957
23644,1253905729,1253914161,8432
23645,1253907762,1253915010,7248
23646,1253910580,1253915067,4487
23647,1253910661,1253916627,5966
23648,1253912818,1253916663,3845
23649,1253913002,1253916778,3776
23650,1253914161,1253917743,3582
23651,1253915010,1253920400,5390
23652,1253915067,1253921124,6057
23653,1253916627,1253922138,5511
23654,1253916663,1253923237,6574
23655,1253916778,1253925007,8229
23656,1253917743,1253927503,9760
23657,1253920400,1253928544,8144
23658,1253921124,1253929385,8261
23659,1253922138,1253931041,8903
23660,1253923237,1253933627,10390
23661,1253925007,1253934156,9149
23662,1253927503,1253935580,8077
23663,1253928544,1253936002,7458
23664,1253929385,1253936700,7315
23665,1253931041,1253937599,6558
23666,1253933627,1253937848,4221
23667,1253934156,1253939714,5558
23668,1253935580,1253940324,4744
23669,1253936002,1253940396,4394
23670,1253936700,1253940751,4051
23671,1253937599,1253941979,4380
23672,1253937848,1253943134,5286
23673,1253939714,1253943267,3553
23674,1253940324,1253944052,3728
23675,1253940396,1253944575,4179
23676,1253940751,1253946323,5572
23677,1253941979,1253949422,7443
23678,1253943134,1253950528,7394
23679,1253943267,1253950366,7099
23680,1253944052,1253951753,7701
23681,1253944575,1253952574,7999
23682,1253946323,1253953712,7389
23683,1253949422,1253954154,4732
23684,1253950366,1253954824,4458
23685,1253950528,1253955568,5040
23686,1253951753,1253956249,4496
23687,1253952574,1253957900,5326
23688,1253953712,1253960251,6539
23689,1253954154,1253960124,5970
23690,1253954824,1253962831,8007
23691,1253955568,1253962583,7015
23692,1253956249,1253963705,7456
23693,1253957900,1253964099,6199
23694,1253960124,1253965748,5624
23695,1253960251,1253965603,5352
23696,1253962583,1253966403,3820
23697,1253962831,1253966551,3720
23698,1253963705,1253967697,3992
23699,1253964099,1253968683,4584
23700,1253965603,1253969582,3979
23701,1253965748,1253969927,4179
23702,1253966403,1253969995,3592
23703,1253966551,1253970620,4069
23704,1253967697,1253970667,2970
23705,1253968683,1253971943,3260
23706,1253969582,1253972352,2770
23707,1253969927,1253973201,3274
23708,1253969995,1253974817,4822
23709,1253970620,1253975309,4689
23710,1253970667,1253975635,4968
23711,1253971943,1253977366,5423
23712,1253972352,1253979528,7176
23713,1253973201,1253979965,6764
23714,1253974817,1253980272,5455
23715,1253975309,1253980752,5443
23716,1253975635,1253981173,5538
23717,1253977366,1253981301,3935
23718,1253979528,1253981403,1875
23719,1253979965,1253982083,2118
23720,1253980272,1253983884,3612
23721,1253980752,1253983999,3247
23722,1253981173,1253984306,3133
23723,1253981301,1253984591,3290
23724,1253981403,1253985988,4585
23725,1253982083,1253987308,5225
23726,1253983884,1253988024,4140
23727,1253983999,1253988769,4770
23728,1253984306,1253988468,4162
23729,1253984591,1253989727,5136
23730,1253985988,1253991341,5353
23731,1253987308,1253991701,4393
23732,1253988024,1253992194,4170
23733,1253988468,1253992170,3702
23734,1253988769,1253992742,3973
23735,1253989727,1253992982,3255
23736,1253991341,1253993634,2293
23737,1253991701,1253995316,3615
23738,1253992170,1253996336,4166
23739,1253992194,1253998322,6128
23740,1253992742,1253998669,5927
23741,1253992982,1254000644,7662
23742,1253993634,1254000808,7174
23743,1253995316,1254001685,6369
23744,1253996336,1254002070,5734
23745,1253998322,1254002690,4368
23746,1253998669,1254003273,4604
23747,1254000644,1254003145,2501
23748,1254000808,1254005485,4677
23749,1254001685,1254006189,4504
23750,1254002070,1254006825,4755
23751,1254002690,1254006529,3839
23752,1254003145,1254007344,4199
23753,1254003273,1254008399,5126
23754,1254005485,1254009677,4192
23755,1254006189,1254010640,4451
23756,1254006529,1254012057,5528
23757,1254006825,1254013648,6823
23758,1254007344,1254014307,6963
23759,1254008399,1254015156,6757
23760,1254009677,1254017012,7335
23761,1254010640,1254017022,6382
23762,1254012057,1254019585,7528
23763,1254013648,1254020332,6684
23764,1254014307,1254020186,5879
23765,1254015156,1254021053,5897
23766,1254017012,1254022154,5142
23767,1254017022,1254024460,7438
23768,1254019585,1254026148,6563
23769,1254020186,1254026764,6578
23770,1254020332,1254026617,6285
23771,1254021053,1254026755,5702
23772,1254022154,1254027463,5309
23773,1254024460,1254027230,2770
23774,1254026148,1254028175,2027
23775,1254026617,1254028661,2044
23776,1254026755,1254030235,3480
23777,1254026764,1254029988,3224
23778,1254027230,1254030885,3655
23779,1254027463,1254033273,5810
23780,1254028175,1254033606,5431
23781,1254028661,1254034337,5676
23782,1254029988,1254035267,5279
23783,1254030235,1254035730,5495
23784,1254030885,1254037789,6904
23785,1254033273,1254039347,6074
23786,1254033606,1254039706,6100
23787,1254034337,1254040636,6299
23788,1254035267,1254041791,6524
23789,1254035730,1254044905,9175
23790,1254037789,1254046743,8954
23791,1254039347,1254047616,8269
23792,1254039706,1254048311,8605
23793,1254040636,1254048676,8040
23794,1254041791,1254051055,9264
23795,1254044905,1254050833,5928
23796,1254046743,1254053169,6426
23797,1254047616,1254055128,7512
23798,1254048311,1254055603,7292
23799,1254048676,1254056521,7845
23800,1254050833,1254057142,6309
23801,1254051055,1254059069,8014
23802,1254053169,1254061595,8426
23803,1254055128,1254062333,7205
23804,1254055603,1254062781,7178
23805,1254056521,1254064175,7654
23806,1254057142,1254064991,7849
23807,1254059069,1254064935,5866
23808,1254061595,1254065539,3944
23809,1254062333,1254066198,3865
23810,1254062781,1254068401,5620
23811,1254064175,1254069630,5455
23812,1254064935,1254070450,5515
23813,1254064991,1254070850,5859
23814,1254065539,1254071788,6249
23815,1254066198,1254072146,5948
23816,1254068401,1254074064,5663
23817,1254069630,1254074568,4938
23818,1254070450,1254076418,5968
23819,1254070850,1254077528,6678
23820,1254071788,1254077916,6128
23821,1254072146,1254079009,6863
23822,1254074064,1254080439,6375
23823,1254074568,1254082182,7614
23824,1254076418,1254082424,6006
23825,1254077528,1254083207,5679
23826,1254077916,1254082931,5015
23827,1254079009,1254083428,4419
23828,1254080439,1254084181,3742
23829,1254082182,1254085477,3295
23830,1254082424,1254087280,4856
23831,1254082931,1254088429,5498
23832,1254083207,1254088264,5057
23833,1254083428,1254089326,5898
23834,1254084181,1254090481,6300
23835,1254085477,1254091289,5812
23836,1254087280,1254091738,4458
23837,1254088264,1254091917,3653
23838,1254088429,1254092789,4360
23839,1254089326,1254094697,5371
23840,1254090481,1254095912,5431
23841,1254091289,1254096537,5248
23842,1254091738,1254097789,6051
23843,1254091917,1254099049,7132
23844,1254092789,1254099811,7022
23845,1254094697,1254099666,4969
23846,1254095912,1254100272,4360
23847,1254096537,1254100943,4406
23848,1254097789,1254100837,3048
23849,1254099049,1254101307,2258
23850,1254099666,1254102747,3081
23851,1254099811,1254104684,4873
23852,1254100272,1254106410,6138
23853,1254100837,1254106949,6112
23854,1254100943,1254107459,6516
23855,1254101307,1254108781,7474
23856,1254102747,1254109127,6380
23857,1254104684,1254111029,6345
23858,1254106410,1254111424,5014
23859,1254106949,1254112674,5725
23860,1254107459,1254113132,5673
23861,1254108781,1254114782,6001
23862,1254109127,1254114761,5634
23863,1254111029,1254115983,4954
23864,1254111424,1254117369,5945
23865,1254112674,1254120099,7425
23866,1254113132,1254120274,7142
23867,1254114761,1254122363,7602
23868,1254114782,1254122254,7472
23869,1254115983,1254123641,7658
23870,1254117369,1254124479,7110
23871,1254120099,1254125969,5870
23872,1254120274,1254125831,5557
23873,1254122254,1254126395,4141
23874,1254122363,1254127406,5043
23875,1254123641,1254128290,4649
23876,1254124479,1254131110,6631
23877,1254125831,1254132954,7123
23878,1254125969,1254133340,7371
23879,1254126395,1254134060,7665
23880,1254127406,1254135389,7983
23881,1254128290,1254135550,7260
23882,1254131110,1254136129,5019
23883,1254132954,1254137397,4443
23884,1254133340,1254138014,4674
23885,1254134060,1254138490,4430
23886,1254135389,1254140663,5274
23887,1254135550,1254141200,5650
23888,1254136129,1254143562,7433
23889,1254137397,1254144491,7094
23890,1254138014,1254146254,8240
23891,1254138490,1254146885,8395
23892,1254140663,1254147820,7157
23893,1254141200,1254148975,7775
23894,1254143562,1254149818,6256
23895,1254144491,1254152210,7719
23896,1254146254,1254153686,7432
23897,1254146885,1254154338,7453
23898,1254147820,1254155418,7598
23899,1254148975,1254156235,7260
23900,1254149818,1254156951,7133
23901,1254152210,1254157906,5696
23902,1254153686,1254157697,4011
23903,1254154338,1254159928,5590
23904,1254155418,1254160630,5212
23905,1254156235,1254161472,5237
23906,1254156951,1254162612,5661
23907,1254157697,1254163357,5660
23908,1254157906,1254164366,6460
23909,1254159928,1254164064,4136
23910,1254160630,1254164949,4319
23911,1254161472,1254165033,3561
23912,1254162612,1254165773,3161
23913,1254163357,1254166937,3580
23914,1254164064,1254167646,3582
23915,1254164366,1254168824,4458
23916,1254164949,1254169988,5039
23917,1254165033,1254171637,6604
23918,1254165773,1254173060,7287
23919,1254166937,1254174105,7168
23920,1254167646,1254176260,8614
23921,1254168824,1254175986,7162
23922,1254169988,1254178825,8837
23923,1254171637,1254180515,8878
23924,1254173060,1254181445,8385
23925,1254174105,1254182181,8076
23926,1254175986,1254183647,7661
23927,1254176260,1254184748,8488
23928,1254178825,1254185737,6912
23929,1254180515,1254186648,6133
23930,1254181445,1254188268,6823
23931,1254182181,1254189634,7453
23932,1254183647,1254190115,6468
23933,1254184748,1254190593,5845
23934,1254185737,1254191929,6192
23935,1254186648,1254193776,7128
23936,1254188268,1254195934,7666
23937,1254189634,1254198605,8971
23938,1254190115,1254200228,10113
23939,1254190593,1254200845,10252
23940,1254191929,1254202568,10639
23941,1254193776,1254202923,9147
23942,1254195934,1254204898,8964
23943,1254198605,1254205420,6815
23944,1254200228,1254205570,5342
23945,1254200845,1254206329,5484
23946,1254202568,1254208387,5819
23947,1254202923,1254208637,5714
23948,1254204898,1254209534,4636
23949,1254205420,1254209662,4242
23950,1254205570,1254210907,5337
23951,1254206329,1254212346,6017
23952,1254208387,1254215066,6679
23953,1254208637,1254217453,8816
23954,1254209534,1254217862,8328
23955,1254209662,1254219863,10201
23956,1254210907,1254220487,9580
23957,1254212346,1254221129,8783
23958,1254215066,1254221164,6098
23959,1254217453,1254221764,4311
23960,1254217862,1254221786,3924
23961,1254219863,1254222812,2949
23962,1254220487,1254224120,3633
23963,1254221129,1254224606,3477
23964,1254221164,1254224854,3690
23965,1254221764,1254225379,3615
23966,1254221786,1254225827,4041
23967,1254222812,1254226357,3545
23968,1254224120,1254226648,2528
23969,1254224606,1254227625,3019
23970,1254224854,1254227958,3104
23971,1254225379,1254229022,3643
23972,1254225827,1254230494,4667
23973,1254226357,1254232259,5902
23974,1254226648,1254233350,6702
23975,1254227625,1254233830,6205
23976,1254227958,1254235866,7908
23977,1254229022,1254237082,8060
23978,1254230494,1254238539,8045
23979,1254232259,1254238887,6628
23980,1254233350,1254239285,5935
23981,1254233830,1254240951,7121
23982,1254235866,1254241694,5828
23983,1254237082,1254242962,5880
23984,1254238539,1254244702,6163
23985,1254238887,1254245866,6979
23986,1254239285,1254246255,6970
23987,1254240951,1254247184,6233
23988,1254241694,1254247960,6266
23989,1254242962,1254249435,6473
23990,1254244702,1254251128,6426
23991,1254245866,1254251510,5644
23992,1254246255,1254252552,6297
23993,1254247184,1254249666,2482
23994,1254247960,1254253628,5668
23995,1254249435,1254254343,4908
23996,1254249666,1254254555,4889
23997,1254251128,1254255487,4359
23998,1254251510,1254256230,4720
23999,1254252552,1254256909,4357
24000,1254253628,1254257892,4264
24001,1254254343,1254259170,4827
24002,1254254555,1254259736,5181
24003,1254255487,1254260559,5072
24004,1254256230,1254260996,4766
24005,1254256909,1254261503,4594
24006,1254257892,1254262245,4353
24007,1254259170,1254263959,4789
24008,1254259736,1254264211,4475
24009,1254260559,1254264811,4252
24010,1254260996,1254265806,4810
24011,1254261503,1254266482,4979
24012,1254262245,1254267196,4951
24013,1254263959,1254267653,3694
24014,1254264211,1254270652,6441
24015,1254264811,1254272476,7665
24016,1254265806,1254273750,7944
24017,1254266482,1254274355,7873
24018,1254267196,1254277236,10040
24019,1254267653,1254279080,11427
24020,1254270652,1254279478,8826
24021,1254272476,1254280882,8406
24022,1254273750,1254282383,8633
24023,1254274355,1254283499,9144
24024,1254277236,1254284507,7271
24025,1254279080,1254285500,6420
24026,1254279478,1254286836,7358
24027,1254280882,1254287465,6583
24028,1254282383,1254288036,5653
24029,1254283499,1254289508,6009
24030,1254284507,1254290098,5591
24031,1254285500,1254290143,4643
24032,1254286836,1254291877,5041
24033,1254287465,1254292002,4537
24034,1254288036,1254294293,6257
24035,1254289508,1254296998,7490
24036,1254290098,1254298601,8503
24037,1254290143,1254299279,9136
24038,1254291877,1254300904,9027
24039,1254292002,1254301522,9520
24040,1254294293,1254303640,9347
24041,1254296998,1254304184,7186
24042,1254298601,1254306075,7474
24043,1254299279,1254307326,8047
24044,1254300904,1254308217,7313
24045,1254301522,1254309238,7716
24046,1254303640,1254310207,6567
24047,1254304184,1254310505,6321
24048,1254306075,1254310680,4605
24049,1254307326,1254311897,4571
24050,1254308217,1254312673,4456
24051,1254309238,1254313746,4508
24052,1254310207,1254313784,3577
24053,1254310505,1254314967,4462
24054,1254310680,1254316230,5550
24055,1254311897,1254317827,5930
24056,1254312673,1254319137,6464
24057,1254313746,1254320728,6982
24058,1254313784,1254321764,7980
24059,1254314967,1254322362,7395
24060,1254316230,1254322207,5977
24061,1254317827,1254323239,5412
24062,1254319137,1254325678,6541
24063,1254320728,1254326277,5549
24064,1254321764,1254327108,5344
24065,1254322207,1254329016,6809
24066,1254322362,1254328754,6392
24067,1254323239,1254330301,7062
24068,1254325678,1254326702,1024
24069,1254326277,1254331416,5139
24070,1254326702,1254327838,1136
24071,1254327108,1254327897,789
24072,1254327838,1254333391,5553
24073,1254327897,1254334009,6112
24074,1254328754,1254330546,1792
24075,1254329016,1254335664,6648
24076,1254330301,1254336019,5718
24077,1254330546,1254336116,5570
24078,1254331416,1254334130,2714
24079,1254333391,1254338292,4901
24080,1254334009,1254338620,4611
24081,1254334130,1254334724,594
24082,1254334724,1254339227,4503
24083,1254335664,1254339661,3997
24084,1254336019,1254339991,3972
24085,1254336116,1254341730,5614
24086,1254338292,1254342228,3936
24087,1254338620,1254343379,4759
24088,1254339227,1254343342,4115
24089,1254339661,1254343501,3840
24090,1254339991,1254343950,3959
24091,1254341730,1254345683,3953
24092,1254342228,1254345785,3557
24093,1254343342,1254346305,2963
24094,1254343379,1254348584,5205
24095,1254343501,1254350625,7124
24096,1254343950,1254351672,7722
24097,1254345683,1254351456,5773
24098,1254345785,1254354212,8427
24099,1254346305,1254356803,10498
24100,1254348584,1254359020,10436
24101,1254350625,1254359912,9287
24102,1254351456,1254361559,10103
24103,1254351672,1254362576,10904
24104,1254354212,1254364362,10150
24105,1254356803,1254366254,9451
24106,1254359020,1254367114,8094
24107,1254359912,1254367027,7115
24108,1254361559,1254369302,7743
24109,1254362576,1254370589,8013
24110,1254364362,1254370938,6576
24111,1254366254,1254371310,5056
24112,1254367027,1254373310,6283
24113,1254367114,1254374156,7042
24114,1254369302,1254374642,5340
24115,1254370589,1254374961,4372
24116,1254370938,1254376460,5522
24117,1254371310,1254376739,5429
24118,1254373310,1254377498,4188
24119,1254374156,1254378579,4423
24120,1254374642,1254379224,4582
24121,1254374961,1254380546,5585
24122,1254376460,1254381198,4738
24123,1254376739,1254381657,4918
24124,1254377498,1254383259,5761
24125,1254378579,1254384776,6197
24126,1254379224,1254385345,6121
24127,1254380546,1254386355,5809
24128,1254381198,1254387863,6665
24129,1254381657,1254389853,8196
24130,1254383259,1254391086,7827
24131,1254384776,1254391232,6456
24132,1254385345,1254391559,6214
24133,1254386355,1254392528,6173
24134,1254387863,1254393115,5252
24135,1254389853,1254395891,6038
24136,1254391086,1254396425,5339
24137,1254391232,1254397892,6660
24138,1254391559,1254398897,7338
24139,1254392528,1254401499,8971
24140,1254393115,1254402929,9814
24141,1254395891,1254405128,9237
24142,1254396425,1254406613,10188
24143,1254397892,1254403721,5829
24144,1254398897,1254408062,9165
24145,1254401499,1254410263,8764
24146,1254402929,1254412286,9357
24147,1254403721,1254412531,8810
24148,1254405128,1254412956,7828
24149,1254406613,1254413498,6885
24150,1254408062,1254415717,7655
24151,1254410263,1254415646,5383
24152,1254412286,1254416235,3949
24153,1254412531,1254416819,4288
24154,1254412956,1254417321,4365
24155,1254413498,1254417291,3793
24156,1254415646,1254418365,2719
24157,1254415717,1254415718,1
24158,1254415718,1254418757,3039
24159,1254416235,1254416236,1
24160,1254416236,1254420136,3900
24161,1254416819,1254421129,4310
24162,1254417291,1254422592,5301
24163,1254417321,1254423716,6395
24164,1254418365,1254423861,5496
24165,1254418757,1254425384,6627
24166,1254420136,1254426126,5990
24167,1254421129,1254426855,5726
24168,1254422592,1254428642,6050
24169,1254423716,1254429893,6177
24170,1254423861,1254430321,6460
24171,1254425384,1254431262,5878
24172,1254426126,1254431540,5414
24173,1254426855,1254431922,5067
24174,1254428642,1254434294,5652
24175,1254429893,1254434681,4788
24176,1254430321,1254431523,1202
24177,1254431262,1254436753,5491
24178,1254431523,1254438624,7101
24179,1254431540,1254439650,8110
24180,1254431922,1254441182,9260
24181,1254434294,1254443035,8741
24182,1254434681,1254442869,8188
24183,1254436753,1254445011,8258
24184,1254438624,1254445523,6899
24185,1254439650,1254445928,6278
24186,1254441182,1254446732,5550
24187,1254442869,1254449521,6652
24188,1254443035,1254450316,7281
24189,1254445011,1254451803,6792
24190,1254445523,1254452262,6739
24191,1254445928,1254454291,8363
24192,1254446732,1254454028,7296
24193,1254449521,1254454978,5457
24194,1254450316,1254455407,5091
24195,1254451803,1254455746,3943
24196,1254452262,1254456462,4200
24197,1254454028,1254458383,4355
24198,1254454291,1254458780,4489
24199,1254454978,1254459492,4514
24200,1254455407,1254460339,4932
24201,1254455746,1254461041,5295
24202,1254456462,1254461389,4927
24203,1254458383,1254461860,3477
24204,1254458780,1254463807,5027
24205,1254459492,1254464500,5008
24206,1254460339,1254466124,5785
24207,1254461041,1254466120,5079
24208,1254461389,1254467690,6301
24209,1254461860,1254468539,6679
24210,1254463807,1254469681,5874
24211,1254464500,1254471558,7058
24212,1254466120,1254473503,7383
24213,1254466124,1254473530,7406
24214,1254467690,1254475900,8210
24215,1254468539,1254477817,9278
24216,1254469681,1254478098,8417
24217,1254471558,1254478953,7395
24218,1254473503,1254479954,6451
24219,1254473530,1254481171,7641
24220,1254475900,1254481996,6096
24221,1254477817,1254482902,5085
24222,1254478098,1254485387,7289
24223,1254478953,1254486468,7515
24224,1254479954,1254489248,9294
24225,1254481171,1254490830,9659
24226,1254481996,1254492556,10560
24227,1254482902,1254493080,10178
24228,1254485387,1254493569,8182
24229,1254486468,1254495243,8775
24230,1254489248,1254495493,6245
24231,1254490830,1254496473,5643
24232,1254492556,1254499652,7096
24233,1254493080,1254499974,6894
24234,1254493569,1254503837,10268
24235,1254495243,1254507071,11828
24236,1254495493,1254507625,12132
24237,1254496473,1254509551,13078
24238,1254499652,1254509837,10185
24239,1254499974,1254510306,10332
24240,1254503837,1254511318,7481
24241,1254507071,1254513558,6487
24242,1254507625,1254514633,7008
24243,1254509551,1254514661,5110
24244,1254509837,1254515252,5415
24245,1254510306,1254515633,5327
24246,1254511318,1254515777,4459
24247,1254513558,1254516319,2761
24248,1254514633,1254518223,3590
24249,1254514661,1254520442,5781
24250,1254515252,1254520591,5339
24251,1254515633,1254521947,6314
24252,1254515777,1254526709,10932
24253,1254516319,1254529271,12952
24254,1254518223,1254532786,14563
24255,1254520442,1254533771,13329
24256,1254520591,1254536817,16226
24257,1254521947,1254538495,16548
24258,1254526709,1254539012,12303
24259,1254529271,1254540409,11138
24260,1254532786,1254540920,8134
24261,1254533771,1254543786,10015
24262,1254536817,1254543945,7128
24263,1254538495,1254550052,11557
24264,1254539012,1254550037,11025
24265,1254540409,1254552666,12257
24266,1254540920,1254555450,14530
24267,1254543786,1254555558,11772
24268,1254543945,1254556769,12824
24269,1254550037,1254560187,10150
24270,1254550052,1254561706,11654
24271,1254552666,1254562293,9627
24272,1254555450,1254566234,10784
24273,1254555558,1254566561,11003
24274,1254556769,1254569176,12407
24275,1254560187,1254570404,10217
24276,1254561706,1254572687,10981
24277,1254562293,1254572999,10706
24278,1254566234,1254574923,8689
24279,1254566561,1254575739,9178
24280,1254569176,1254579859,10683
24281,1254570404,1254580437,10033
24282,1254572687,1254581410,8723
24283,1254572999,1254583384,10385
24284,1254574923,1254585090,10167
24285,1254575739,1254585986,10247
24286,1254579859,1254586437,6578
24287,1254580437,1254586513,6076
24288,1254581410,1254587788,6378
24289,1254583384,1254592076,8692
24290,1254585090,1254592393,7303
24291,1254585986,1254593510,7524
24292,1254586437,1254593544,7107
24293,1254586513,1254593521,7008
24294,1254587788,1254597914,10126
24295,1254592076,1254598828,6752
24296,1254592393,1254599394,7001
24297,1254593510,1254599891,6381
24298,1254593521,1254601953,8432
24299,1254593544,1254605005,11461
24300,1254597914,1254606588,8674
24301,1254598828,1254606593,7765
24302,1254599394,1254606950,7556
24303,1254599891,1254608000,8109
24304,1254601953,1254607998,6045
24305,1254605005,1254609921,4916
24306,1254606588,1254611018,4430
24307,1254606593,1254611304,4711
24308,1254606950,1254611555,4605
24309,1254607998,1254612350,4352
24310,1254608000,1254613212,5212
24311,1254609921,1254614748,4827
24312,1254611018,1254615392,4374
24313,1254611304,1254620742,9438
24314,1254611555,1254621028,9473
24315,1254612350,1254621709,9359
24316,1254613212,1254621571,8359
24317,1254614748,1254621955,7207
24318,1254615392,1254622880,7488
24319,1254620742,1254626295,5553
24320,1254621028,1254627114,6086
24321,1254621571,1254629345,7774
24322,1254621709,1254629831,8122
24323,1254621955,1254631734,9779
24324,1254622880,1254633282,10402
24325,1254626295,1254636495,10200
24326,1254627114,1254636522,9408
24327,1254629345,1254637126,7781
24328,1254629831,1254636964,7133
24329,1254631734,1254639477,7743
24330,1254633282,1254639792,6510
24331,1254636495,1254639945,3450
24332,1254636522,1254643490,6968
24333,1254636964,1254644072,7108
24334,1254637126,1254645175,8049
24335,1254639477,1254647425,7948
24336,1254639792,1254647558,7766
24337,1254639945,1254649937,9992
24338,1254643490,1254650770,7280
24339,1254644072,1254651385,7313
24340,1254645175,1254653757,8582
24341,1254647425,1254657079,9654
24342,1254647558,1254657636,10078
24343,1254649937,1254659864,9927
24344,1254650770,1254661338,10568
24345,1254651385,1254663418,12033
24346,1254653757,1254664469,10712
24347,1254657079,1254666824,9745
24348,1254657636,1254666580,8944
24349,1254659864,1254667111,7247
24350,1254661338,1254669649,8311
24351,1254663418,1254671422,8004
24352,1254664469,1254674712,10243
24353,1254666580,1254677510,10930
24354,1254666824,1254679691,12867
24355,1254667111,1254681090,13979
24356,1254669649,1254683786,14137
24357,1254671422,1254684802,13380
24358,1254674712,1254687034,12322
24359,1254677510,1254690588,13078
24360,1254679691,1254691722,12031
24361,1254681090,1254694038,12948
24362,1254683786,1254697748,13962
24363,1254684802,1254698394,13592
24364,1254687034,1254702114,15080
24365,1254690588,1254708044,17456
24366,1254691722,1254708402,16680
24367,1254694038,1254708449,14411
24368,1254697748,1254708212,10464
24369,1254698394,1254709630,11236
24370,1254702114,1254710087,7973
24371,1254708044,1254713649,5605
24372,1254708212,1254714476,6264
24373,1254708402,1254714893,6491
24374,1254708449,1254716268,7819
24375,1254709630,1254720176,10546
24376,1254710087,1254721387,11300
24377,1254713649,1254723368,9719
24378,1254714476,1254723419,8943
24379,1254714893,1254726084,11191
24380,1254716268,1254726491,10223
24381,1254720176,1254727496,7320
24382,1254721387,1254731905,10518
24383,1254723368,1254733291,9923
24384,1254723419,1254733737,10318
24385,1254726084,1254733904,7820
24386,1254726491,1254735518,9027
24387,1254727496,1254737839,10343
24388,1254731905,1254738380,6475
24389,1254733291,1254738711,5420
24390,1254733737,1254740165,6428
24391,1254733904,1254740206,6302
24392,1254735518,1254740829,5311
24393,1254737839,1254740531,2692
24394,1254738380,1254740890,2510
24395,1254738711,1254746240,7529
24396,1254740165,1254747491,7326
24397,1254740206,1254748216,8010
24398,1254740531,1254748318,7787
24399,1254740829,1254749362,8533
24400,1254740890,1254750088,9198
24401,1254746240,1254754428,8188
24402,1254747491,1254756679,9188
24403,1254748216,1254758616,10400
24404,1254748318,1254758391,10073
24405,1254749362,1254759028,9666
24406,1254750088,1254760735,10647
24407,1254754428,1254761798,7370
24408,1254756679,1254762701,6022
24409,1254758391,1254763741,5350
24410,1254758616,1254764218,5602
24411,1254759028,1254765568,6540
24412,1254760735,1254766077,5342
24413,1254761798,1254767406,5608
24414,1254762701,1254772156,9455
24415,1254763741,1254778921,15180
24416,1254764218,1254780636,16418
24417,1254765568,1254783660,18092
24418,1254766077,1254786033,19956
24419,1254767406,1254792958,25552
24420,1254772156,1254793296,21140
24421,1254778921,1254795964,17043
24422,1254780636,1254797235,16599
24423,1254783660,1254797621,13961
24424,1254786033,1254798507,12474
24425,1254792958,1254798866,5908
24426,1254793296,1254800283,6987
24427,1254795964,1254802973,7009
24428,1254797235,1254805773,8538
24429,1254797621,1254806614,8993
24430,1254798507,1254811171,12664
24431,1254798866,1254812360,13494
24432,1254800283,1254814811,14528
24433,1254802973,1254815428,12455
24434,1254805773,1254818458,12685
24435,1254806614,1254819587,12973
24436,1254811171,1254819553,8382
24437,1254812360,1254820451,8091
24438,1254814811,1254825173,10362
24439,1254815428,1254826997,11569
24440,1254818458,1254826792,8334
24441,1254819553,1254829777,10224
24442,1254819587,1254829834,10247
24443,1254820451,1254832232,11781
24444,1254825173,1254834405,9232
24445,1254826792,1254834467,7675
24446,1254826997,1254834708,7711
24447,1254829777,1254836405,6628
24448,1254829834,1254840850,11016
24449,1254832232,1254842788,10556
24450,1254834405,1254845303,10898
24451,1254834467,1254845694,11227
24452,1254834708,1254847463,12755
24453,1254836405,1254852852,16447
24454,1254840850,1254853279,12429
24455,1254842788,1254858480,15692
24456,1254845303,1254862325,17022
24457,1254845694,1254865477,19783
24458,1254847463,1254866235,18772
24459,1254852852,1254866479,13627
24460,1254853279,1254867048,13769
24461,1254858480,1254869533,11053
24462,1254862325,1254875186,12861
24463,1254865477,1254875625,10148
24464,1254866235,1254881617,15382
24465,1254866479,1254881990,15511
24466,1254867048,1254885690,18642
24467,1254869533,1254885818,16285
24468,1254875186,1254886047,10861
24469,1254875625,1254886483,10858
24470,1254881617,1254888060,6443
24471,1254881990,1254889030,7040
24472,1254885690,1254890772,5082
24473,1254885818,1254893943,8125
24474,1254886047,1254896470,10423
24475,1254886483,1254896704,10221
24476,1254888060,1254898025,9965
24477,1254889030,1254898345,9315
24478,1254890772,1254898923,8151
24479,1254893943,1254899650,5707
24480,1254896470,1254900513,4043
24481,1254896704,1254902736,6032
24482,1254898025,1254904145,6120
24483,1254898345,1254904457,6112
24484,1254898923,1254905689,6766
24485,1254899650,1254906460,6810
24486,1254900513,1254907485,6972
24487,1254902736,1254911762,9026
24488,1254904145,1254914241,10096
24489,1254904457,1254917770,13313
24490,1254905689,1254919082,13393
24491,1254906460,1254920456,13996
24492,1254907485,1254920378,12893
24493,1254911762,1254920815,9053
24494,1254914241,1254927575,13334
24495,1254917770,1254927614,9844
24496,1254919082,1254928877,9795
24497,1254920378,1254929874,9496
24498,1254920456,1254930483,10027
24499,1254920815,1254932645,11830
24500,1254927575,1254934689,7114
24501,1254927614,1254935231,7617
24502,1254928877,1254936092,7215
24503,1254929874,1254937399,7525
24504,1254930483,1254937464,6981
24505,1254932645,1254940114,7469
24506,1254934689,1254940574,5885
24507,1254935231,1254941716,6485
24508,1254936092,1254943193,7101
24509,1254937399,1254944493,7094
24510,1254937464,1254944677,7213
24511,1254940114,1254946191,6077
24512,1254940574,1254947148,6574
24513,1254941716,1254947697,5981
24514,1254943193,1254948525,5332
24515,1254944493,1254949935,5442
24516,1254944677,1254952311,7634
24517,1254946191,1254952596,6405
24518,1254947148,1254954292,7144
24519,1254947697,1254956033,8336
24520,1254948525,1254956425,7900
24521,1254949935,1254957646,7711
24522,1254952311,1254961460,9149
24523,1254952596,1254961430,8834
24524,1254954292,1254966670,12378
24525,1254956033,1254966940,10907
24526,1254956425,1254967527,11102
24527,1254957646,1254968223,10577
24528,1254961430,1254970199,8769
24529,1254961460,1254970837,9377
24530,1254966670,1254970862,4192
24531,1254966940,1254971341,4401
24532,1254967527,1254973661,6134
24533,1254968223,1254975011,6788
24534,1254970199,1254976778,6579
24535,1254970837,1254977096,6259
24536,1254970862,1254979678,8816
24537,1254971341,1254980489,9148
24538,1254973661,1254980401,6740
24539,1254975011,1254981787,6776
24540,1254976778,1254981667,4889
24541,1254977096,1254983658,6562
24542,1254979678,1254985311,5633
24543,1254980401,1254987308,6907
24544,1254980489,1254991636,11147
24545,1254981667,1254992612,10945
24546,1254981787,1254993522,11735
24547,1254983658,1254994392,10734
24548,1254985311,1254996700,11389
24549,1254987308,1254999294,11986
24550,1254991636,1255000088,8452
24551,1254992612,1255000694,8082
24552,1254993522,1255003857,10335
24553,1254994392,1255004591,10199
24554,1254996700,1255004910,8210
24555,1254999294,1255005646,6352
24556,1255000088,1255006824,6736
24557,1255000694,1255008661,7967
24558,1255003857,1255010814,6957
24559,1255004591,1255011466,6875
24560,1255004910,1255011899,6989
24561,1255005646,1255012496,6850
24562,1255006824,1255012529,5705
24563,1255008661,1255013805,5144
24564,1255010814,1255016892,6078
24565,1255011466,1255017271,5805
24566,1255011899,1255018167,6268
24567,1255012496,1255019938,7442
24568,1255012529,1255019970,7441
24569,1255013805,1255022135,8330
24570,1255016892,1255022876,5984
24571,1255017271,1255024043,6772
24572,1255018167,1255024301,6134
24573,1255019938,1255024271,4333
24574,1255019970,1255025352,5382
24575,1255022135,1255026102,3967
24576,1255022876,1255026678,3802
24577,1255024043,1255028319,4276
24578,1255024271,1255029173,4902
24579,1255024301,1255029805,5504
24580,1255025352,1255030874,5522
24581,1255026102,1255031488,5386
24582,1255026678,1255031525,4847
24583,1255028319,1255032583,4264
24584,1255029173,1255033969,4796
24585,1255029805,1255033873,4068
24586,1255030874,1255037890,7016
24587,1255031488,1255038484,6996
24588,1255031525,1255041287,9762
24589,1255032583,1255041850,9267
24590,1255033873,1255045533,11660
24591,1255033969,1255045950,11981
24592,1255037890,1255047171,9281
24593,1255038484,1255047323,8839
24594,1255041287,1255049663,8376
24595,1255041850,1255049743,7893
24596,1255045533,1255050673,5140
24597,1255045950,1255052583,6633
24598,1255047171,1255052483,5312
24599,1255047323,1255053055,5732
24600,1255049663,1255054304,4641
24601,1255049743,1255054597,4854
24602,1255050673,1255055330,4657
24603,1255052483,1255055343,2860
24604,1255052583,1255055781,3198
24605,1255053055,1255056597,3542
24606,1255054304,1255058315,4011
24607,1255054597,1255059256,4659
24608,1255055330,1255061490,6160
24609,1255055343,1255062151,6808
24610,1255055781,1255062272,6491
24611,1255056597,1255066223,9626
24612,1255058315,1255066908,8593
24613,1255059256,1255067271,8015
24614,1255061490,1255068388,6898
24615,1255062151,1255071153,9002
24616,1255062272,1255074478,12206
24617,1255066223,1255074857,8634
24618,1255066908,1255077106,10198
24619,1255067271,1255081300,14029
24620,1255068388,1255081851,13463
24621,1255071153,1255082919,11766
24622,1255074478,1255080146,5668
24623,1255074857,1255080446,5589
24624,1255077106,1255083261,6155
24625,1255080146,1255085004,4858
24626,1255080446,1255085039,4593
24627,1255081300,1255087461,6161
24628,1255081851,1255089056,7205
24629,1255082919,1255089626,6707
24630,1255083261,1255094008,10747
24631,1255085004,1255092431,7427
24632,1255085039,1255092829,7790
24633,1255087461,1255093556,6095
24634,1255089056,1255093390,4334
24635,1255089626,1255097066,7440
24636,1255092431,1255098142,5711
24637,1255092829,1255096686,3857
24638,1255093390,1255098411,5021
24639,1255093556,1255100638,7082
24640,1255094008,1255101297,7289
24641,1255096686,1255105223,8537
24642,1255097066,1255102092,5026
24643,1255098142,1255105001,6859
24644,1255098411,1255105559,7148
24645,1255100638,1255106661,6023
24646,1255101297,1255107194,5897
24647,1255102092,1255108451,6359
24648,1255105001,1255109751,4750
24649,1255105223,1255110819,5596
24650,1255105559,1255110995,5436
24651,1255106661,1255111165,4504
24652,1255107194,1255111994,4800
24653,1255108451,1255112475,4024
24654,1255109751,1255113033,3282
24655,1255110819,1255113426,2607
24656,1255110995,1255115485,4490
24657,1255111165,1255117486,6321
24658,1255111994,1255118602,6608
24659,1255112475,1255119990,7515
24660,1255113033,1255120566,7533
24661,1255113426,1255121070,7644
24662,1255115485,1255122094,6609
24663,1255117486,1255127220,9734
24664,1255118602,1255126675,8073
24665,1255119990,1255128239,8249
24666,1255120566,1255128409,7843
24667,1255121070,1255128387,7317
24668,1255122094,1255129377,7283
24669,1255126675,1255133748,7073
24670,1255127220,1255130143,2923
24671,1255128239,1255131284,3045
24672,1255128387,1255136008,7621
24673,1255128409,1255133090,4681
24674,1255129377,1255137134,7757
24675,1255130143,1255134907,4764
24676,1255131284,1255135982,4698
24677,1255133090,1255140359,7269
24678,1255133748,1255136974,3226
24679,1255134907,1255138996,4089
24680,1255135982,1255139512,3530
24681,1255136008,1255140601,4593
24682,1255136974,1255145014,8040
24683,1255137134,1255141989,4855
24684,1255138996,1255142212,3216
24685,1255139512,1255144444,4932
24686,1255140359,1255144977,4618
24687,1255140601,1255147520,6919
24688,1255141989,1255151958,9969
24689,1255142212,1255149500,7288
24690,1255144444,1255152531,8087
24691,1255144977,1255153441,8464
24692,1255145014,1255154557,9543
24693,1255147520,1255157373,9853
24694,1255149500,1255157988,8488
24695,1255151958,1255159022,7064
24696,1255152531,1255159958,7427
24697,1255153441,1255163853,10412
24698,1255154557,1255164265,9708
24699,1255157373,1255161738,4365
24700,1255157988,1255162097,4109
24701,1255159022,1255162574,3552
24702,1255159958,1255163598,3640
24703,1255161738,1255164740,3002
24704,1255162097,1255165911,3814
24705,1255162574,1255166523,3949
24706,1255163598,1255166887,3289
24707,1255163853,1255167942,4089
24708,1255164265,1255168550,4285
24709,1255164740,1255174028,9288
24710,1255165911,1255170635,4724
24711,1255166523,1255171550,5027
24712,1255166887,1255173278,6391
24713,1255167942,1255174304,6362
24714,1255168550,1255178998,10448
24715,1255170635,1255184220,13585
24716,1255171550,1255185233,13683
24717,1255173278,1255187363,14085
24718,1255174028,1255189097,15069
24719,1255174304,1255190156,15852
24720,1255178998,1255190229,11231
24721,1255184220,1255192207,7987
24722,1255185233,1255192527,7294
24723,1255187363,1255193737,6374
24724,1255189097,1255194059,4962
24725,1255190156,1255195158,5002
24726,1255190229,1255195694,5465
24727,1255192207,1255196100,3893
24728,1255192527,1255197827,5300
24729,1255193737,1255198338,4601
24730,1255194059,1255199519,5460
24731,1255195158,1255200908,5750
24732,1255195694,1255201584,5890
24733,1255196100,1255202330,6230
24734,1255197827,1255202691,4864
24735,1255198338,1255203165,4827
24736,1255199519,1255204515,4996
24737,1255200908,1255205888,4980
24738,1255201584,1255206528,4944
24739,1255202330,1255207714,5384
24740,1255202691,1255210538,7847
24741,1255203165,1255213288,10123
24742,1255204515,1255213818,9303
24743,1255205888,1255213989,8101
24744,1255206528,1255215312,8784
24745,1255207714,1255216331,8617
24746,1255210538,1255216710,6172
24747,1255213288,1255218166,4878
24748,1255213818,1255219286,5468
24749,1255213989,1255219545,5556
24750,1255215312,1255220538,5226
24751,1255216331,1255221852,5521
24752,1255216710,1255222217,5507
24753,1255218166,1255222671,4505
24754,1255219286,1255222993,3707
24755,1255219545,1255223257,3712
24756,1255220538,1255224304,3766
24757,1255221852,1255224577,2725
24758,1255222217,1255225199,2982
24759,1255222671,1255226373,3702
24760,1255222993,1255227844,4851
24761,1255223257,1255227979,4722
24762,1255224304,1255231361,7057
24763,1255224577,1255231538,6961
24764,1255225199,1255231977,6778
24765,1255226373,1255232363,5990
24766,1255227844,1255234207,6363
24767,1255227979,1255235506,7527
24768,1255231361,1255235943,4582
24769,1255231538,1255237408,5870
24770,1255231977,1255238743,6766
24771,1255232363,1255238975,6612
24772,1255234207,1255241423,7216
24773,1255235506,1255241584,6078
24774,1255235943,1255242202,6259
24775,1255237408,1255242668,5260
24776,1255238743,1255244727,5984
24777,1255238975,1255246584,7609
24778,1255241423,1255248008,6585
24779,1255241584,1255249575,7991
24780,1255242202,1255251358,9156
24781,1255242668,1255252003,9335
24782,1255244727,1255252686,7959
24783,1255246584,1255253807,7223
24784,1255248008,1255253972,5964
24785,1255249575,1255256741,7166
24786,1255251358,1255257033,5675
24787,1255252003,1255257571,5568
24788,1255252686,1255257897,5211
24789,1255253807,1255258459,4652
24790,1255253972,1255259230,5258
24791,1255256741,1255260333,3592
24792,1255257033,1255261386,4353
24793,1255257571,1255264758,7187
24794,1255257897,1255265518,7621
24795,1255258459,1255265770,7311
24796,1255259230,1255267547,8317
24797,1255260333,1255271057,10724
24798,1255261386,1255271476,10090
24799,1255264758,1255271760,7002
24800,1255265518,1255274887,9369
24801,1255265770,1255275081,9311
24802,1255267547,1255277661,10114
24803,1255271057,1255278275,7218
24804,1255271476,1255281110,9634
24805,1255271760,1255281181,9421
24806,1255274887,1255281223,6336
24807,1255275081,1255281915,6834
24808,1255277661,1255283440,5779
24809,1255278275,1255284906,6631
24810,1255281110,1255285033,3923
24811,1255281181,1255285118,3937
24812,1255281223,1255286311,5088
24813,1255281915,1255288179,6264
24814,1255283440,1255289663,6223
24815,1255284906,1255291936,7030
24816,1255285033,1255293759,8726
24817,1255285118,1255295560,10442
24818,1255286311,1255296524,10213
24819,1255288179,1255301991,13812
24820,1255289663,1255303121,13458
24821,1255291936,1255304826,12890
24822,1255293759,1255307927,14168
24823,1255295560,1255308363,12803
24824,1255296524,1255309188,12664
24825,1255301991,1255309684,7693
24826,1255303121,1255310160,7039
24827,1255304826,1255311281,6455
24828,1255307927,1255314142,6215
24829,1255308363,1255314878,6515
24830,1255309188,1255315309,6121
24831,1255309684,1255316033,6349
24832,1255310160,1255316675,6515
24833,1255311281,1255316753,5472
24834,1255314142,1255319802,5660
24835,1255314878,1255321278,6400
24836,1255315309,1255324877,9568
24837,1255316033,1255325726,9693
24838,1255316675,1255325748,9073
24839,1255316753,1255327702,10949
24840,1255319802,1255328297,8495
24841,1255321278,1255328306,7028
24842,1255324877,1255328490,3613
24843,1255325726,1255333764,8038
24844,1255325748,1255335116,9368
24845,1255327702,1255338615,10913
24846,1255328297,1255339253,10956
24847,1255328306,1255341560,13254
24848,1255328490,1255342406,13916
24849,1255333764,1255343394,9630
24850,1255335116,1255343728,8612
24851,1255338615,1255343979,5364
24852,1255339253,1255345710,6457
24853,1255341560,1255346052,4492
24854,1255342406,1255346652,4246
24855,1255343394,1255347810,4416
24856,1255343728,1255348681,4953
24857,1255343979,1255350682,6703
24858,1255345710,1255350821,5111
24859,1255346052,1255351110,5058
24860,1255346652,1255352386,5734
24861,1255347810,1255354590,6780
24862,1255348681,1255358157,9476
24863,1255350682,1255360550,9868
24864,1255350821,1255364052,13231
24865,1255351110,1255364198,13088
24866,1255352386,1255365751,13365
24867,1255354590,1255366489,11899
24868,1255358157,1255367154,8997
24869,1255360550,1255368307,7757
24870,1255364052,1255369804,5752
24871,1255364198,1255372864,8666
24872,1255365751,1255377007,11256
24873,1255366489,1255378409,11920
24874,1255367154,1255379743,12589
24875,1255368307,1255381038,12731
24876,1255369804,1255384213,14409
24877,1255372864,1255385126,12262
24878,1255377007,1255389279,12272
24879,1255378409,1255391304,12895
24880,1255379743,1255392651,12908
24881,1255381038,1255394676,13638
24882,1255384213,1255395014,10801
24883,1255385126,1255395525,10399
24884,1255389279,1255395943,6664
24885,1255391304,1255396032,4728
24886,1255392651,1255399223,6572
24887,1255394676,1255400949,6273
24888,1255395014,1255401970,6956
24889,1255395525,1255402629,7104
24890,1255395943,1255403121,7178
24891,1255396032,1255405009,8977
24892,1255399223,1255405925,6702
24893,1255400949,1255406580,5631
24894,1255401970,1255406950,4980
24895,1255402629,1255410461,7832
24896,1255403121,1255410988,7867
24897,1255405009,1255414620,9611
24898,1255405925,1255415568,9643
24899,1255406580,1255416368,9788
24900,1255406950,1255419906,12956
24901,1255410461,1255422240,11779
24902,1255410988,1255424623,13635
24903,1255414620,1255425799,11179
24904,1255415568,1255426456,10888
24905,1255416368,1255428753,12385
24906,1255419906,1255430629,10723
24907,1255422240,1255432681,10441
24908,1255424623,1255433770,9147
24909,1255425799,1255434429,8630
24910,1255426456,1255435134,8678
24911,1255428753,1255438401,9648
24912,1255430629,1255439742,9113
24913,1255432681,1255443894,11213
24914,1255433770,1255446461,12691
24915,1255434429,1255449391,14962
24916,1255435134,1255452192,17058
24917,1255438401,1255453805,15404
24918,1255439742,1255454103,14361
24919,1255443894,1255454579,10685
24920,1255446461,1255454915,8454
24921,1255449391,1255456024,6633
24922,1255452192,1255459705,7513
24923,1255453805,1255459951,6146
24924,1255454103,1255462488,8385
24925,1255454579,1255463440,8861
24926,1255454915,1255463511,8596
24927,1255456024,1255464196,8172
24928,1255459705,1255464787,5082
24929,1255459951,1255466253,6302
24930,1255462488,1255468190,5702
24931,1255463440,1255470432,6992
24932,1255463511,1255470489,6978
24933,1255464196,1255472092,7896
24934,1255464787,1255474069,9282
24935,1255466253,1255475468,9215
24936,1255468190,1255477969,9779
24937,1255470432,1255480800,10368
24938,1255470489,1255480808,10319
24939,1255472092,1255481738,9646
24940,1255474069,1255483077,9008
24941,1255475468,1255483284,7816
24942,1255477969,1255484589,6620
24943,1255480800,1255485048,4248
24944,1255480808,1255485981,5173
24945,1255481738,1255486552,4814
24946,1255483077,1255487277,4200
24947,1255483284,1255490074,6790
24948,1255484589,1255492874,8285
24949,1255485048,1255493059,8011
24950,1255485981,1255496211,10230
24951,1255486552,1255499531,12979
24952,1255487277,1255501018,13741
24953,1255490074,1255503070,12996
24954,1255492874,1255504851,11977
24955,1255493059,1255506801,13742
24956,1255496211,1255513666,17455
24957,1255499531,1255514247,14716
24958,1255501018,1255515893,14875
24959,1255503070,1255517302,14232
24960,1255504851,1255519869,15018
24961,1255506801,1255520510,13709
24962,1255513666,1255520491,6825
24963,1255514247,1255521664,7417
24964,1255515893,1255521876,5983
24965,1255517302,1255527430,10128
24966,1255519869,1255528936,9067
24967,1255520491,1255530786,10295
24968,1255520510,1255531319,10809
24969,1255521664,1255531898,10234
24970,1255521876,1255532138,10262
24971,1255527430,1255534523,7093
24972,1255528936,1255535283,6347
24973,1255530786,1255535757,4971
24974,1255531319,1255537796,6477
24975,1255531898,1255542302,10404
24976,1255532138,1255542604,10466
24977,1255534523,1255542748,8225
24978,1255535283,1255545435,10152
24979,1255535757,1255545976,10219
24980,1255537796,1255547223,9427
24981,1255542302,1255549009,6707
24982,1255542604,1255549496,6892
24983,1255542748,1255549795,7047
24984,1255545435,1255550877,5442
24985,1255545976,1255553158,7182
24986,1255547223,1255553296,6073
24987,1255549009,1255554137,5128
24988,1255549496,1255555042,5546
24989,1255549795,1255556034,6239
24990,1255550877,1255556700,5823
24991,1255553158,1255557764,4606
24992,1255553296,1255558456,5160
24993,1255554137,1255558562,4425
24994,1255555042,1255558692,3650
24995,1255556034,1255559741,3707
24996,1255556700,1255560036,3336
24997,1255557764,1255560265,2501
24998,1255558456,1255561219,2763
24999,1255558562,1255562270,3708
25000,1255558692,1255562441,3749
25001,1255559741,1255562847,3106
25002,1255560036,1255563352,3316
25003,1255560265,1255564535,4270
25004,1255561219,1255564374,3155
25005,1255562270,1255564661,2391
25006,1255562441,1255565584,3143
25007,1255562847,1255567070,4223
25008,1255563352,1255567201,3849
25009,1255564374,1255569697,5323
25010,1255564535,1255570964,6429
25011,1255564661,1255571343,6682
25012,1255565584,1255571670,6086
25013,1255567070,1255574556,7486
25014,1255567201,1255576829,9628
25015,1255569697,1255577220,7523
25016,1255570964,1255578284,7320
25017,1255571343,1255582726,11383
25018,1255571670,1255583107,11437
25019,1255574556,1255583454,8898
25020,1255576829,1255584270,7441
25021,1255577220,1255584368,7148
25022,1255578284,1255584599,6315
25023,1255582726,1255585010,2284
25024,1255583107,1255587004,3897
25025,1255583454,1255587903,4449
25026,1255584270,1255588282,4012
25027,1255584368,1255588683,4315
25028,1255584599,1255588963,4364
25029,1255585010,1255590208,5198
25030,1255587004,1255591050,4046
25031,1255587903,1255592315,4412
25032,1255588282,1255593099,4817
25033,1255588683,1255599354,10671
25034,1255588963,1255600173,11210
25035,1255590208,1255601659,11451
25036,1255591050,1255603135,12085
25037,1255592315,1255604249,11934
25038,1255593099,1255606387,13288
25039,1255599354,1255607077,7723
25040,1255600173,1255607669,7496
25041,1255601659,1255609759,8100
25042,1255603135,1255612716,9581
25043,1255604249,1255613303,9054
25044,1255606387,1255614332,7945
25045,1255607077,1255614691,7614
25046,1255607669,1255614786,7117
25047,1255609759,1255616089,6330
25048,1255612716,1255617369,4653
25049,1255613303,1255617809,4506
25050,1255614332,1255618983,4651
25051,1255614691,1255619333,4642
25052,1255614786,1255620246,5460
25053,1255616089,1255622425,6336
25054,1255617369,1255623224,5855
25055,1255617809,1255623395,5586
25056,1255618983,1255623442,4459
25057,1255619333,1255626140,6807
25058,1255620246,1255626162,5916
25059,1255622425,1255626973,4548
25060,1255623224,1255626852,3628
25061,1255623395,1255627456,4061
25062,1255623442,1255629869,6427
25063,1255626140,1255634002,7862
25064,1255626162,1255634632,8470
25065,1255626852,1255634960,8108
25066,1255626973,1255636401,9428
25067,1255627456,1255636631,9175
25068,1255629869,1255637730,7861
25069,1255634002,1255640891,6889
25070,1255634632,1255641837,7205
25071,1255634960,1255644802,9842
25072,1255636401,1255647712,11311
25073,1255636631,1255647703,11072
25074,1255637730,1255648527,10797
25075,1255640891,1255649361,8470
25076,1255641837,1255650596,8759
25077,1255644802,1255651216,6414
25078,1255647703,1255652012,4309
25079,1255647712,1255652252,4540
25080,1255648527,1255652579,4052
25081,1255649361,1255654523,5162
25082,1255650596,1255656133,5537
25083,1255651216,1255656317,5101
25084,1255652012,1255659348,7336
25085,1255652252,1255659541,7289
25086,1255652579,1255661724,9145
25087,1255654523,1255664275,9752
25088,1255656133,1255665187,9054
25089,1255656317,1255665696,9379
25090,1255659348,1255666191,6843
25091,1255659541,1255667471,7930
25092,1255661724,1255667782,6058
25093,1255664275,1255667866,3591
25094,1255665187,1255668128,2941
25095,1255665696,1255671077,5381
25096,1255666191,1255671442,5251
25097,1255667471,1255673143,5672
25098,1255667782,1255674267,6485
25099,1255667866,1255674377,6511
25100,1255668128,1255675109,6981
25101,1255671077,1255675284,4207
25102,1255671442,1255680765,9323
25103,1255673143,1255681986,8843
25104,1255674267,1255682480,8213
25105,1255674377,1255682882,8505
25106,1255675109,1255683755,8646
25107,1255675284,1255684890,9606
25108,1255680765,1255686653,5888
25109,1255681986,1255689983,7997
25110,1255682480,1255690110,7630
25111,1255682882,1255693574,10692
25112,1255683755,1255694706,10951
25113,1255684890,1255694927,10037
25114,1255686653,1255695141,8488
25115,1255689983,1255695675,5692
25116,1255690110,1255695919,5809
25117,1255693574,1255702034,8460
25118,1255694706,1255702258,7552
25119,1255694927,1255702744,7817
25120,1255695141,1255704572,9431
25121,1255695675,1255707189,11514
25122,1255695919,1255712002,16083
25123,1255702034,1255712328,10294
25124,1255702258,1255712398,10140
25125,1255702744,1255712959,10215
25126,1255704572,1255714434,9862
25127,1255707189,1255716446,9257
25128,1255712002,1255718241,6239
25129,1255712328,1255718703,6375
25130,1255712398,1255725034,12636
25131,1255712959,1255725800,12841
25132,1255714434,1255733117,18683
25133,1255716446,1255733438,16992
25134,1255718241,1255734199,15958
25135,1255718703,1255734929,16226
25136,1255725034,1255735478,10444
25137,1255725800,1255738778,12978
25138,1255733117,1255739143,6026
25139,1255733438,1255739304,5866
25140,1255734199,1255739613,5414
25141,1255734929,1255740916,5987
25142,1255735478,1255743793,8315
25143,1255738778,1255745445,6667
25144,1255739143,1255746791,7648
25145,1255739304,1255747945,8641
25146,1255739613,1255753532,13919
25147,1255740916,1255759543,18627
25148,1255743793,1255760633,16840
25149,1255745445,1255760523,15078
25150,1255746791,1255761112,14321
25151,1255747945,1255761134,13189
25152,1255753532,1255766175,12643
25153,1255759543,1255766847,7304
25154,1255760523,1255767388,6865
25155,1255760633,1255768634,8001
25156,1255761112,1255770398,9286
25157,1255761134,1255770316,9182
25158,1255766175,1255771213,5038
25159,1255766847,1255772654,5807
25160,1255767388,1255773541,6153
25161,1255768634,1255774037,5403
25162,1255770316,1255774663,4347
25163,1255770398,1255778038,7640
25164,1255771213,1255779251,8038
25165,1255772654,1255779793,7139
25166,1255773541,1255780365,6824
25167,1255774037,1255782016,7979
25168,1255774663,1255782188,7525
25169,1255778038,1255783815,5777
25170,1255779251,1255785810,6559
25171,1255779793,1255786705,6912
25172,1255780365,1255787752,7387
25173,1255782016,1255789391,7375
25174,1255782188,1255790025,7837
25175,1255783815,1255792842,9027
25176,1255785810,1255797016,11206
25177,1255786705,1255797823,11118
25178,1255787752,1255797980,10228
25179,1255789391,1255798673,9282
25180,1255790025,1255800865,10840
25181,1255792842,1255802153,9311
25182,1255797016,1255802304,5288
25183,1255797823,1255805823,8000
25184,1255797980,1255811256,13276
25185,1255798673,1255812061,13388
25186,1255800865,1255814801,13936
25187,1255802153,1255817380,15227
25188,1255802304,1255819446,17142
25189,1255805823,1255821249,15426
25190,1255811256,1255822368,11112
25191,1255812061,1255822658,10597
25192,1255814801,1255822804,8003
25193,1255817380,1255823493,6113
25194,1255819446,1255824500,5054
25195,1255821249,1255825164,3915
25196,1255822368,1255827517,5149
25197,1255822658,1255827640,4982
25198,1255822804,1255828364,5560
25199,1255823493,1255828995,5502
25200,1255824500,1255832808,8308
25201,1255825164,1255833002,7838
25202,1255827517,1255834739,7222
25203,1255827640,1255837957,10317
25204,1255828364,1255838056,9692
25205,1255828995,1255838959,9964
25206,1255832808,1255842370,9562
25207,1255833002,1255842131,9129
25208,1255834739,1255843143,8404
25209,1255837957,1255844854,6897
25210,1255838056,1255845293,7237
25211,1255838959,1255846861,7902
25212,1255842131,1255847291,5160
25213,1255842370,1255847627,5257
25214,1255843143,1255848683,5540
25215,1255844854,1255850208,5354
25216,1255845293,1255851408,6115
25217,1255846861,1255851898,5037
25218,1255847291,1255853771,6480
25219,1255847627,1255856801,9174
25220,1255848683,1255859049,10366
25221,1255850208,1255861250,11042
25222,1255851408,1255861522,10114
25223,1255851898,1255862709,10811
25224,1255853771,1255866630,12859
25225,1255856801,1255869416,12615
25226,1255859049,1255872145,13096
25227,1255861250,1255874262,13012
25228,1255861522,1255874556,13034
25229,1255862709,1255875009,12300
25230,1255866630,1255875260,8630
25231,1255869416,1255875800,6384
25232,1255872145,1255876255,4110
25233,1255874262,1255876775,2513
25234,1255874556,1255877135,2579
25235,1255875009,1255877302,2293
25236,1255875260,1255878792,3532
25237,1255875800,1255878935,3135
25238,1255876255,1255879689,3434
25239,1255876775,1255881576,4801
25240,1255877135,1255881847,4712
25241,1255877302,1255883659,6357
25242,1255878792,1255883650,4858
25243,1255878935,1255885212,6277
25244,1255879689,1255885874,6185
25245,1255881576,1255887221,5645
25246,1255881847,1255888850,7003
25247,1255883650,1255891801,8151
25248,1255883659,1255892448,8789
25249,1255885212,1255897456,12244
25250,1255885874,1255897550,11676
25251,1255887221,1255898205,10984
25252,1255888850,1255898878,10028
25253,1255891801,1255899213,7412
25254,1255892448,1255900519,8071
25255,1255897456,1255900749,3293
25256,1255897550,1255901063,3513
25257,1255898205,1255901303,3098
25258,1255898878,1255901617,2739
25259,1255899213,1255905937,6724
25260,1255900519,1255906005,5486
25261,1255900749,1255907512,6763
25262,1255901063,1255907643,6580
25263,1255901303,1255907784,6481
25264,1255901617,1255908286,6669
25265,1255905937,1255908683,2746
25266,1255906005,1255908855,2850
25267,1255907512,1255909332,1820
25268,1255907643,1255910426,2783
25269,1255907784,1255910992,3208
25270,1255908286,1255911120,2834
25271,1255908683,1255911776,3093
25272,1255908855,1255912258,3403
25273,1255909332,1255912814,3482
25274,1255910426,1255913928,3502
25275,1255910992,1255914911,3919
25276,1255911120,1255916484,5364
25277,1255911776,1255917034,5258
25278,1255912258,1255918327,6069
25279,1255912814,1255919252,6438
25280,1255913928,1255919423,5495
25281,1255914911,1255919453,4542
25282,1255916484,1255921912,5428
25283,1255917034,1255924757,7723
25284,1255918327,1255927151,8824
25285,1255919252,1255927423,8171
25286,1255919423,1255927961,8538
25287,1255919453,1255929018,9565
25288,1255921912,1255929550,7638
25289,1255924757,1255930169,5412
25290,1255927151,1255930810,3659
25291,1255927423,1255930905,3482
25292,1255927961,1255931316,3355
25293,1255929018,1255931428,2410
25294,1255929550,1255932664,3114
25295,1255930169,1255933056,2887
25296,1255930810,1255934168,3358
25297,1255930905,1255934449,3544
25298,1255931316,1255934541,3225
25299,1255931428,1255934682,3254
25300,1255932664,1255936168,3504
25301,1255933056,1255936240,3184
25302,1255934168,1255936280,2112
25303,1255934449,1255938325,3876
25304,1255934541,1255938926,4385
25305,1255934682,1255939510,4828
25306,1255936168,1255939709,3541
25307,1255936240,1255940645,4405
25308,1255936280,1255941914,5634
25309,1255938325,1255942253,3928
25310,1255938926,1255943025,4099
25311,1255939510,1255943141,3631
25312,1255939709,1255943425,3716
25313,1255940645,1255944592,3947
25314,1255941914,1255944696,2782
25315,1255942253,1255945465,3212
25316,1255943025,1255946512,3487
25317,1255943141,1255946866,3725
25318,1255943425,1255947118,3693
25319,1255944592,1255947162,2570
25320,1255944696,1255947402,2706
25321,1255945465,1255948296,2831
25322,1255946512,1255948493,1981
25323,1255946866,1255949209,2343
25324,1255947118,1255951457,4339
25325,1255947162,1255954173,7011
25326,1255947402,1255956440,9038
25327,1255948296,1255956954,8658
25328,1255948493,1255957096,8603
25329,1255949209,1255957119,7910
25330,1255951457,1255958384,6927
25331,1255954173,1255959126,4953
25332,1255956440,1255959201,2761
25333,1255956954,1255960839,3885
25334,1255957096,1255962431,5335
25335,1255957119,1255963194,6075
25336,1255958384,1255963300,4916
25337,1255959126,1255964601,5475
25338,1255959201,1255964659,5458
25339,1255960839,1255965445,4606
25340,1255962431,1255968062,5631
25341,1255963194,1255968557,5363
25342,1255963300,1255973299,9999
25343,1255964601,1255974499,9898
25344,1255964659,1255974922,10263
25345,1255965445,1255975748,10303
25346,1255968062,1255977563,9501
25347,1255968557,1255978719,10162
25348,1255973299,1255979078,5779
25349,1255974499,1255979639,5140
25350,1255974922,1255980041,5119
25351,1255975748,1255980734,4986
25352,1255977563,1255982210,4647
25353,1255978719,1255983070,4351
25354,1255979078,1255984283,5205
25355,1255979639,1255984986,5347
25356,1255980041,1255986087,6046
25357,1255980734,1255986782,6048
25358,1255982210,1255987080,4870
25359,1255983070,1255987183,4113
25360,1255984283,1255987506,3223
25361,1255984986,1255987851,2865
25362,1255986087,1255987885,1798
25363,1255986782,1255988378,1596
25364,1255987080,1255988435,1355
25365,1255987183,1255989699,2516
25366,1255987506,1255990206,2700
25367,1255987851,1255990470,2619
25368,1255987885,1255991187,3302
25369,1255988378,1255991924,3546
25370,1255988435,1255992171,3736
25371,1255989699,1255992908,3209
25372,1255990206,1255993047,2841
25373,1255990470,1255993463,2993
25374,1255991187,1255993652,2465
25375,1255991924,1255994218,2294
25376,1255992171,1255994886,2715
25377,1255992908,1255995186,2278
25378,1255993047,1255995884,2837
25379,1255993463,1255996052,2589
25380,1255993652,1255996996,3344
25381,1255994218,1255997342,3124
25382,1255994886,1255998237,3351
25383,1255995186,1255998740,3554
25384,1255995884,1255999856,3972
25385,1255996052,1255999951,3899
25386,1255996996,1256000483,3487
25387,1255997342,1256000950,3608
25388,1255998237,1256001889,3652
25389,1255998740,1256002703,3963
25390,1255999856,1256002690,2834
25391,1255999951,1256002774,2823
25392,1256000483,1256002905,2422
25393,1256000950,1256005504,4554
25394,1256001889,1256007179,5290
25395,1256002690,1256007416,4726
25396,1256002703,1256007514,4811
25397,1256002774,1256007727,4953
25398,1256002905,1256007794,4889
25399,1256005504,1256008039,2535
25400,1256007179,1256009966,2787
25401,1256007416,1256011788,4372
25402,1256007514,1256012217,4703
25403,1256007727,1256013351,5624
25404,1256007794,1256014356,6562
25405,1256008039,1256014581,6542
25406,1256009966,1256014813,4847
25407,1256011788,1256015486,3698
25408,1256012217,1256015629,3412
25409,1256013351,1256015693,2342
25410,1256014356,1256016552,2196
25411,1256014581,1256018399,3818
25412,1256014813,1256019450,4637
25413,1256015486,1256020389,4903
25414,1256015629,1256020759,5130
25415,1256015693,1256021331,5638
25416,1256016552,1256022356,5804
25417,1256018399,1256023046,4647
25418,1256019450,1256023055,3605
25419,1256020389,1256023522,3133
25420,1256020759,1256024368,3609
25421,1256021331,1256025086,3755
25422,1256022356,1256025421,3065
25423,1256023046,1256025772,2726
25424,1256023055,1256026368,3313
25425,1256023522,1256027194,3672
25426,1256024368,1256030214,5846
25427,1256025086,1256031201,6115
25428,1256025421,1256031368,5947
25429,1256025772,1256032877,7105
25430,1256026368,1256033470,7102
25431,1256027194,1256033891,6697
25432,1256030214,1256035393,5179
25433,1256031201,1256037417,6216
25434,1256031368,1256037529,6161
25435,1256032877,1256038659,5782
25436,1256033470,1256038704,5234
25437,1256033891,1256040994,7103
25438,1256035393,1256041715,6322
25439,1256037417,1256044491,7074
25440,1256037529,1256045262,7733
25441,1256038659,1256045696,7037
25442,1256038704,1256048414,9710
25443,1256040994,1256050113,9119
25444,1256041715,1256050751,9036
25445,1256044491,1256050888,6397
25446,1256045262,1256051085,5823
25447,1256045696,1256051270,5574
25448,1256048414,1256053082,4668
25449,1256050113,1256054098,3985
25450,1256050751,1256054679,3928
25451,1256050888,1256055249,4361
25452,1256051085,1256055268,4183
25453,1256051270,1256057514,6244
25454,1256053082,1256058436,5354
25455,1256054098,1256058970,4872
25456,1256054679,1256061496,6817
25457,1256055249,1256065676,10427
25458,1256055268,1256066036,10768
25459,1256057514,1256067403,9889
25460,1256058436,1256067760,9324
25461,1256058970,1256068042,9072
25462,1256061496,1256068494,6998
25463,1256065676,1256068826,3150
25464,1256066036,1256072837,6801
25465,1256067403,1256072881,5478
25466,1256067760,1256074224,6464
25467,1256068042,1256075987,7945
25468,1256068494,1256077846,9352
25469,1256068826,1256079469,10643
25470,1256072837,1256080963,8126
25471,1256072881,1256081274,8393
25472,1256074224,1256081613,7389
25473,1256075987,1256082194,6207
25474,1256077846,1256082833,4987
25475,1256079469,1256083756,4287
25476,1256080963,1256084627,3664
25477,1256081274,1256085369,4095
25478,1256081613,1256086538,4925
25479,1256082194,1256088054,5860
25480,1256082833,1256089243,6410
25481,1256083756,1256089931,6175
25482,1256084627,1256090969,6342
25483,1256085369,1256092920,7551
25484,1256086538,1256094413,7875
25485,1256088054,1256094371,6317
25486,1256089243,1256094729,5486
25487,1256089931,1256095499,5568
25488,1256090969,1256097300,6331
25489,1256092920,1256097673,4753
25490,1256094371,1256099013,4642
25491,1256094413,1256101701,7288
25492,1256094729,1256103089,8360
25493,1256095499,1256103306,7807
25494,1256097300,1256103504,6204
25495,1256097673,1256103587,5914
25496,1256099013,1256106168,7155
25497,1256101701,1256107095,5394
25498,1256103089,1256107840,4751
25499,1256103306,1256108681,5375
25500,1256103504,1256110683,7179
25501,1256103587,1256110789,7202
25502,1256106168,1256111052,4884
25503,1256107095,1256112215,5120
25504,1256107840,1256112392,4552
25505,1256108681,1256113199,4518
25506,1256110683,1256114703,4020
25507,1256110789,1256115412,4623
25508,1256111052,1256116105,5053
25509,1256112215,1256117487,5272
25510,1256112392,1256117662,5270
25511,1256113199,1256117697,4498
25512,1256114703,1256117964,3261
25513,1256115412,1256118642,3230
25514,1256116105,1256120033,3928
25515,1256117487,1256122626,5139
25516,1256117662,1256123140,5478
25517,1256117697,1256123079,5382
25518,1256117964,1256123354,5390
25519,1256118642,1256123884,5242
25520,1256120033,1256123947,3914
25521,1256122626,1256124057,1431
25522,1256123079,1256128166,5087
25523,1256123140,1256129235,6095
25524,1256123354,1256129312,5958
25525,1256123884,1256130664,6780
25526,1256123947,1256131788,7841
25527,1256124057,1256133318,9261
25528,1256128166,1256134754,6588
25529,1256129235,1256136518,7283
25530,1256129312,1256139219,9907
25531,1256130664,1256139714,9050
25532,1256131788,1256139883,8095
25533,1256133318,1256140370,7052
25534,1256134754,1256141855,7101
25535,1256136518,1256144468,7950
25536,1256139219,1256145274,6055
25537,1256139714,1256146192,6478
25538,1256139883,1256146401,6518
25539,1256140370,1256148299,7929
25540,1256141855,1256149214,7359
25541,1256144468,1256150186,5718
25542,1256145274,1256150068,4794
25543,1256146192,1256154316,8124
25544,1256146401,1256156308,9907
25545,1256148299,1256159997,11698
25546,1256149214,1256161175,11961
25547,1256150068,1256162729,12661
25548,1256150186,1256162396,12210
25549,1256154316,1256162706,8390
25550,1256156308,1256163619,7311
25551,1256159997,1256163946,3949
25552,1256161175,1256165243,4068
25553,1256162396,1256167908,5512
25554,1256162706,1256168073,5367
25555,1256162729,1256170056,7327
25556,1256163619,1256169804,6185
25557,1256163946,1256170691,6745
25558,1256165243,1256170990,5747
25559,1256167908,1256172535,4627
25560,1256168073,1256172571,4498
25561,1256169804,1256172823,3019
25562,1256170056,1256174067,4011
25563,1256170691,1256175056,4365
25564,1256170990,1256175556,4566
25565,1256172535,1256177210,4675
25566,1256172571,1256177546,4975
25567,1256172823,1256177917,5094
25568,1256174067,1256178431,4364
25569,1256175056,1256180252,5196
25570,1256175556,1256181117,5561
25571,1256177210,1256181851,4641
25572,1256177546,1256181885,4339
25573,1256177917,1256187460,9543
25574,1256178431,1256188378,9947
25575,1256180252,1256188661,8409
25576,1256181117,1256189050,7933
25577,1256181851,1256189769,7918
25578,1256181885,1256189814,7929
25579,1256187460,1256190920,3460
25580,1256188378,1256192309,3931
25581,1256188661,1256192822,4161
25582,1256189050,1256195172,6122
25583,1256189769,1256195818,6049
25584,1256189814,1256196455,6641
25585,1256190920,1256197360,6440
25586,1256192309,1256201331,9022
25587,1256192822,1256202534,9712
25588,1256195172,1256202251,7079
25589,1256195818,1256203140,7322
25590,1256196455,1256204185,7730
25591,1256197360,1256204726,7366
25592,1256201331,1256205364,4033
25593,1256202251,1256208784,6533
25594,1256202534,1256208994,6460
25595,1256203140,1256209079,5939
25596,1256204185,1256209112,4927
25597,1256204726,1256209819,5093
25598,1256205364,1256210469,5105
25599,1256208784,1256210972,2188
25600,1256208994,1256213343,4349
25601,1256209079,1256214833,5754
25602,1256209112,1256217119,8007
25603,1256209819,1256217631,7812
25604,1256210469,1256217935,7466
25605,1256210972,1256218437,7465
25606,1256213343,1256219330,5987
25607,1256214833,1256220040,5207
25608,1256217119,1256220299,3180
25609,1256217631,1256220421,2790
25610,1256217935,1256221198,3263
25611,1256218437,1256221883,3446
25612,1256219330,1256222968,3638
25613,1256220040,1256222987,2947
25614,1256220299,1256223340,3041
25615,1256220421,1256223454,3033
25616,1256221198,1256224868,3670
25617,1256221883,1256225286,3403
25618,1256222968,1256226054,3086
25619,1256222987,1256227436,4449
25620,1256223340,1256230168,6828
25621,1256223454,1256232437,8983
25622,1256224868,1256233037,8169
25623,1256225286,1256233142,7856
25624,1256226054,1256233801,7747
25625,1256227436,1256234208,6772
25626,1256230168,1256235821,5653
25627,1256232437,1256236587,4150
25628,1256233037,1256238334,5297
25629,1256233142,1256240055,6913
25630,1256233801,1256240551,6750
25631,1256234208,1256240896,6688
25632,1256235821,1256243604,7783
25633,1256236587,1256244173,7586
25634,1256238334,1256245706,7372
25635,1256240055,1256248372,8317
25636,1256240551,1256249504,8953
25637,1256240896,1256249532,8636
25638,1256243604,1256250926,7322
25639,1256244173,1256250759,6586
25640,1256245706,1256251117,5411
25641,1256248372,1256252514,4142
25642,1256249504,1256254235,4731
25643,1256249532,1256254337,4805
25644,1256250759,1256255789,5030
25645,1256250926,1256258341,7415
25646,1256251117,1256259878,8761
25647,1256252514,1256260501,7987
25648,1256254235,1256262020,7785
25649,1256254337,1256262637,8300
25650,1256255789,1256262837,7048
25651,1256258341,1256264769,6428
25652,1256259878,1256265377,5499
25653,1256260501,1256266573,6072
25654,1256262020,1256266766,4746
25655,1256262637,1256267134,4497
25656,1256262837,1256267997,5160
25657,1256264769,1256268504,3735
25658,1256265377,1256269428,4051
25659,1256266573,1256269677,3104
25660,1256266766,1256270704,3938
25661,1256267134,1256270454,3320
25662,1256267997,1256271671,3674
25663,1256268504,1256271751,3247
25664,1256269428,1256272147,2719
25665,1256269677,1256273118,3441
25666,1256270454,1256273371,2917
25667,1256270704,1256275167,4463
25668,1256271671,1256275673,4002
25669,1256271751,1256277449,5698
25670,1256272147,1256279492,7345
25671,1256273118,1256280442,7324
25672,1256273371,1256280931,7560
25673,1256275167,1256281094,5927
25674,1256275673,1256282473,6800
25675,1256277449,1256283920,6471
25676,1256279492,1256284685,5193
25677,1256280442,1256285226,4784
25678,1256280931,1256285653,4722
25679,1256281094,1256285904,4810
25680,1256282473,1256286023,3550
25681,1256283920,1256290741,6821
25682,1256284685,1256291523,6838
25683,1256285226,1256292747,7521
25684,1256285653,1256292794,7141
25685,1256285904,1256293646,7742
25686,1256286023,1256295958,9935
25687,1256290741,1256297498,6757
25688,1256291523,1256299342,7819
25689,1256292747,1256300348,7601
25690,1256292794,1256300453,7659
25691,1256293646,1256301603,7957
25692,1256295958,1256303291,7333
25693,1256297498,1256303963,6465
25694,1256299342,1256305044,5702
25695,1256300348,1256308554,8206
25696,1256300453,1256309051,8598
25697,1256301603,1256309886,8283
25698,1256303291,1256309985,6694
25699,1256303963,1256312678,8715
25700,1256305044,1256312604,7560
25701,1256308554,1256312995,4441
25702,1256309051,1256313422,4371
25703,1256309886,1256314330,4444
25704,1256309985,1256314470,4485
25705,1256312604,1256316499,3895
25706,1256312678,1256316523,3845
25707,1256312995,1256317190,4195
25708,1256313422,1256317343,3921
25709,1256314330,1256317630,3300
25710,1256314470,1256317691,3221
25711,1256316499,1256318224,1725
25712,1256316523,1256318400,1877
25713,1256317190,1256322069,4879
25714,1256317343,1256322648,5305
25715,1256317630,1256322914,5284
25716,1256317691,1256323562,5871
25717,1256318224,1256323515,5291
25718,1256318400,1256323955,5555
25719,1256322069,1256325115,3046
25720,1256322648,1256326238,3590
25721,1256322914,1256326465,3551
25722,1256323515,1256327300,3785
25723,1256323562,1256327440,3878
25724,1256323955,1256327743,3788
25725,1256325115,1256328816,3701
25726,1256326238,1256330102,3864
25727,1256326465,1256331452,4987
25728,1256327300,1256332089,4789
25729,1256327440,1256333672,6232
25730,1256327743,1256333821,6078
25731,1256328816,1256335193,6377
25732,1256330102,1256336872,6770
25733,1256331452,1256341685,10233
25734,1256332089,1256342563,10474
25735,1256333672,1256342645,8973
25736,1256333821,1256342816,8995
25737,1256335193,1256344014,8821
25738,1256336872,1256344814,7942
25739,1256341685,1256345954,4269
25740,1256342563,1256355439,12876
25741,1256342645,1256359093,16448
25742,1256342816,1256359819,17003
25743,1256344014,1256360221,16207
25744,1256344814,1256360300,15486
25745,1256345954,1256361242,15288
25746,1256355439,1256362665,7226
25747,1256359093,1256363414,4321
25748,1256359819,1256363563,3744
25749,1256360221,1256363855,3634
25750,1256360300,1256366436,6136
25751,1256361242,1256367611,6369
25752,1256362665,1256368080,5415
25753,1256363414,1256368764,5350
25754,1256363563,1256368807,5244
25755,1256363855,1256368857,5002
25756,1256366436,1256370889,4453
25757,1256367611,1256371125,3514
25758,1256368080,1256373033,4953
25759,1256368764,1256374013,5249
25760,1256368807,1256376645,7838
25761,1256368857,1256377161,8304
25762,1256370889,1256379130,8241
25763,1256371125,1256379474,8349
25764,1256373033,1256381047,8014
25765,1256374013,1256382113,8100
25766,1256376645,1256382473,5828
25767,1256377161,1256383173,6012
25768,1256379130,1256385483,6353
25769,1256379474,1256386357,6883
25770,1256381047,1256386716,5669
25771,1256382113,1256386676,4563
25772,1256382473,1256388778,6305
25773,1256383173,1256388848,5675
25774,1256385483,1256390725,5242
25775,1256386357,1256390954,4597
25776,1256386676,1256392808,6132
25777,1256386716,1256392914,6198
25778,1256388778,1256393813,5035
25779,1256388848,1256396748,7900
25780,1256390725,1256397935,7210
25781,1256390954,1256398268,7314
25782,1256392808,1256399728,6920
25783,1256392914,1256400054,7140
25784,1256393813,1256400794,6981
25785,1256396748,1256400907,4159
25786,1256397935,1256401488,3553
25787,1256398268,1256404169,5901
25788,1256399728,1256415813,16085
25789,1256400054,1256417324,17270
25790,1256400794,1256418503,17709
25791,1256400907,1256423818,22911
25792,1256401488,1256424276,22788
25793,1256404169,1256424869,20700
25794,1256415813,1256425314,9501
25795,1256417324,1256425942,8618
25796,1256418503,1256430762,12259
25797,1256423818,1256431089,7271
25798,1256424276,1256432496,8220
25799,1256424869,1256433477,8608
25800,1256425314,1256433998,8684
25801,1256425942,1256434559,8617
25802,1256430762,1256434601,3839
25803,1256431089,1256434826,3737
25804,1256432496,1256435880,3384
25805,1256433477,1256438228,4751
25806,1256433998,1256439137,5139
25807,1256434559,1256439472,4913
25808,1256434601,1256439633,5032
25809,1256434826,1256442498,7672
25810,1256435880,1256442539,6659
25811,1256438228,1256442564,4336
25812,1256439137,1256443653,4516
25813,1256439472,1256444101,4629
25814,1256439633,1256445353,5720
25815,1256442498,1256445714,3216
25816,1256442539,1256446369,3830
25817,1256442564,1256447859,5295
25818,1256443653,1256447949,4296
25819,1256444101,1256448580,4479
25820,1256445353,1256450327,4974
25821,1256445714,1256450912,5198
25822,1256446369,1256451625,5256
25823,1256447859,1256452549,4690
25824,1256447949,1256454467,6518
25825,1256448580,1256456741,8161
25826,1256450327,1256458291,7964
25827,1256450912,1256458962,8050
25828,1256451625,1256459246,7621
25829,1256452549,1256459282,6733
25830,1256454467,1256460003,5536
25831,1256456741,1256461896,5155
25832,1256458291,1256462165,3874
25833,1256458962,1256464940,5978
25834,1256459246,1256467849,8603
25835,1256459282,1256469884,10602
25836,1256460003,1256470302,10299
25837,1256461896,1256470464,8568
25838,1256462165,1256472570,10405
25839,1256464940,1256473656,8716
25840,1256467849,1256473834,5985
25841,1256469884,1256474063,4179
25842,1256470302,1256475297,4995
25843,1256470464,1256475554,5090
25844,1256472570,1256476251,3681
25845,1256473656,1256478549,4893
25846,1256473834,1256479446,5612
25847,1256474063,1256479933,5870
25848,1256475297,1256480113,4816
25849,1256475554,1256480545,4991
25850,1256476251,1256485314,9063
25851,1256478549,1256485340,6791
25852,1256479446,1256485657,6211
25853,1256479933,1256486903,6970
25854,1256480113,1256487165,7052
25855,1256480545,1256487774,7229
25856,1256485314,1256488635,3321
25857,1256485340,1256489907,4567
25858,1256485657,1256490085,4428
25859,1256486903,1256490852,3949
25860,1256487165,1256493067,5902
25861,1256487774,1256495420,7646
25862,1256488635,1256496908,8273
25863,1256489907,1256498061,8154
25864,1256490085,1256502651,12566
25865,1256490852,1256503641,12789
25866,1256493067,1256506690,13623
25867,1256495420,1256506722,11302
25868,1256496908,1256507714,10806
25869,1256498061,1256509305,11244
25870,1256502651,1256509856,7205
25871,1256503641,1256513944,10303
25872,1256506690,1256516235,9545
25873,1256506722,1256516530,9808
25874,1256507714,1256516666,8952
25875,1256509305,1256516760,7455
25876,1256509856,1256518482,8626
25877,1256513944,1256519613,5669
25878,1256516235,1256519651,3416
25879,1256516530,1256520661,4131
25880,1256516666,1256520818,4152
25881,1256516760,1256520982,4222
25882,1256518482,1256521557,3075
25883,1256519613,1256523011,3398
25884,1256519651,1256524409,4758
25885,1256520661,1256525087,4426
25886,1256520818,1256526535,5717
25887,1256520982,1256527143,6161
25888,1256521557,1256531286,9729
25889,1256523011,1256538501,15490
25890,1256524409,1256539338,14929
25891,1256525087,1256539395,14308
25892,1256526535,1256539533,12998
25893,1256527143,1256541303,14160
25894,1256531286,1256541613,10327
25895,1256538501,1256543680,5179
25896,1256539338,1256544972,5634
25897,1256539395,1256545079,5684
25898,1256539533,1256546182,6649
25899,1256541303,1256547107,5804
25900,1256541613,1256547526,5913
25901,1256543680,1256548033,4353
25902,1256544972,1256549011,4039
25903,1256545079,1256549932,4853
25904,1256546182,1256550667,4485
25905,1256547107,1256550761,3654
25906,1256547526,1256551454,3928
25907,1256548033,1256554029,5996
25908,1256549011,1256555081,6070
25909,1256549932,1256557826,7894
25910,1256550667,1256558588,7921
25911,1256550761,1256561271,10510
25912,1256551454,1256561966,10512
25913,1256554029,1256563270,9241
25914,1256555081,1256563937,8856
25915,1256557826,1256564319,6493
25916,1256558588,1256568104,9516
25917,1256561271,1256568328,7057
25918,1256561966,1256569566,7600
25919,1256563270,1256570721,7451
25920,1256563937,1256573394,9457
25921,1256564319,1256573935,9616
25922,1256568104,1256575422,7318
25923,1256568328,1256577200,8872
25924,1256569566,1256578898,9332
25925,1256570721,1256579130,8409
25926,1256573394,1256581527,8133
25927,1256573935,1256582013,8078
25928,1256575422,1256582638,7216
25929,1256577200,1256585097,7897
25930,1256578898,1256586201,7303
25931,1256579130,1256586236,7106
25932,1256581527,1256587044,5517
25933,1256582013,1256587200,5187
25934,1256582638,1256588681,6043
25935,1256585097,1256589662,4565
25936,1256586201,1256590702,4501
25937,1256586236,1256591921,5685
25938,1256587044,1256592414,5370
25939,1256587200,1256597167,9967
25940,1256588681,1256598405,9724
25941,1256589662,1256599366,9704
25942,1256590702,1256600803,10101
25943,1256591921,1256603645,11724
25944,1256592414,1256603973,11559
25945,1256597167,1256605420,8253
25946,1256598405,1256609887,11482
25947,1256599366,1256611851,12485
25948,1256600803,1256613063,12260
25949,1256603645,1256616450,12805
25950,1256603973,1256617153,13180
25951,1256605420,1256618938,13518
25952,1256609887,1256621690,11803
25953,1256611851,1256625446,13595
25954,1256613063,1256627091,14028
25955,1256616450,1256627618,11168
25956,1256617153,1256628136,10983
25957,1256618938,1256629854,10916
25958,1256621690,1256629931,8241
25959,1256625446,1256630596,5150
25960,1256627091,1256633072,5981
25961,1256627618,1256634134,6516
25962,1256628136,1256636881,8745
25963,1256629854,1256636893,7039
25964,1256629931,1256637324,7393
25965,1256630596,1256639791,9195
25966,1256633072,1256641135,8063
25967,1256634134,1256641152,7018
25968,1256636881,1256641488,4607
25969,1256636893,1256643870,6977
25970,1256637324,1256644203,6879
25971,1256639791,1256644756,4965
25972,1256641135,1256646448,5313
25973,1256641152,1256647357,6205
25974,1256641488,1256647699,6211
25975,1256643870,1256648462,4592
25976,1256644203,1256648824,4621
25977,1256644756,1256650040,5284
25978,1256646448,1256650216,3768
25979,1256647357,1256653644,6287
25980,1256647699,1256653970,6271
25981,1256648462,1256654621,6159
25982,1256648824,1256655717,6893
25983,1256650040,1256656018,5978
25984,1256650216,1256656093,5877
25985,1256653644,1256656494,2850
25986,1256653970,1256656615,2645
25987,1256654621,1256656725,2104
25988,1256655717,1256659583,3866
25989,1256656018,1256660612,4594
25990,1256656093,1256662946,6853
25991,1256656494,1256665145,8651
25992,1256656615,1256667494,10879
25993,1256656725,1256667842,11117
25994,1256659583,1256668208,8625
25995,1256660612,1256672363,11751
25996,1256662946,1256672925,9979
25997,1256665145,1256675754,10609
25998,1256667494,1256680003,12509
25999,1256667842,1256680919,13077
26000,1256668208,1256681097,12889
26001,1256672363,1256681665,9302
26002,1256672925,1256682133,9208
26003,1256675754,1256682416,6662
26004,1256680003,1256684059,4056
26005,1256680919,1256684692,3773
26006,1256681097,1256686752,5655
26007,1256681665,1256689036,7371
26008,1256682133,1256690732,8599
26009,1256682416,1256690738,8322
26010,1256684059,1256693868,9809
26011,1256684692,1256694453,9761
26012,1256686752,1256696166,9414
26013,1256689036,1256697252,8216
26014,1256690732,1256698427,7695
26015,1256690738,1256700948,10210
26016,1256693868,1256701771,7903
26017,1256694453,1256702762,8309
26018,1256696166,1256703357,7191
26019,1256697252,1256706542,9290
26020,1256698427,1256707129,8702
26021,1256700948,1256707143,6195
26022,1256701771,1256709150,7379
26023,1256702762,1256711149,8387
26024,1256703357,1256711613,8256
26025,1256706542,1256716504,9962
26026,1256707129,1256716682,9553
26027,1256707143,1256717793,10650
26028,1256709150,1256717935,8785
26029,1256711149,1256718683,7534
26030,1256711613,1256720326,8713
26031,1256716504,1256721696,5192
26032,1256716682,1256722618,5936
26033,1256717793,1256726291,8498
26034,1256717935,1256726379,8444
26035,1256718683,1256726670,7987
26036,1256720326,1256727756,7430
26037,1256721696,1256729898,8202
26038,1256722618,1256730290,7672
26039,1256726291,1256731073,4782
26040,1256726379,1256731581,5202
26041,1256726670,1256734690,8020
26042,1256727756,1256736592,8836
26043,1256729898,1256737437,7539
26044,1256730290,1256739550,9260
26045,1256731073,1256740879,9806
26046,1256731581,1256741084,9503
26047,1256734690,1256741335,6645
26048,1256736592,1256744071,7479
26049,1256737437,1256745584,8147
26050,1256739550,1256747231,7681
26051,1256740879,1256748535,7656
26052,1256741084,1256750713,9629
26053,1256741335,1256751208,9873
26054,1256744071,1256751645,7574
26055,1256745584,1256752255,6671
26056,1256747231,1256754348,7117
26057,1256748535,1256754371,5836
26058,1256750713,1256755706,4993
26059,1256751208,1256757049,5841
26060,1256751645,1256757503,5858
26061,1256752255,1256758092,5837
26062,1256754348,1256759478,5130
26063,1256754371,1256759745,5374
26064,1256755706,1256760320,4614
26065,1256757049,1256760396,3347
26066,1256757503,1256761071,3568
26067,1256758092,1256763229,5137
26068,1256759478,1256764593,5115
26069,1256759745,1256765289,5544
26070,1256760320,1256765689,5369
26071,1256760396,1256766200,5804
26072,1256761071,1256769492,8421
26073,1256763229,1256774508,11279
26074,1256764593,1256775845,11252
26075,1256765289,1256776091,10802
26076,1256765689,1256778212,12523
26077,1256766200,1256778847,12647
26078,1256769492,1256782176,12684
26079,1256774508,1256784092,9584
26080,1256775845,1256787842,11997
26081,1256776091,1256789847,13756
26082,1256778212,1256790584,12372
26083,1256778847,1256791877,13030
26084,1256782176,1256794474,12298
26085,1256784092,1256795131,11039
26086,1256787842,1256796971,9129
26087,1256789847,1256800817,10970
26088,1256790584,1256805109,14525
26089,1256791877,1256808717,16840
26090,1256794474,1256810871,16397
26091,1256795131,1256813212,18081
26092,1256796971,1256816393,19422
26093,1256800817,1256817298,16481
26094,1256805109,1256817620,12511
26095,1256808717,1256821213,12496
26096,1256810871,1256821380,10509
26097,1256813212,1256824116,10904
26098,1256816393,1256825010,8617
26099,1256817298,1256826567,9269
26100,1256817620,1256826832,9212
26101,1256821213,1256828659,7446
26102,1256821380,1256828836,7456
26103,1256824116,1256830500,6384
26104,1256825010,1256836947,11937
26105,1256826567,1256839986,13419
26106,1256826832,1256841869,15037
26107,1256828659,1256845513,16854
26108,1256828836,1256845696,16860
26109,1256830500,1256847215,16715
26110,1256836947,1256847709,10762
26111,1256839986,1256851221,11235
26112,1256841869,1256854755,12886
26113,1256845513,1256855348,9835
26114,1256845696,1256856981,11285
26115,1256847215,1256859366,12151
26116,1256847709,1256859386,11677
26117,1256851221,1256859777,8556
26118,1256854755,1256860674,5919
26119,1256855348,1256861169,5821
26120,1256856981,1256861779,4798
26121,1256859366,1256862969,3603
26122,1256859386,1256863616,4230
26123,1256859777,1256863701,3924
26124,1256860674,1256864832,4158
26125,1256861169,1256865139,3970
26126,1256861779,1256871214,9435
26127,1256862969,1256872349,9380
26128,1256863616,1256873173,9557
26129,1256863701,1256873624,9923
26130,1256864832,1256875034,10202
26131,1256865139,1256875417,10278
26132,1256871214,1256875462,4248
26133,1256872349,1256875816,3467
26134,1256873173,1256876135,2962
26135,1256873624,1256876187,2563
26136,1256875034,1256878122,3088
26137,1256875417,1256882223,6806
26138,1256875462,1256883546,8084
26139,1256875816,1256884046,8230
26140,1256876135,1256885039,8904
26141,1256876187,1256885495,9308
26142,1256878122,1256885968,7846
26143,1256882223,1256886998,4775
26144,1256883546,1256890516,6970
26145,1256884046,1256891352,7306
26146,1256885039,1256892939,7900
26147,1256885495,1256893312,7817
26148,1256885968,1256896915,10947
26149,1256886998,1256897043,10045
26150,1256890516,1256898636,8120
26151,1256891352,1256898694,7342
26152,1256892939,1256899344,6405
26153,1256893312,1256901092,7780
26154,1256896915,1256901205,4290
26155,1256897043,1256902299,5256
26156,1256898636,1256904233,5597
26157,1256898694,1256905952,7258
26158,1256899344,1256910540,11196
26159,1256901092,1256910628,9536
26160,1256901205,1256912190,10985
26161,1256902299,1256915307,13008
26162,1256904233,1256918423,14190
26163,1256905952,1256919231,13279
26164,1256910540,1256920510,9970
26165,1256910628,1256924605,13977
26166,1256912190,1256925538,13348
26167,1256915307,1256926573,11266
26168,1256918423,1256930932,12509
26169,1256919231,1256931015,11784
26170,1256920510,1256931071,10561
26171,1256924605,1256933859,9254
26172,1256925538,1256936389,10851
26173,1256926573,1256936900,10327
26174,1256930932,1256939660,8728
26175,1256931015,1256939670,8655
26176,1256931071,1256941399,10328
26177,1256933859,1256943147,9288
26178,1256936389,1256945187,8798
26179,1256936900,1256947919,11019
26180,1256939660,1256949848,10188
26181,1256939670,1256949985,10315
26182,1256941399,1256950289,8890
26183,1256943147,1256953600,10453
26184,1256945187,1256953865,8678
26185,1256947919,1256954063,6144
26186,1256949848,1256954212,4364
26187,1256949985,1256954949,4964
26188,1256950289,1256955434,5145
26189,1256953600,1256955972,2372
26190,1256953865,1256962669,8804
26191,1256954063,1256964181,10118
26192,1256954212,1256964293,10081
26193,1256954949,1256964993,10044
26194,1256955434,1256966502,11068
26195,1256955972,1256967378,11406
26196,1256962669,1256968581,5912
26197,1256964181,1256970338,6157
26198,1256964293,1256971737,7444
26199,1256964993,1256972259,7266
26200,1256966502,1256974990,8488
26201,1256967378,1256981707,14329
26202,1256968581,1256986877,18296
26203,1256970338,1256992417,22079
26204,1256971737,1256996214,24477
26205,1256972259,1256996497,24238
26206,1256974990,1256999847,24857
26207,1256981707,1257000207,18500
26208,1256986877,1257002900,16023
26209,1256992417,1257006899,14482
26210,1256996214,1257008668,12454
26211,1256996497,1257009493,12996
26212,1256999847,1257016098,16251
26213,1257000207,1257017387,17180
26214,1257002900,1257017400,14500
26215,1257006899,1257017796,10897
26216,1257008668,1257018093,9425
26217,1257009493,1257018628,9135
26218,1257016098,1257018591,2493
26219,1257017387,1257021704,4317
26220,1257017400,1257022336,4936
26221,1257017796,1257026511,8715
26222,1257018093,1257027747,9654
26223,1257018591,1257030911,12320
26224,1257018628,1257033018,14390
26225,1257021704,1257033776,12072
26226,1257022336,1257036522,14186
26227,1257026511,1257037772,11261
26228,1257027747,1257040189,12442
26229,1257030911,1257040305,9394
26230,1257033018,1257042063,9045
26231,1257033776,1257046735,12959
26232,1257036522,1257048592,12070
26233,1257037772,1257049720,11948
26234,1257040189,1257051898,11709
26235,1257040305,1257052842,12537
26236,1257042063,1257060080,18017
26237,1257046735,1257071573,24838
26238,1257048592,1257074038,25446
26239,1257049720,1257074268,24548
26240,1257051898,1257075389,23491
26241,1257052842,1257077562,24720
26242,1257060080,1257099661,39581
26243,1257071573,1257103224,31651
26244,1257074038,1257103577,29539
26245,1257074268,1257104878,30610
26246,1257075389,1257110051,34662
26247,1257077562,1257111251,33689
26248,1257099661,1257112908,13247
26249,1257103224,1257119635,16411
26250,1257103577,1257121666,18089
26251,1257104878,1257127669,22791
26252,1257110051,1257129905,19854
26253,1257111251,1257133477,22226
26254,1257112908,1257134060,21152
26255,1257119635,1257134678,15043
26256,1257121666,1257136950,15284
26257,1257127669,1257138789,11120
26258,1257129905,1257139587,9682
26259,1257133477,1257140712,7235
26260,1257134060,1257146888,12828
26261,1257134678,1257152086,17408
26262,1257136950,1257154545,17595
26263,1257138789,1257156332,17543
26264,1257139587,1257158133,18546
26265,1257140712,1257158661,17949
26266,1257146888,1257159638,12750
26267,1257152086,1257162887,10801
26268,1257154545,1257163679,9134
26269,1257156332,1257164345,8013
26270,1257158133,1257167922,9789
26271,1257158661,1257170183,11522
26272,1257159638,1257171037,11399
26273,1257162887,1257175211,12324
26274,1257163679,1257179387,15708
26275,1257164345,1257186648,22303
26276,1257167922,1257190988,23066
26277,1257170183,1257195793,25610
26278,1257171037,1257196878,25841
26279,1257175211,1257198897,23686
26280,1257179387,1257203656,24269
26281,1257186648,1257204350,17702
26282,1257190988,1257204999,14011
26283,1257195793,1257208178,12385
26284,1257196878,1257213249,16371
26285,1257198897,1257214639,15742
26286,1257203656,1257216795,13139
26287,1257204350,1257218321,13971
26288,1257204999,1257219646,14647
26289,1257208178,1257219924,11746
26290,1257213249,1257221257,8008
26291,1257214639,1257224611,9972
26292,1257216795,1257226622,9827
26293,1257218321,1257227668,9347
26294,1257219646,1257227887,8241
26295,1257219924,1257229982,10058
26296,1257221257,1257230224,8967
26297,1257224611,1257230952,6341
26298,1257226622,1257232625,6003
26299,1257227668,1257234257,6589
26300,1257227887,1257238865,10978
26301,1257229982,1257240017,10035
26302,1257230224,1257240593,10369
26303,1257230952,1257241224,10272
26304,1257232625,1257242684,10059
26305,1257234257,1257245115,10858
26306,1257238865,1257246725,7860
26307,1257240017,1257247918,7901
26308,1257240593,1257252283,11690
26309,1257241224,1257253108,11884
26310,1257242684,1257253508,10824
26311,1257245115,1257254159,9044
26312,1257246725,1257254329,7604
26313,1257247918,1257256339,8421
26314,1257252283,1257256431,4148
26315,1257253108,1257256924,3816
26316,1257253508,1257257720,4212
26317,1257254159,1257259505,5346
26318,1257254329,1257260808,6479
26319,1257256339,1257261027,4688
26320,1257256431,1257264818,8387
26321,1257256924,1257265542,8618
26322,1257257720,1257266841,9121
26323,1257259505,1257267209,7704
26324,1257260808,1257267270,6462
26325,1257261027,1257267826,6799
26326,1257264818,1257267943,3125
26327,1257265542,1257268351,2809
26328,1257266841,1257270506,3665
26329,1257267209,1257271122,3913
26330,1257267270,1257271363,4093
26331,1257267826,1257271631,3805
26332,1257267943,1257272914,4971
26333,1257268351,1257274715,6364
26334,1257270506,1257277713,7207
26335,1257271122,1257278339,7217
26336,1257271363,1257280306,8943
26337,1257271631,1257280467,8836
26338,1257272914,1257281260,8346
26339,1257274715,1257283171,8456
26340,1257277713,1257283253,5540
26341,1257278339,1257283260,4921
26342,1257280306,1257287076,6770
26343,1257280467,1257288568,8101
26344,1257281260,1257291299,10039
26345,1257283171,1257292934,9763
26346,1257283253,1257293339,10086
26347,1257283260,1257298200,14940
26348,1257287076,1257298826,11750
26349,1257288568,1257300976,12408
26350,1257291299,1257302940,11641
26351,1257292934,1257303491,10557
26352,1257293339,1257304350,11011
26353,1257298200,1257304654,6454
26354,1257298826,1257306557,7731
26355,1257300976,1257306604,5628
26356,1257302940,1257306890,3950
26357,1257303491,1257308567,5076
26358,1257304350,1257310026,5676
26359,1257304654,1257310966,6312
26360,1257306557,1257312049,5492
26361,1257306604,1257312434,5830
26362,1257306890,1257313812,6922
26363,1257308567,1257314934,6367
26364,1257310026,1257316248,6222
26365,1257310966,1257316928,5962
26366,1257312049,1257319495,7446
26367,1257312434,1257320454,8020
26368,1257313812,1257322514,8702
26369,1257314934,1257322644,7710
26370,1257316248,1257325170,8922
26371,1257316928,1257325923,8995
26372,1257319495,1257326153,6658
26373,1257320454,1257326715,6261
26374,1257322514,1257330150,7636
26375,1257322644,1257331219,8575
26376,1257325170,1257332593,7423
26377,1257325923,1257334331,8408
26378,1257326153,1257336127,9974
26379,1257326715,1257338017,11302
26380,1257330150,1257339107,8957
26381,1257331219,1257341997,10778
26382,1257332593,1257343660,11067
26383,1257334331,1257347235,12904
26384,1257336127,1257350493,14366
26385,1257338017,1257352564,14547
26386,1257339107,1257352650,13543
26387,1257341997,1257353465,11468
26388,1257343660,1257353668,10008
26389,1257347235,1257353996,6761
26390,1257350493,1257354847,4354
26391,1257352564,1257356363,3799
26392,1257352650,1257356733,4083
26393,1257353465,1257357581,4116
26394,1257353668,1257360043,6375
26395,1257353996,1257360270,6274
26396,1257354847,1257363939,9092
26397,1257356363,1257365117,8754
26398,1257356733,1257365948,9215
26399,1257357581,1257367677,10096
26400,1257360043,1257369053,9010
26401,1257360270,1257370620,10350
26402,1257363939,1257372162,8223
26403,1257365117,1257375146,10029
26404,1257365948,1257376501,10553
26405,1257367677,1257376569,8892
26406,1257369053,1257377688,8635
26407,1257370620,1257378135,7515
26408,1257372162,1257379318,7156
26409,1257375146,1257379813,4667
26410,1257376501,1257383227,6726
26411,1257376569,1257385189,8620
26412,1257377688,1257385494,7806
26413,1257378135,1257386005,7870
26414,1257379318,1257386622,7304
26415,1257379813,1257387595,7782
26416,1257383227,1257388454,5227
26417,1257385189,1257389817,4628
26418,1257385494,1257390103,4609
26419,1257386005,1257390402,4397
26420,1257386622,1257391039,4417
26421,1257387595,1257391336,3741
26422,1257388454,1257393543,5089
26423,1257389817,1257394542,4725
26424,1257390103,1257398533,8430
26425,1257390402,1257399338,8936
26426,1257391039,1257400462,9423
26427,1257391336,1257403550,12214
26428,1257393543,1257405008,11465
26429,1257394542,1257405984,11442
26430,1257398533,1257406021,7488
26431,1257399338,1257406925,7587
26432,1257400462,1257407832,7370
26433,1257403550,1257408555,5005
26434,1257405008,1257409374,4366
26435,1257405984,1257411671,5687
26436,1257406021,1257413219,7198
26437,1257406925,1257416099,9174
26438,1257407832,1257417444,9612
26439,1257408555,1257417556,9001
26440,1257409374,1257418903,9529
26441,1257411671,1257424036,12365
26442,1257413219,1257424653,11434
26443,1257416099,1257425914,9815
26444,1257417444,1257429257,11813
26445,1257417556,1257429560,12004
26446,1257418903,1257430307,11404
26447,1257424036,1257430886,6850
26448,1257424653,1257430994,6341
26449,1257425914,1257431722,5808
26450,1257429257,1257432825,3568
26451,1257429560,1257433785,4225
26452,1257430307,1257435348,5041
26453,1257430886,1257438333,7447
26454,1257430994,1257439132,8138
26455,1257431722,1257439393,7671
26456,1257432825,1257440739,7914
26457,1257433785,1257444263,10478
26458,1257435348,1257447751,12403
26459,1257438333,1257450398,12065
26460,1257439132,1257452375,13243
26461,1257439393,1257454352,14959
26462,1257440739,1257454808,14069
26463,1257444263,1257459506,15243
26464,1257447751,1257461629,13878
26465,1257450398,1257466329,15931
26466,1257452375,1257467532,15157
26467,1257454352,1257467723,13371
26468,1257454808,1257471819,17011
26469,1257459506,1257471955,12449
26470,1257461629,1257474675,13046
26471,1257466329,1257476007,9678
26472,1257467532,1257477148,9616
26473,1257467723,1257478272,10549
26474,1257471819,1257480298,8479
26475,1257471955,1257481803,9848
26476,1257474675,1257485111,10436
26477,1257476007,1257485469,9462
26478,1257477148,1257487222,10074
26479,1257478272,1257489547,11275
26480,1257480298,1257490444,10146
26481,1257481803,1257494108,12305
26482,1257485111,1257497398,12287
26483,1257485469,1257498131,12662
26484,1257487222,1257498205,10983
26485,1257489547,1257499991,10444
26486,1257490444,1257502392,11948
26487,1257494108,1257504937,10829
26488,1257497398,1257505448,8050
26489,1257498131,1257506621,8490
26490,1257498205,1257508077,9872
26491,1257499991,1257512540,12549
26492,1257502392,1257514047,11655
26493,1257504937,1257515904,10967
26494,1257505448,1257517673,12225
26495,1257506621,1257518131,11510
26496,1257508077,1257518734,10657
26497,1257512540,1257518809,6269
26498,1257514047,1257519147,5100
26499,1257515904,1257519227,3323
26500,1257517673,1257520311,2638
26501,1257518131,1257522379,4248
26502,1257518734,1257523179,4445
26503,1257518809,1257525476,6667
26504,1257519147,1257527757,8610
26505,1257519227,1257530457,11230
26506,1257520311,1257531025,10714
26507,1257522379,1257531369,8990
26508,1257523179,1257532799,9620
26509,1257525476,1257533349,7873
26510,1257527757,1257533749,5992
26511,1257530457,1257533994,3537
26512,1257531025,1257534423,3398
26513,1257531369,1257535610,4241
26514,1257532799,1257535914,3115
26515,1257533349,1257536463,3114
26516,1257533749,1257536970,3221
26517,1257533994,1257537099,3105
26518,1257534423,1257537786,3363
26519,1257535610,1257543658,8048
26520,1257535914,1257543890,7976
26521,1257536463,1257544597,8134
26522,1257536970,1257545399,8429
26523,1257537099,1257546669,9570
26524,1257537786,1257549679,11893
26525,1257543658,1257549738,6080
26526,1257543890,1257550370,6480
26527,1257544597,1257552067,7470
26528,1257545399,1257554246,8847
26529,1257546669,1257554251,7582
26530,1257549679,1257558966,9287
26531,1257549738,1257559735,9997
26532,1257550370,1257559737,9367
26533,1257552067,1257560615,8548
26534,1257554246,1257561208,6962
26535,1257554251,1257561548,7297
26536,1257558966,1257563609,4643
26537,1257559735,1257566218,6483
26538,1257559737,1257566507,6770
26539,1257560615,1257567079,6464
26540,1257561208,1257567336,6128
26541,1257561548,1257567915,6367
26542,1257563609,1257571308,7699
26543,1257566218,1257572740,6522
26544,1257566507,1257573223,6716
26545,1257567079,1257573316,6237
26546,1257567336,1257573517,6181
26547,1257567915,1257573725,5810
26548,1257571308,1257575840,4532
26549,1257572740,1257577214,4474
26550,1257573223,1257577924,4701
26551,1257573316,1257578550,5234
26552,1257573517,1257578673,5156
26553,1257573725,1257580068,6343
26554,1257575840,1257580119,4279
26555,1257577214,1257580620,3406
26556,1257577924,1257584367,6443
26557,1257578550,1257585884,7334
26558,1257578673,1257586644,7971
26559,1257580068,1257587496,7428
26560,1257580119,1257590060,9941
26561,1257580620,1257590254,9634
26562,1257584367,1257592450,8083
26563,1257585884,1257593074,7190
26564,1257586644,1257595272,8628
26565,1257587496,1257595330,7834
26566,1257590060,1257598424,8364
26567,1257590254,1257599779,9525
26568,1257592450,1257600867,8417
26569,1257593074,1257602141,9067
26570,1257595272,1257602258,6986
26571,1257595330,1257604133,8803
26572,1257598424,1257604496,6072
26573,1257599779,1257604817,5038
26574,1257600867,1257606481,5614
26575,1257602141,1257606837,4696
26576,1257602258,1257608647,6389
26577,1257604133,1257609721,5588
26578,1257604496,1257610300,5804
26579,1257604817,1257611096,6279
26580,1257606481,1257614026,7545
26581,1257606837,1257615728,8891
26582,1257608647,1257617106,8459
26583,1257609721,1257619604,9883
26584,1257610300,1257622069,11769
26585,1257611096,1257623153,12057
26586,1257614026,1257623170,9144
26587,1257615728,1257624876,9148
26588,1257617106,1257626021,8915
26589,1257619604,1257629010,9406
26590,1257622069,1257629868,7799
26591,1257623153,1257630528,7375
26592,1257623170,1257630875,7705
26593,1257624876,1257632333,7457
26594,1257626021,1257633435,7414
26595,1257629010,1257635562,6552
26596,1257629868,1257638887,9019
26597,1257630528,1257639846,9318
26598,1257630875,1257641503,10628
26599,1257632333,1257641560,9227
26600,1257633435,1257642386,8951
26601,1257635562,1257642663,7101
26602,1257638887,1257646497,7610
26603,1257639846,1257646704,6858
26604,1257641503,1257648081,6578
26605,1257641560,1257649169,7609
26606,1257642386,1257649520,7134
26607,1257642663,1257649651,6988
26608,1257646497,1257650513,4016
26609,1257646704,1257653978,7274
26610,1257648081,1257656881,8800
26611,1257649169,1257660652,11483
26612,1257649520,1257661380,11860
26613,1257649651,1257664769,15118
26614,1257650513,1257666872,16359
26615,1257653978,1257667236,13258
26616,1257656881,1257667561,10680
26617,1257660652,1257668769,8117
26618,1257661380,1257669888,8508
26619,1257664769,1257671649,6880
26620,1257666872,1257672180,5308
26621,1257667236,1257673133,5897
26622,1257667561,1257674061,6500
26623,1257668769,1257674308,5539
26624,1257669888,1257676446,6558
26625,1257671649,1257679128,7479
26626,1257672180,1257679204,7024
26627,1257673133,1257679502,6369
26628,1257674061,1257680748,6687
26629,1257674308,1257682444,8136
26630,1257676446,1257682628,6182
26631,1257679128,1257683331,4203
26632,1257679204,1257684142,4938
26633,1257679502,1257684656,5154
26634,1257680748,1257685505,4757
26635,1257682444,1257685678,3234
26636,1257682628,1257685968,3340
26637,1257683331,1257686879,3548
26638,1257684142,1257687840,3698
26639,1257684656,1257689718,5062
26640,1257685505,1257689889,4384
26641,1257685678,1257691167,5489
26642,1257685968,1257692653,6685
26643,1257686879,1257693442,6563
26644,1257687840,1257693992,6152
26645,1257689718,1257694345,4627
26646,1257689889,1257697833,7944
26647,1257691167,1257698370,7203
26648,1257692653,1257699460,6807
26649,1257693442,1257700171,6729
26650,1257693992,1257701660,7668
26651,1257694345,1257702387,8042
26652,1257697833,1257703279,5446
26653,1257698370,1257704262,5892
26654,1257699460,1257704582,5122
26655,1257700171,1257705442,5271
26656,1257701660,1257705602,3942
26657,1257702387,1257705756,3369
26658,1257703279,1257706311,3032
26659,1257704262,1257710117,5855
26660,1257704582,1257712277,7695
26661,1257705442,1257717065,11623
26662,1257705602,1257717622,12020
26663,1257705756,1257719902,14146
26664,1257706311,1257720039,13728
26665,1257710117,1257720962,10845
26666,1257712277,1257721140,8863
26667,1257717065,1257721267,4202
26668,1257717622,1257724648,7026
26669,1257719902,1257725432,5530
26670,1257720039,1257725802,5763
26671,1257720962,1257726081,5119
26672,1257721140,1257728185,7045
26673,1257721267,1257728628,7361
26674,1257724648,1257728689,4041
26675,1257725432,1257730416,4984
26676,1257725802,1257732211,6409
26677,1257726081,1257732662,6581
26678,1257728185,1257735614,7429
26679,1257728628,1257735884,7256
26680,1257728689,1257736423,7734
26681,1257730416,1257736979,6563
26682,1257732211,1257737234,5023
26683,1257732662,1257738257,5595
26684,1257735614,1257739097,3483
26685,1257735884,1257740541,4657
26686,1257736423,1257743342,6919
26687,1257736979,1257744173,7194
26688,1257737234,1257746861,9627
26689,1257738257,1257750039,11782
26690,1257739097,1257753406,14309
26691,1257740541,1257754431,13890
26692,1257743342,1257754959,11617
26693,1257744173,1257755245,11072
26694,1257746861,1257756999,10138
26695,1257750039,1257757356,7317
26696,1257753406,1257758601,5195
26697,1257754431,1257759123,4692
26698,1257754959,1257762129,7170
26699,1257755245,1257764887,9642
26700,1257756999,1257765775,8776
26701,1257757356,1257769328,11972
26702,1257758601,1257771250,12649
26703,1257759123,1257772720,13597
26704,1257762129,1257775972,13843
26705,1257764887,1257777030,12143
26706,1257765775,1257778635,12860
26707,1257769328,1257778981,9653
26708,1257771250,1257782016,10766
26709,1257772720,1257782457,9737
26710,1257775972,1257785114,9142
26711,1257777030,1257785285,8255
26712,1257778635,1257785504,6869
26713,1257778981,1257785936,6955
26714,1257782016,1257786509,4493
26715,1257782457,1257787160,4703
26716,1257785114,1257788290,3176
26717,1257785285,1257789027,3742
26718,1257785504,1257790790,5286
26719,1257785936,1257791273,5337
26720,1257786509,1257791825,5316
26721,1257787160,1257792476,5316
26722,1257788290,1257793000,4710
26723,1257789027,1257793503,4476
26724,1257790790,1257794871,4081
26725,1257791273,1257795321,4048
26726,1257791825,1257800612,8787
26727,1257792476,1257801259,8783
26728,1257793000,1257802260,9260
26729,1257793503,1257803701,10198
26730,1257794871,1257804088,9217
26731,1257795321,1257806190,10869
26732,1257800612,1257810853,10241
26733,1257801259,1257811962,10703
26734,1257802260,1257812754,10494
26735,1257803701,1257816135,12434
26736,1257804088,1257817416,13328
26737,1257806190,1257817789,11599
26738,1257810853,1257818114,7261
26739,1257811962,1257822558,10596
26740,1257812754,1257824138,11384
26741,1257816135,1257824594,8459
26742,1257817416,1257824723,7307
26743,1257817789,1257826462,8673
26744,1257818114,1257826800,8686
26745,1257822558,1257827160,4602
26746,1257824138,1257830132,5994
26747,1257824594,1257830302,5708
26748,1257824723,1257830925,6202
26749,1257826462,1257832988,6526
26750,1257826800,1257837771,10971
26751,1257827160,1257837810,10650
26752,1257830132,1257839465,9333
26753,1257830302,1257840089,9787
26754,1257830925,1257840386,9461
26755,1257832988,1257841581,8593
26756,1257837771,1257843724,5953
26757,1257837810,1257844832,7022
26758,1257839465,1257846058,6593
26759,1257840089,1257846810,6721
26760,1257840386,1257849752,9366
26761,1257841581,1257851501,9920
26762,1257843724,1257852049,8325
26763,1257844832,1257852630,7798
26764,1257846058,1257854998,8940
26765,1257846810,1257856061,9251
26766,1257849752,1257856917,7165
26767,1257851501,1257858473,6972
26768,1257852049,1257858790,6741
26769,1257852630,1257859761,7131
26770,1257854998,1257859891,4893
26771,1257856061,1257861311,5250
26772,1257856917,1257861915,4998
26773,1257858473,1257862553,4080
26774,1257858790,1257863272,4482
26775,1257859761,1257863345,3584
26776,1257859891,1257863724,3833
26777,1257861311,1257863972,2661
26778,1257861915,1257866300,4385
26779,1257862553,1257866428,3875
26780,1257863272,1257867545,4273
26781,1257863345,1257868369,5024
26782,1257863724,1257868988,5264
26783,1257863972,1257869950,5978
26784,1257866300,1257870928,4628
26785,1257866428,1257871879,5451
26786,1257867545,1257872986,5441
26787,1257868369,1257873135,4766
26788,1257868988,1257876327,7339
26789,1257869950,1257877775,7825
26790,1257870928,1257878534,7606
26791,1257871879,1257879640,7761
26792,1257872986,1257880107,7121
26793,1257873135,1257884064,10929
26794,1257876327,1257884585,8258
26795,1257877775,1257885100,7325
26796,1257878534,1257886024,7490
26797,1257879640,1257886507,6867
26798,1257880107,1257888604,8497
26799,1257884064,1257890190,6126
26800,1257884585,1257891451,6866
26801,1257885100,1257891608,6508
26802,1257886024,1257892103,6079
26803,1257886507,1257892246,5739
26804,1257888604,1257892370,3766
26805,1257890190,1257893190,3000
26806,1257891451,1257893353,1902
26807,1257891608,1257894103,2495
26808,1257892103,1257894808,2705
26809,1257892246,1257894849,2603
26810,1257892370,1257896751,4381
26811,1257893190,1257900664,7474
26812,1257893353,1257901227,7874
26813,1257894103,1257901440,7337
26814,1257894808,1257902783,7975
26815,1257894849,1257902918,8069
26816,1257896751,1257903728,6977
26817,1257900664,1257904994,4330
26818,1257901227,1257905837,4610
26819,1257901440,1257906955,5515
26820,1257902783,1257908495,5712
26821,1257902918,1257909271,6353
26822,1257903728,1257910702,6974
26823,1257904994,1257912895,7901
26824,1257905837,1257918085,12248
26825,1257906955,1257922147,15192
26826,1257908495,1257923268,14773
26827,1257909271,1257924528,15257
26828,1257910702,1257925171,14469
26829,1257912895,1257928261,15366
26830,1257918085,1257928384,10299
26831,1257922147,1257928627,6480
26832,1257923268,1257929632,6364
26833,1257924528,1257931097,6569
26834,1257925171,1257931123,5952
26835,1257928261,1257931926,3665
26836,1257928384,1257932742,4358
26837,1257928627,1257933593,4966
26838,1257929632,1257934471,4839
26839,1257931097,1257935281,4184
26840,1257931123,1257938798,7675
26841,1257931926,1257938991,7065
26842,1257932742,1257939579,6837
26843,1257933593,1257946453,12860
26844,1257934471,1257946602,12131
26845,1257935281,1257949903,14622
26846,1257938798,1257950137,11339
26847,1257938991,1257950334,11343
26848,1257939579,1257950885,11306
26849,1257946453,1257952274,5821
26850,1257946602,1257953365,6763
26851,1257949903,1257953537,3634
26852,1257950137,1257953892,3755
26853,1257950334,1257954746,4412
26854,1257950885,1257958714,7829
26855,1257952274,1257961639,9365
26856,1257953365,1257962298,8933
26857,1257953537,1257963061,9524
26858,1257953892,1257964627,10735
26859,1257954746,1257966063,11317
26860,1257958714,1257966181,7467
26861,1257961639,1257966302,4663
26862,1257962298,1257967585,5287
26863,1257963061,1257967625,4564
26864,1257964627,1257967944,3317
26865,1257966063,1257968209,2146
26866,1257966181,1257970514,4333
26867,1257966302,1257970815,4513
26868,1257967585,1257972205,4620
26869,1257967625,1257972610,4985
26870,1257967944,1257974185,6241
26871,1257968209,1257975060,6851
26872,1257970514,1257975749,5235
26873,1257970815,1257982543,11728
26874,1257972205,1257983718,11513
26875,1257972610,1257984346,11736
26876,1257974185,1257986009,11824
26877,1257975060,1257986073,11013
26878,1257975749,1257986781,11032
26879,1257982543,1257990497,7954
26880,1257983718,1257991724,8006
26881,1257984346,1257992722,8376
26882,1257986009,1257993643,7634
26883,1257986073,1257997022,10949
26884,1257986781,1257998118,11337
26885,1257990497,1257998606,8109
26886,1257991724,1258003121,11397
26887,1257992722,1258005295,12573
26888,1257993643,1258006483,12840
26889,1257997022,1258007190,10168
26890,1257998118,1258008001,9883
26891,1257998606,1258008774,10168
26892,1258003121,1258009319,6198
26893,1258005295,1258010203,4908
26894,1258006483,1258013947,7464
26895,1258007190,1258014363,7173
26896,1258008001,1258014615,6614
26897,1258008774,1258015331,6557
26898,1258009319,1258015485,6166
26899,1258010203,1258016649,6446
26900,1258013947,1258017645,3698
26901,1258014363,1258019785,5422
26902,1258014615,1258021752,7137
26903,1258015331,1258021948,6617
26904,1258015485,1258022499,7014
26905,1258016649,1258022784,6135
26906,1258017645,1258026507,8862
26907,1258019785,1258027432,7647
26908,1258021752,1258028041,6289
26909,1258021948,1258028540,6592
26910,1258022499,1258029721,7222
26911,1258022784,1258030022,7238
26912,1258026507,1258030746,4239
26913,1258027432,1258032014,4582
26914,1258028041,1258033596,5555
26915,1258028540,1258035491,6951
26916,1258029721,1258036778,7057
26917,1258030022,1258037906,7884
26918,1258030746,1258038013,7267
26919,1258032014,1258039333,7319
26920,1258033596,1258042220,8624
26921,1258035491,1258042793,7302
26922,1258036778,1258042850,6072
26923,1258037906,1258043011,5105
26924,1258038013,1258043532,5519
26925,1258039333,1258045196,5863
26926,1258042220,1258046793,4573
26927,1258042793,1258047308,4515
26928,1258042850,1258050118,7268
26929,1258043011,1258050749,7738
26930,1258043532,1258051227,7695
26931,1258045196,1258051620,6424
26932,1258046793,1258055471,8678
26933,1258047308,1258057043,9735
26934,1258050118,1258060686,10568
26935,1258050749,1258065483,14734
26936,1258051227,1258065873,14646
26937,1258051620,1258065996,14376
26938,1258055471,1258068283,12812
26939,1258057043,1258069078,12035
26940,1258060686,1258069479,8793
26941,1258065483,1258073379,7896
26942,1258065873,1258074045,8172
26943,1258065996,1258074606,8610
26944,1258068283,1258077906,9623
26945,1258069078,1258080857,11779
26946,1258069479,1258081655,12176
26947,1258073379,1258081892,8513
26948,1258074045,1258083551,9506
26949,1258074606,1258084146,9540
26950,1258077906,1258086370,8464
26951,1258080857,1258086402,5545
26952,1258081655,1258086924,5269
26953,1258081892,1258090549,8657
26954,1258083551,1258092065,8514
26955,1258084146,1258092515,8369
26956,1258086370,1258094724,8354
26957,1258086402,1258096336,9934
26958,1258086924,1258100002,13078
26959,1258090549,1258101215,10666
26960,1258092065,1258101264,9199
26961,1258092515,1258101576,9061
26962,1258094724,1258103367,8643
26963,1258096336,1258103691,7355
26964,1258100002,1258104325,4323
26965,1258101215,1258105204,3989
26966,1258101264,1258105588,4324
26967,1258101576,1258105701,4125
26968,1258103367,1258106860,3493
26969,1258103691,1258106880,3189
26970,1258104325,1258111789,7464
26971,1258105204,1258112674,7470
26972,1258105588,1258112923,7335
26973,1258105701,1258113512,7811
26974,1258106860,1258114104,7244
26975,1258106880,1258115277,8397
26976,1258111789,1258115684,3895
26977,1258112674,1258116845,4171
26978,1258112923,1258117751,4828
26979,1258113512,1258118428,4916
26980,1258114104,1258120273,6169
26981,1258115277,1258120752,5475
26982,1258115684,1258121192,5508
26983,1258116845,1258121719,4874
26984,1258117751,1258122327,4576
26985,1258118428,1258123880,5452
26986,1258120273,1258125427,5154
26987,1258120752,1258125804,5052
26988,1258121192,1258126434,5242
26989,1258121719,1258126634,4915
26990,1258122327,1258127514,5187
26991,1258123880,1258127888,4008
26992,1258125427,1258130013,4586
26993,1258125804,1258130695,4891
26994,1258126434,1258131905,5471
26995,1258126634,1258132294,5660
26996,1258127514,1258133182,5668
26997,1258127888,1258135597,7709
26998,1258130013,1258138768,8755
26999,1258130695,1258139679,8984
27000,1258131905,1258140529,8624
27001,1258132294,1258140773,8479
27002,1258133182,1258143163,9981
27003,1258135597,1258146092,10495
27004,1258138768,1258146607,7839
27005,1258139679,1258147198,7519
27006,1258140529,1258147488,6959
27007,1258140773,1258147626,6853
27008,1258143163,1258148027,4864
27009,1258146092,1258148650,2558
27010,1258146607,1258149411,2804
27011,1258147198,1258149875,2677
27012,1258147488,1258150260,2772
27013,1258147626,1258150507,2881
27014,1258148027,1258150807,2780
27015,1258148650,1258150952,2302
27016,1258149411,1258153002,3591
27017,1258149875,1258153065,3190
27018,1258150260,1258153891,3631
27019,1258150507,1258154107,3600
27020,1258150807,1258155607,4800
27021,1258150952,1258158486,7534
27022,1258153002,1258159085,6083
27023,1258153065,1258161886,8821
27024,1258153891,1258162315,8424
27025,1258154107,1258162896,8789
27026,1258155607,1258163255,7648
27027,1258158486,1258163619,5133
27028,1258159085,1258165102,6017
27029,1258161886,1258166621,4735
27030,1258162315,1258167220,4905
27031,1258162896,1258167471,4575
27032,1258163255,1258167720,4465
27033,1258163619,1258168708,5089
27034,1258165102,1258172417,7315
27035,1258166621,1258172894,6273
27036,1258167220,1258173559,6339
27037,1258167471,1258175774,8303
27038,1258167720,1258176606,8886
27039,1258168708,1258177957,9249
27040,1258172417,1258179762,7345
27041,1258172894,1258182170,9276
27042,1258173559,1258182401,8842
27043,1258175774,1258182668,6894
27044,1258176606,1258183354,6748
27045,1258177957,1258186892,8935
27046,1258179762,1258188140,8378
27047,1258182170,1258189048,6878
27048,1258182401,1258189529,7128
27049,1258182668,1258189666,6998
27050,1258183354,1258189697,6343
27051,1258186892,1258190059,3167
27052,1258188140,1258190322,2182
27053,1258189048,1258193507,4459
27054,1258189529,1258194711,5182
27055,1258189666,1258195310,5644
27056,1258189697,1258196453,6756
27057,1258190059,1258198786,8727
27058,1258190322,1258199850,9528
27059,1258193507,1258202440,8933
27060,1258194711,1258203948,9237
27061,1258195310,1258206573,11263
27062,1258196453,1258206735,10282
27063,1258198786,1258207943,9157
27064,1258199850,1258208129,8279
27065,1258202440,1258208924,6484
27066,1258203948,1258210313,6365
27067,1258206573,1258211317,4744
27068,1258206735,1258211615,4880
27069,1258207943,1258212643,4700
27070,1258208129,1258213411,5282
27071,1258208924,1258215258,6334
27072,1258210313,1258216309,5996
27073,1258211317,1258216374,5057
27074,1258211615,1258217860,6245
27075,1258212643,1258217994,5351
27076,1258213411,1258218904,5493
27077,1258215258,1258219177,3919
27078,1258216309,1258219393,3084
27079,1258216374,1258220750,4376
27080,1258217860,1258220994,3134
27081,1258217994,1258224915,6921
27082,1258218904,1258225273,6369
27083,1258219177,1258225976,6799
27084,1258219393,1258226302,6909
27085,1258220750,1258226324,5574
27086,1258220994,1258227263,6269
27087,1258224915,1258227949,3034
27088,1258225273,1258229067,3794
27089,1258225976,1258230741,4765
27090,1258226302,1258231438,5136
27091,1258226324,1258231741,5417
27092,1258227263,1258231825,4562
27093,1258227949,1258233043,5094
27094,1258229067,1258233779,4712
27095,1258230741,1258233780,3039
27096,1258231438,1258235059,3621
27097,1258231741,1258235557,3816
27098,1258231825,1258240715,8890
27099,1258233043,1258240928,7885
27100,1258233779,1258244829,11050
27101,1258233780,1258248297,14517
27102,1258235059,1258248369,13310
27103,1258235557,1258248660,13103
27104,1258240715,1258248797,8082
27105,1258240928,1258251382,10454
27106,1258244829,1258252156,7327
27107,1258248297,1258252228,3931
27108,1258248369,1258252376,4007
27109,1258248660,1258252813,4153
27110,1258248797,1258253270,4473
27111,1258251382,1258254872,3490
27112,1258252156,1258255140,2984
27113,1258252228,1258255631,3403
27114,1258252376,1258255991,3615
27115,1258252813,1258257330,4517
27116,1258253270,1258257845,4575
27117,1258254872,1258257873,3001
27118,1258255140,1258258372,3232
27119,1258255631,1258258662,3031
27120,1258255991,1258259088,3097
27121,1258257330,1258261554,4224
27122,1258257845,1258261997,4152
27123,1258257873,1258263968,6095
27124,1258258372,1258265710,7338
27125,1258258662,1258265906,7244
27126,1258259088,1258266038,6950
27127,1258261554,1258266171,4617
27128,1258261997,1258267146,5149
27129,1258263968,1258267218,3250
27130,1258265710,1258267470,1760
27131,1258265906,1258272137,6231
27132,1258266038,1258272200,6162
27133,1258266171,1258274046,7875
27134,1258267146,1258274875,7729
27135,1258267218,1258275602,8384
27136,1258267470,1258276747,9277
27137,1258272137,1258278219,6082
27138,1258272200,1258278234,6034
27139,1258274046,1258278515,4469
27140,1258274875,1258278698,3823
27141,1258275602,1258280285,4683
27142,1258276747,1258281079,4332
27143,1258278219,1258281819,3600
27144,1258278234,1258282282,4048
27145,1258278515,1258283627,5112
27146,1258278698,1258285179,6481
27147,1258280285,1258286280,5995
27148,1258281079,1258286765,5686
27149,1258281819,1258286813,4994
27150,1258282282,1258287477,5195
27151,1258283627,1258288330,4703
27152,1258285179,1258289906,4727
27153,1258286280,1258289934,3654
27154,1258286765,1258290639,3874
27155,1258286813,1258291034,4221
27156,1258287477,1258292574,5097
27157,1258288330,1258293398,5068
27158,1258289906,1258294144,4238
27159,1258289934,1258294490,4556
27160,1258290639,1258295872,5233
27161,1258291034,1258297193,6159
27162,1258292574,1258297372,4798
27163,1258293398,1258298114,4716
27164,1258294144,1258298880,4736
27165,1258294490,1258298931,4441
27166,1258295872,1258299306,3434
27167,1258297193,1258299542,2349
27168,1258297372,1258300399,3027
27169,1258298114,1258300740,2626
27170,1258298880,1258301073,2193
27171,1258298931,1258301822,2891
27172,1258299306,1258303941,4635
27173,1258299542,1258305142,5600
27174,1258300399,1258306383,5984
27175,1258300740,1258308285,7545
27176,1258301073,1258308729,7656
27177,1258301822,1258309079,7257
27178,1258303941,1258309084,5143
27179,1258305142,1258310248,5106
27180,1258306383,1258310296,3913
27181,1258308285,1258312882,4597
27182,1258308729,1258313667,4938
27183,1258309079,1258315953,6874
27184,1258309084,1258316173,7089
27185,1258310248,1258316829,6581
27186,1258310296,1258317907,7611
27187,1258312882,1258318982,6100
27188,1258313667,1258319559,5892
27189,1258315953,1258319637,3684
27190,1258316173,1258321402,5229
27191,1258316829,1258321893,5064
27192,1258317907,1258325007,7100
27193,1258318982,1258326639,7657
27194,1258319559,1258328350,8791
27195,1258319637,1258329202,9565
27196,1258321402,1258330015,8613
27197,1258321893,1258330054,8161
27198,1258325007,1258330982,5975
27199,1258326639,1258331028,4389
27200,1258328350,1258331077,2727
27201,1258329202,1258331246,2044
27202,1258330015,1258332563,2548
27203,1258330054,1258334085,4031
27204,1258330982,1258334148,3166
27205,1258331028,1258334774,3746
27206,1258331077,1258335212,4135
27207,1258331246,1258335545,4299
27208,1258332563,1258336107,3544
27209,1258334085,1258337273,3188
27210,1258334148,1258337839,3691
27211,1258334774,1258339029,4255
27212,1258335212,1258339212,4000
27213,1258335545,1258340178,4633
27214,1258336107,1258340642,4535
27215,1258337273,1258341799,4526
27216,1258337839,1258342362,4523
27217,1258339029,1258344334,5305
27218,1258339212,1258344429,5217
27219,1258340178,1258344602,4424
27220,1258340642,1258346030,5388
27221,1258341799,1258346216,4417
27222,1258342362,1258346241,3879
27223,1258344334,1258348173,3839
27224,1258344429,1258348530,4101
27225,1258344602,1258349153,4551
27226,1258346030,1258349840,3810
27227,1258346216,1258350053,3837
27228,1258346241,1258351209,4968
27229,1258348173,1258351275,3102
27230,1258348530,1258351702,3172
27231,1258349153,1258354617,5464
27232,1258349840,1258355203,5363
27233,1258350053,1258355362,5309
27234,1258351209,1258355911,4702
27235,1258351275,1258357753,6478
27236,1258351702,1258357799,6097
27237,1258354617,1258359138,4521
27238,1258355203,1258361199,5996
27239,1258355362,1258362473,7111
27240,1258355911,1258363717,7806
27241,1258357753,1258364842,7089
27242,1258357799,1258365014,7215
27243,1258359138,1258365283,6145
27244,1258361199,1258365634,4435
27245,1258362473,1258366136,3663
27246,1258363717,1258367563,3846
27247,1258364842,1258369568,4726
27248,1258365014,1258369787,4773
27249,1258365283,1258370167,4884
27250,1258365634,1258371663,6029
27251,1258366136,1258371988,5852
27252,1258367563,1258372409,4846
27253,1258369568,1258372922,3354
27254,1258369787,1258373525,3738
27255,1258370167,1258373904,3737
27256,1258371663,1258375089,3426
27257,1258371988,1258376160,4172
27258,1258372409,1258378629,6220
27259,1258372922,1258379650,6728
27260,1258373525,1258379689,6164
27261,1258373904,1258380070,6166
27262,1258375089,1258380367,5278
27263,1258376160,1258383484,7324
27264,1258378629,1258384958,6329
27265,1258379650,1258385387,5737
27266,1258379689,1258387319,7630
27267,1258380070,1258388616,8546
27268,1258380367,1258389269,8902
27269,1258383484,1258390141,6657
27270,1258384958,1258392871,7913
27271,1258385387,1258392943,7556
27272,1258387319,1258393117,5798
27273,1258388616,1258393180,4564
27274,1258389269,1258393513,4244
27275,1258390141,1258393801,3660
27276,1258392871,1258394276,1405
27277,1258392943,1258397940,4997
27278,1258393117,1258398372,5255
27279,1258393180,1258398901,5721
27280,1258393513,1258401279,7766
27281,1258393801,1258401699,7898
27282,1258394276,1258402398,8122
27283,1258397940,1258403281,5341
27284,1258398372,1258403358,4986
27285,1258398901,1258404598,5697
27286,1258401279,1258406695,5416
27287,1258401699,1258407604,5905
27288,1258402398,1258408639,6241
27289,1258403281,1258408741,5460
27290,1258403358,1258408798,5440
27291,1258404598,1258411038,6440
27292,1258406695,1258415195,8500
27293,1258407604,1258416507,8903
27294,1258408639,1258417034,8395
27295,1258408741,1258418407,9666
27296,1258408798,1258418718,9920
27297,1258411038,1258418921,7883
27298,1258415195,1258419759,4564
27299,1258416507,1258420519,4012
27300,1258417034,1258420711,3677
27301,1258418407,1258422312,3905
27302,1258418718,1258424314,5596
27303,1258418921,1258424742,5821
27304,1258419759,1258426510,6751
27305,1258420519,1258426656,6137
27306,1258420711,1258427739,7028
27307,1258422312,1258429356,7044
27308,1258424314,1258429368,5054
27309,1258424742,1258430678,5936
27310,1258426510,1258432527,6017
27311,1258426656,1258433231,6575
27312,1258427739,1258433451,5712
27313,1258429356,1258434623,5267
27314,1258429368,1258435005,5637
27315,1258430678,1258435152,4474
27316,1258432527,1258436065,3538
27317,1258433231,1258436828,3597
27318,1258433451,1258437804,4353
27319,1258434623,1258439370,4747
27320,1258435005,1258439799,4794
27321,1258435152,1258440282,5130
27322,1258436065,1258441732,5667
27323,1258436828,1258442595,5767
27324,1258437804,1258443781,5977
27325,1258439370,1258444163,4793
27326,1258439799,1258444621,4822
27327,1258440282,1258444837,4555
27328,1258441732,1258445828,4096
27329,1258442595,1258449258,6663
27330,1258443781,1258449372,5591
27331,1258444163,1258449506,5343
27332,1258444621,1258450376,5755
27333,1258444837,1258450644,5807
27334,1258445828,1258450952,5124
27335,1258449258,1258451978,2720
27336,1258449372,1258452334,2962
27337,1258449506,1258454203,4697
27338,1258450376,1258455239,4863
27339,1258450644,1258457107,6463
27340,1258450952,1258457876,6924
27341,1258451978,1258458154,6176
27342,1258452334,1258458678,6344
27343,1258454203,1258459606,5403
27344,1258455239,1258462346,7107
27345,1258457107,1258462384,5277
27346,1258457876,1258462831,4955
27347,1258458154,1258462853,4699
27348,1258458678,1258463570,4892
27349,1258459606,1258463884,4278
27350,1258462346,1258464923,2577
27351,1258462384,1258465362,2978
27352,1258462831,1258466296,3465
27353,1258462853,1258468261,5408
27354,1258463570,1258469112,5542
27355,1258463884,1258469874,5990
27356,1258464923,1258471210,6287
27357,1258465362,1258471398,6036
27358,1258466296,1258472118,5822
27359,1258468261,1258473514,5253
27360,1258469112,1258473833,4721
27361,1258469874,1258474890,5016
27362,1258471210,1258475601,4391
27363,1258471398,1258476303,4905
27364,1258472118,1258477255,5137
27365,1258473514,1258479739,6225
27366,1258473833,1258479789,5956
27367,1258474890,1258481664,6774
27368,1258475601,1258482032,6431
27369,1258476303,1258485625,9322
27370,1258477255,1258487878,10623
27371,1258479739,1258489826,10087
27372,1258479789,1258491308,11519
27373,1258481664,1258492058,10394
27374,1258482032,1258493982,11950
27375,1258485625,1258495172,9547
27376,1258487878,1258495643,7765
27377,1258489826,1258495709,5883
27378,1258491308,1258496205,4897
27379,1258492058,1258497877,5819
27380,1258493982,1258497896,3914
27381,1258495172,1258500385,5213
27382,1258495643,1258500870,5227
27383,1258495709,1258501992,6283
27384,1258496205,1258502133,5928
27385,1258497877,1258502870,4993
27386,1258497896,1258505563,7667
27387,1258500385,1258506177,5792
27388,1258500870,1258506293,5423
27389,1258501992,1258506460,4468
27390,1258502133,1258507199,5066
27391,1258502870,1258507989,5119
27392,1258505563,1258508042,2479
27393,1258506177,1258509202,3025
27394,1258506293,1258510537,4244
27395,1258506460,1258511879,5419
27396,1258507199,1258512245,5046
27397,1258507989,1258513207,5218
27398,1258508042,1258514021,5979
27399,1258509202,1258515356,6154
27400,1258510537,1258516249,5712
27401,1258511879,1258517969,6090
27402,1258512245,1258518975,6730
27403,1258513207,1258519879,6672
27404,1258514021,1258521006,6985
27405,1258515356,1258522623,7267
27406,1258516249,1258527059,10810
27407,1258517969,1258529421,11452
27408,1258518975,1258529779,10804
27409,1258519879,1258530810,10931
27410,1258521006,1258532980,11974
27411,1258522623,1258533473,10850
27412,1258527059,1258535288,8229
27413,1258529421,1258537781,8360
27414,1258529779,1258537972,8193
27415,1258530810,1258538042,7232
27416,1258532980,1258539881,6901
27417,1258533473,1258539920,6447
27418,1258535288,1258540574,5286
27419,1258537781,1258541454,3673
27420,1258537972,1258541460,3488
27421,1258538042,1258542192,4150
27422,1258539881,1258543079,3198
27423,1258539920,1258543756,3836
27424,1258540574,1258545155,4581
27425,1258541454,1258545373,3919
27426,1258541460,1258545995,4535
27427,1258542192,1258546514,4322
27428,1258543079,1258546608,3529
27429,1258543756,1258547453,3697
27430,1258545155,1258547662,2507
27431,1258545373,1258550881,5508
27432,1258545995,1258551225,5230
27433,1258546514,1258551463,4949
27434,1258546608,1258551880,5272
27435,1258547453,1258553551,6098
27436,1258547662,1258555798,8136
27437,1258550881,1258557584,6703
27438,1258551225,1258557766,6541
27439,1258551463,1258558204,6741
27440,1258551880,1258558960,7080
27441,1258553551,1258563998,10447
27442,1258555798,1258565795,9997
27443,1258557584,1258566771,9187
27444,1258557766,1258566809,9043
27445,1258558204,1258567452,9248
27446,1258558960,1258567622,8662
27447,1258563998,1258568805,4807
27448,1258565795,1258569319,3524
27449,1258566771,1258571297,4526
27450,1258566809,1258571933,5124
27451,1258567452,1258575150,7698
27452,1258567622,1258575884,8262
27453,1258568805,1258576177,7372
27454,1258569319,1258576411,7092
27455,1258571297,1258577492,6195
27456,1258571933,1258582180,10247
27457,1258575150,1258583536,8386
27458,1258575884,1258585593,9709
27459,1258576177,1258586796,10619
27460,1258576411,1258587517,11106
27461,1258577492,1258588236,10744
27462,1258582180,1258588277,6097
27463,1258583536,1258588524,4988
27464,1258585593,1258588874,3281
27465,1258586796,1258589163,2367
27466,1258587517,1258590137,2620
27467,1258588236,1258591394,3158
27468,1258588277,1258592826,4549
27469,1258588524,1258593381,4857
27470,1258588874,1258594629,5755
27471,1258589163,1258595674,6511
27472,1258590137,1258597530,7393
27473,1258591394,1258597843,6449
27474,1258592826,1258600190,7364
27475,1258593381,1258601047,7666
27476,1258594629,1258602411,7782
27477,1258595674,1258603160,7486
27478,1258597530,1258606302,8772
27479,1258597843,1258607868,10025
27480,1258600190,1258609545,9355
27481,1258601047,1258610092,9045
27482,1258602411,1258610532,8121
27483,1258603160,1258612139,8979
27484,1258606302,1258613187,6885
27485,1258607868,1258614635,6767
27486,1258609545,1258615740,6195
27487,1258610092,1258616420,6328
27488,1258610532,1258616841,6309
27489,1258612139,1258619530,7391
27490,1258613187,1258620237,7050
27491,1258614635,1258620337,5702
27492,1258615740,1258623039,7299
27493,1258616420,1258623233,6813
27494,1258616841,1258623368,6527
27495,1258619530,1258624629,5099
27496,1258620237,1258626120,5883
27497,1258620337,1258630273,9936
27498,1258623039,1258630335,7296
27499,1258623233,1258631534,8301
27500,1258623368,1258632798,9430
27501,1258624629,1258633119,8490
27502,1258626120,1258635860,9740
27503,1258630273,1258636050,5777
27504,1258630335,1258636296,5961
27505,1258631534,1258638103,6569
27506,1258632798,1258638746,5948
27507,1258633119,1258641903,8784
27508,1258635860,1258642530,6670
27509,1258636050,1258642694,6644
27510,1258636296,1258642975,6679
27511,1258638103,1258645585,7482
27512,1258638746,1258646010,7264
27513,1258641903,1258646586,4683
27514,1258642530,1258648642,6112
27515,1258642694,1258648807,6113
27516,1258642975,1258648871,5896
27517,1258645585,1258651311,5726
27518,1258646010,1258651329,5319
27519,1258646586,1258652060,5474
27520,1258648642,1258655138,6496
27521,1258648807,1258658283,9476
27522,1258648871,1258658348,9477
27523,1258651311,1258659221,7910
27524,1258651329,1258660277,8948
27525,1258652060,1258663097,11037
27526,1258655138,1258663915,8777
27527,1258658283,1258664679,6396
27528,1258658348,1258666161,7813
27529,1258659221,1258668966,9745
27530,1258660277,1258669999,9722
27531,1258663097,1258671238,8141
27532,1258663915,1258672056,8141
27533,1258664679,1258674382,9703
27534,1258666161,1258676559,10398
27535,1258668966,1258676806,7840
27536,1258669999,1258677714,7715
27537,1258671238,1258677812,6574
27538,1258672056,1258678969,6913
27539,1258674382,1258679383,5001
27540,1258676559,1258679589,3030
27541,1258676806,1258679983,3177
27542,1258677714,1258681769,4055
27543,1258677812,1258682588,4776
27544,1258678969,1258684484,5515
27545,1258679383,1258685777,6394
27546,1258679589,1258687673,8084
27547,1258679983,1258688216,8233
27548,1258681769,1258688361,6592
27549,1258682588,1258688951,6363
27550,1258684484,1258690290,5806
27551,1258685777,1258693047,7270
27552,1258687673,1258693367,5694
27553,1258688216,1258693862,5646
27554,1258688361,1258695093,6732
27555,1258688951,1258695186,6235
27556,1258690290,1258697307,7017
27557,1258693047,1258698801,5754
27558,1258693367,1258699547,6180
27559,1258693862,1258700533,6671
27560,1258695093,1258702667,7574
27561,1258695186,1258705523,10337
27562,1258697307,1258705867,8560
27563,1258698801,1258707318,8517
27564,1258699547,1258707815,8268
27565,1258700533,1258709950,9417
27566,1258702667,1258710477,7810
27567,1258705523,1258710492,4969
27568,1258705867,1258711124,5257
27569,1258707318,1258712001,4683
27570,1258707815,1258712590,4775
27571,1258709950,1258714350,4400
27572,1258710477,1258715153,4676
27573,1258710492,1258715701,5209
27574,1258711124,1258716678,5554
27575,1258712001,1258717009,5008
27576,1258712590,1258718362,5772
27577,1258714350,1258718946,4596
27578,1258715153,1258719730,4577
27579,1258715701,1258721636,5935
27580,1258716678,1258723243,6565
27581,1258717009,1258724010,7001
27582,1258718362,1258724249,5887
27583,1258718946,1258725634,6688
27584,1258719730,1258726326,6596
27585,1258721636,1258726540,4904
27586,1258723243,1258727328,4085
27587,1258724010,1258727983,3973
27588,1258724249,1258729756,5507
27589,1258725634,1258730034,4400
27590,1258726326,1258730456,4130
27591,1258726540,1258731037,4497
27592,1258727328,1258732204,4876
27593,1258727983,1258733421,5438
27594,1258729756,1258734335,4579
27595,1258730034,1258735403,5369
27596,1258730456,1258735948,5492
27597,1258731037,1258736798,5761
27598,1258732204,1258738951,6747
27599,1258733421,1258739035,5614
27600,1258734335,1258740490,6155
27601,1258735403,1258740602,5199
27602,1258735948,1258741774,5826
27603,1258736798,1258742056,5258
27604,1258738951,1258742644,3693
27605,1258739035,1258744652,5617
27606,1258740490,1258746623,6133
27607,1258740602,1258746716,6114
27608,1258741774,1258747014,5240
27609,1258742056,1258747165,5109
27610,1258742644,1258747866,5222
27611,1258744652,1258749498,4846
27612,1258746623,1258750278,3655
27613,1258746716,1258751994,5278
27614,1258747014,1258753414,6400
27615,1258747165,1258756017,8852
27616,1258747866,1258757112,9246
27617,1258749498,1258757730,8232
27618,1258750278,1258759039,8761
27619,1258751994,1258760592,8598
27620,1258753414,1258762202,8788
27621,1258756017,1258762403,6386
27622,1258757112,1258763124,6012
27623,1258757730,1258764112,6382
27624,1258759039,1258766029,6990
27625,1258760592,1258766749,6157
27626,1258762202,1258768093,5891
27627,1258762403,1258768188,5785
27628,1258763124,1258768981,5857
27629,1258764112,1258771763,7651
27630,1258766029,1258772076,6047
27631,1258766749,1258772436,5687
27632,1258768093,1258776318,8225
27633,1258768188,1258776767,8579
27634,1258768981,1258779471,10490
27635,1258771763,1258781391,9628
27636,1258772076,1258782601,10525
27637,1258772436,1258783205,10769
27638,1258776318,1258784208,7890
27639,1258776767,1258784853,8086
27640,1258779471,1258785587,6116
27641,1258781391,1258786127,4736
27642,1258782601,1258787586,4985
27643,1258783205,1258790573,7368
27644,1258784208,1258791094,6886
27645,1258784853,1258791882,7029
27646,1258785587,1258791939,6352
27647,1258786127,1258792183,6056
27648,1258787586,1258792608,5022
27649,1258790573,1258792588,2015
27650,1258791094,1258793664,2570
27651,1258791882,1258795439,3557
27652,1258791939,1258796582,4643
27653,1258792183,1258797888,5705
27654,1258792588,1258797978,5390
27655,1258792608,1258798090,5482
27656,1258793664,1258799645,5981
27657,1258795439,1258801544,6105
27658,1258796582,1258804152,7570
27659,1258797888,1258805013,7125
27660,1258797978,1258806544,8566
27661,1258798090,1258806721,8631
27662,1258799645,1258806860,7215
27663,1258801544,1258808157,6613
27664,1258804152,1258808555,4403
27665,1258805013,1258809113,4100
27666,1258806544,1258811065,4521
27667,1258806721,1258813169,6448
27668,1258806860,1258815386,8526
27669,1258808157,1258818801,10644
27670,1258808555,1258819074,10519
27671,1258809113,1258819403,10290
27672,1258811065,1258819916,8851
27673,1258813169,1258819978,6809
27674,1258815386,1258821664,6278
27675,1258818801,1258823984,5183
27676,1258819074,1258824488,5414
27677,1258819403,1258825476,6073
27678,1258819916,1258827179,7263
27679,1258819978,1258830391,10413
27680,1258821664,1258831608,9944
27681,1258823984,1258832233,8249
27682,1258824488,1258832359,7871
27683,1258825476,1258835679,10203
27684,1258827179,1258836006,8827
27685,1258830391,1258836392,6001
27686,1258831608,1258840431,8823
27687,1258832233,1258840902,8669
27688,1258832359,1258841554,9195
27689,1258835679,1258844451,8772
27690,1258836006,1258845105,9099
27691,1258836392,1258847139,10747
27692,1258840431,1258847736,7305
27693,1258840902,1258848289,7387
27694,1258841554,1258848628,7074
27695,1258844451,1258849027,4576
27696,1258845105,1258849875,4770
27697,1258847139,1258851028,3889
27698,1258847736,1258851739,4003
27699,1258848289,1258851972,3683
27700,1258848628,1258852508,3880
27701,1258849027,1258854739,5712
27702,1258849875,1258855910,6035
27703,1258851028,1258857100,6072
27704,1258851739,1258857369,5630
27705,1258851972,1258857849,5877
27706,1258852508,1258858163,5655
27707,1258854739,1258858925,4186
27708,1258855910,1258859485,3575
27709,1258857100,1258859693,2593
27710,1258857369,1258860274,2905
27711,1258857849,1258861209,3360
27712,1258858163,1258861252,3089
27713,1258858925,1258861313,2388
27714,1258859485,1258861423,1938
27715,1258859693,1258862044,2351
27716,1258860274,1258862479,2205
27717,1258861209,1258862950,1741
27718,1258861252,1258863310,2058
27719,1258861313,1258864110,2797
27720,1258861423,1258865415,3992
27721,1258862044,1258866002,3958
27722,1258862479,1258868044,5565
27723,1258862950,1258868085,5135
27724,1258863310,1258868549,5239
27725,1258864110,1258868594,4484
27726,1258865415,1258869973,4558
27727,1258866002,1258870876,4874
27728,1258868044,1258872106,4062
27729,1258868085,1258872211,4126
27730,1258868549,1258873378,4829
27731,1258868594,1258873601,5007
27732,1258869973,1258875948,5975
27733,1258870876,1258878925,8049
27734,1258872106,1258879013,6907
27735,1258872211,1258879631,7420
27736,1258873378,1258879734,6356
27737,1258873601,1258880100,6499
27738,1258875948,1258880367,4419
27739,1258878925,1258881380,2455
27740,1258879013,1258881752,2739
27741,1258879631,1258882274,2643
27742,1258879734,1258882594,2860
27743,1258880100,1258883711,3611
27744,1258880367,1258884426,4059
27745,1258881380,1258884625,3245
27746,1258881752,1258884681,2929
27747,1258882274,1258884794,2520
27748,1258882594,1258885839,3245
27749,1258883711,1258886217,2506
27750,1258884426,1258888194,3768
27751,1258884625,1258889937,5312
27752,1258884681,1258891018,6337
27753,1258884794,1258891014,6220
27754,1258885839,1258891095,5256
27755,1258886217,1258892027,5810
27756,1258888194,1258892578,4384
27757,1258889937,1258893635,3698
27758,1258891014,1258895735,4721
27759,1258891018,1258896178,5160
27760,1258891095,1258897330,6235
27761,1258892027,1258898108,6081
27762,1258892578,1258898147,5569
27763,1258893635,1258898226,4591
27764,1258895735,1258898313,2578
27765,1258896178,1258898917,2739
27766,1258897330,1258900728,3398
27767,1258898108,1258901440,3332
27768,1258898147,1258903247,5100
27769,1258898226,1258903377,5151
27770,1258898313,1258904798,6485
27771,1258898917,1258905049,6132
27772,1258900728,1258906941,6213
27773,1258901440,1258909594,8154
27774,1258903247,1258909712,6465
27775,1258903377,1258910110,6733
27776,1258904798,1258910370,5572
27777,1258905049,1258910928,5879
27778,1258906941,1258911792,4851
27779,1258909594,1258915557,5963
27780,1258909712,1258917370,7658
27781,1258910110,1258918495,8385
27782,1258910370,1258920598,10228
27783,1258910928,1258921074,10146
27784,1258911792,1258921547,9755
27785,1258915557,1258922180,6623
27786,1258917370,1258922609,5239
27787,1258918495,1258922802,4307
27788,1258920598,1258923006,2408
27789,1258921074,1258924907,3833
27790,1258921547,1258925456,3909
27791,1258922180,1258926630,4450
27792,1258922609,1258926771,4162
27793,1258922802,1258927911,5109
27794,1258923006,1258929549,6543
27795,1258924907,1258929915,5008
27796,1258925456,1258930414,4958
27797,1258926630,1258931399,4769
27798,1258926771,1258933832,7061
27799,1258927911,1258934481,6570
27800,1258929549,1258935056,5507
27801,1258929915,1258936335,6420
27802,1258930414,1258936438,6024
27803,1258931399,1258938409,7010
27804,1258933832,1258939620,5788
27805,1258934481,1258940254,5773
27806,1258935056,1258940269,5213
27807,1258936335,1258940613,4278
27808,1258936438,1258941263,4825
27809,1258938409,1258943287,4878
27810,1258939620,1258943502,3882
27811,1258940254,1258943556,3302
27812,1258940269,1258943803,3534
27813,1258940613,1258944325,3712
27814,1258941263,1258945468,4205
27815,1258943287,1258945743,2456
27816,1258943502,1258947532,4030
27817,1258943556,1258948452,4896
27818,1258943803,1258948990,5187
27819,1258944325,1258949717,5392
27820,1258945468,1258951001,5533
27821,1258945743,1258950995,5252
27822,1258947532,1258951367,3835
27823,1258948452,1258951839,3387
27824,1258948990,1258952919,3929
27825,1258949717,1258953448,3731
27826,1258950995,1258954841,3846
27827,1258951001,1258955044,4043
27828,1258951367,1258955779,4412
27829,1258951839,1258956058,4219
27830,1258952919,1258956954,4035
27831,1258953448,1258957215,3767
27832,1258954841,1258958084,3243
27833,1258955044,1258958479,3435
27834,1258955779,1258960116,4337
27835,1258956058,1258960153,4095
27836,1258956954,1258960695,3741
27837,1258957215,1258960777,3562
27838,1258958084,1258960818,2734
27839,1258958479,1258961509,3030
27840,1258960116,1258962414,2298
27841,1258960153,1258962447,2294
27842,1258960695,1258963303,2608
27843,1258960777,1258965618,4841
27844,1258960818,1258965836,5018
27845,1258961509,1258968178,6669
27846,1258962414,1258968494,6080
27847,1258962447,1258970517,8070
27848,1258963303,1258970841,7538
27849,1258965618,1258971524,5906
27850,1258965836,1258971915,6079
27851,1258968178,1258972298,4120
27852,1258968494,1258975777,7283
27853,1258970517,1258978731,8214
27854,1258970841,1258979666,8825
27855,1258971524,1258982046,10522
27856,1258971915,1258982500,10585
27857,1258972298,1258983845,11547
27858,1258975777,1258984672,8895
27859,1258978731,1258984970,6239
27860,1258979666,1258984986,5320
27861,1258982046,1258985359,3313
27862,1258982500,1258986417,3917
27863,1258983845,1258987044,3199
27864,1258984672,1258989478,4806
27865,1258984970,1258989786,4816
27866,1258984986,1258992479,7493
27867,1258985359,1258992712,7353
27868,1258986417,1258992842,6425
27869,1258987044,1258993964,6920
27870,1258989478,1258995058,5580
27871,1258989786,1258997038,7252
27872,1258992479,1258997416,4937
27873,1258992712,1258997947,5235
27874,1258992842,1258998140,5298
27875,1258993964,1259001004,7040
27876,1258995058,1259002689,7631
27877,1258997038,1259006476,9438
27878,1258997416,1259009194,11778
27879,1258997947,1259009275,11328
27880,1258998140,1259010713,12573
27881,1259001004,1259011217,10213
27882,1259002689,1259011357,8668
27883,1259006476,1259011438,4962
27884,1259009194,1259013188,3994
27885,1259009275,1259013217,3942
27886,1259010713,1259013623,2910
27887,1259011217,1259013742,2525
27888,1259011357,1259014158,2801
27889,1259011438,1259016446,5008
27890,1259013188,1259017398,4210
27891,1259013217,1259018069,4852
27892,1259013623,1259018510,4887
27893,1259013742,1259018996,5254
27894,1259014158,1259020403,6245
27895,1259016446,1259021268,4822
27896,1259017398,1259021540,4142
27897,1259018069,1259023467,5398
27898,1259018510,1259025202,6692
27899,1259018996,1259025987,6991
27900,1259020403,1259027546,7143
27901,1259021268,1259028413,7145
27902,1259021540,1259029274,7734
27903,1259023467,1259029789,6322
27904,1259025202,1259029799,4597
27905,1259025987,1259029922,3935
27906,1259027546,1259030345,2799
27907,1259028413,1259030507,2094
27908,1259029274,1259032021,2747
27909,1259029789,1259032125,2336
27910,1259029799,1259032265,2466
27911,1259029922,1259032339,2417
27912,1259030345,1259034427,4082
27913,1259030507,1259034675,4168
27914,1259032021,1259036091,4070
27915,1259032125,1259036150,4025
27916,1259032265,1259036233,3968
27917,1259032339,1259037040,4701
27918,1259034427,1259037122,2695
27919,1259034675,1259037462,2787
27920,1259036091,1259037730,1639
27921,1259036150,1259038535,2385
27922,1259036233,1259039035,2802
27923,1259037040,1259039425,2385
27924,1259037122,1259040200,3078
27925,1259037462,1259042316,4854
27926,1259037730,1259045350,7620
27927,1259038535,1259045996,7461
27928,1259039035,1259046286,7251
27929,1259039425,1259047039,7614
27930,1259040200,1259048607,8407
27931,1259042316,1259049648,7332
27932,1259045350,1259049882,4532
27933,1259045996,1259050284,4288
27934,1259046286,1259050457,4171
27935,1259047039,1259050536,3497
27936,1259048607,1259050664,2057
27937,1259049648,1259051513,1865
27938,1259049882,1259052524,2642
27939,1259050284,1259052956,2672
27940,1259050457,1259053101,2644
27941,1259050536,1259053420,2884
27942,1259050664,1259055001,4337
27943,1259051513,1259055917,4404
27944,1259052524,1259059481,6957
27945,1259052956,1259059573,6617
27946,1259053101,1259060157,7056
27947,1259053420,1259060320,6900
27948,1259055001,1259060794,5793
27949,1259055917,1259062798,6881
27950,1259059481,1259063128,3647
27951,1259059573,1259063745,4172
27952,1259060157,1259065249,5092
27953,1259060320,1259067508,7188
27954,1259060794,1259067762,6968
27955,1259062798,1259068337,5539
27956,1259063128,1259068955,5827
27957,1259063745,1259070277,6532
27958,1259065249,1259071348,6099
27959,1259067508,1259072217,4709
27960,1259067762,1259072972,5210
27961,1259068337,1259074043,5706
27962,1259068955,1259074255,5300
27963,1259070277,1259074444,4167
27964,1259071348,1259075546,4198
27965,1259072217,1259076233,4016
27966,1259072972,1259076992,4020
27967,1259074043,1259077914,3871
27968,1259074255,1259080923,6668
27969,1259074444,1259081118,6674
27970,1259075546,1259082669,7123
27971,1259076233,1259083106,6873
27972,1259076992,1259083882,6890
27973,1259077914,1259084356,6442
27974,1259080923,1259084689,3766
27975,1259081118,1259084748,3630
27976,1259082669,1259086105,3436
27977,1259083106,1259086900,3794
27978,1259083882,1259089363,5481
27979,1259084356,1259091131,6775
27980,1259084689,1259092635,7946
27981,1259084748,1259094646,9898
27982,1259086105,1259095237,9132
27983,1259086900,1259098384,11484
27984,1259089363,1259100230,10867
27985,1259091131,1259102628,11497
27986,1259092635,1259105496,12861
27987,1259094646,1259106174,11528
27988,1259095237,1259107850,12613
27989,1259098384,1259107936,9552
27990,1259100230,1259108709,8479
27991,1259102628,1259110835,8207
27992,1259105496,1259111183,5687
27993,1259106174,1259112008,5834
27994,1259107850,1259112428,4578
27995,1259107936,1259113424,5488
27996,1259108709,1259115280,6571
27997,1259110835,1259115392,4557
27998,1259111183,1259116034,4851
27999,1259112008,1259116595,4587
28000,1259112428,1259116698,4270
28001,1259113424,1259116974,3550
28002,1259115280,1259117538,2258
28003,1259115392,1259121334,5942
28004,1259116034,1259121621,5587
28005,1259116595,1259121949,5354
28006,1259116698,1259122093,5395
28007,1259116974,1259122159,5185
28008,1259117538,1259122885,5347
28009,1259121334,1259123615,2281
28010,1259121621,1259123655,2034
28011,1259121949,1259123867,1918
28012,1259122093,1259124167,2074
28013,1259122159,1259124843,2684
28014,1259122885,1259126421,3536
28015,1259123615,1259126771,3156
28016,1259123655,1259127053,3398
28017,1259123867,1259129472,5605
28018,1259124167,1259130017,5850
28019,1259124843,1259130421,5578
28020,1259126421,1259131244,4823
28021,1259126771,1259131568,4797
28022,1259127053,1259132325,5272
28023,1259129472,1259134968,5496
28024,1259130017,1259136847,6830
28025,1259130421,1259137623,7202
28026,1259131244,1259138193,6949
28027,1259131568,1259139640,8072
28028,1259132325,1259142612,10287
28029,1259134968,1259143110,8142
28030,1259136847,1259143280,6433
28031,1259137623,1259143310,5687
28032,1259138193,1259144017,5824
28033,1259139640,1259145366,5726
28034,1259142612,1259145461,2849
28035,1259143110,1259147532,4422
28036,1259143280,1259149041,5761
28037,1259143310,1259149842,6532
28038,1259144017,1259151958,7941
28039,1259145366,1259152308,6942
28040,1259145461,1259153230,7769
28041,1259147532,1259153560,6028
28042,1259149041,1259154111,5070
28043,1259149842,1259154402,4560
28044,1259151958,1259155475,3517
28045,1259152308,1259156286,3978
28046,1259153230,1259156333,3103
28047,1259153560,1259156611,3051
28048,1259154111,1259158461,4350
28049,1259154402,1259160035,5633
28050,1259155475,1259161247,5772
28051,1259156286,1259161931,5645
28052,1259156333,1259162700,6367
28053,1259156611,1259163552,6941
28054,1259158461,1259163570,5109
28055,1259160035,1259165157,5122
28056,1259161247,1259167208,5961
28057,1259161931,1259167986,6055
28058,1259162700,1259169753,7053
28059,1259163552,1259169895,6343
28060,1259163570,1259170670,7100
28061,1259165157,1259171342,6185
28062,1259167208,1259174177,6969
28063,1259167986,1259175445,7459
28064,1259169753,1259176091,6338
28065,1259169895,1259176300,6405
28066,1259170670,1259178093,7423
28067,1259171342,1259178150,6808
28068,1259174177,1259178304,4127
28069,1259175445,1259178914,3469
28070,1259176091,1259180361,4270
28071,1259176300,1259180781,4481
28072,1259178093,1259183273,5180
28073,1259178150,1259185080,6930
28074,1259178304,1259187931,9627
28075,1259178914,1259192044,13130
28076,1259180361,1259192159,11798
28077,1259180781,1259192413,11632
28078,1259183273,1259193687,10414
28079,1259185080,1259194251,9171
28080,1259187931,1259194911,6980
28081,1259192044,1259195834,3790
28082,1259192159,1259195981,3822
28083,1259192413,1259198148,5735
28084,1259193687,1259198435,4748
28085,1259194251,1259199335,5084
28086,1259194911,1259200240,5329
28087,1259195834,1259201284,5450
28088,1259195981,1259201788,5807
28089,1259198148,1259203247,5099
28090,1259198435,1259205344,6909
28091,1259199335,1259205791,6456
28092,1259200240,1259206828,6588
28093,1259201284,1259207569,6285
28094,1259201788,1259208828,7040
28095,1259203247,1259209624,6377
28096,1259205344,1259209802,4458
28097,1259205791,1259210038,4247
28098,1259206828,1259212459,5631
28099,1259207569,1259213552,5983
28100,1259208828,1259213789,4961
28101,1259209624,1259214556,4932
28102,1259209802,1259214813,5011
28103,1259210038,1259215542,5504
28104,1259212459,1259216443,3984
28105,1259213552,1259217165,3613
28106,1259213789,1259218499,4710
28107,1259214556,1259219504,4948
28108,1259214813,1259221431,6618
28109,1259215542,1259223208,7666
28110,1259216443,1259225533,9090
28111,1259217165,1259226296,9131
28112,1259218499,1259228160,9661
28113,1259219504,1259228204,8700
28114,1259221431,1259230444,9013
28115,1259223208,1259231389,8181
28116,1259225533,1259234469,8936
28117,1259226296,1259235723,9427
28118,1259228160,1259236859,8699
28119,1259228204,1259237613,9409
28120,1259230444,1259238530,8086
28121,1259231389,1259239273,7884
28122,1259234469,1259240007,5538
28123,1259235723,1259240042,4319
28124,1259236859,1259241346,4487
28125,1259237613,1259241581,3968
28126,1259238530,1259243023,4493
28127,1259239273,1259244568,5295
28128,1259240007,1259244980,4973
28129,1259240042,1259246791,6749
28130,1259241346,1259247704,6358
28131,1259241581,1259248583,7002
28132,1259243023,1259248589,5566
28133,1259244568,1259250212,5644
28134,1259244980,1259253123,8143
28135,1259246791,1259253307,6516
28136,1259247704,1259253809,6105
28137,1259248583,1259254241,5658
28138,1259248589,1259254670,6081
28139,1259250212,1259254820,4608
28140,1259253123,1259259621,6498
28141,1259253307,1259260802,7495
28142,1259253809,1259261334,7525
28143,1259254241,1259261977,7736
28144,1259254670,1259262402,7732
28145,1259254820,1259263687,8867
28146,1259259621,1259265340,5719
28147,1259260802,1259265562,4760
28148,1259261334,1259267455,6121
28149,1259261977,1259267921,5944
28150,1259262402,1259269234,6832
28151,1259263687,1259269508,5821
28152,1259265340,1259269525,4185
28153,1259265562,1259269758,4196
28154,1259267455,1259271369,3914
28155,1259267921,1259272333,4412
28156,1259269234,1259275149,5915
28157,1259269508,1259275311,5803
28158,1259269525,1259277147,7622
28159,1259269758,1259277376,7618
28160,1259271369,1259277971,6602
28161,1259272333,1259279195,6862
28162,1259275149,1259280135,4986
28163,1259275311,1259283818,8507
28164,1259277147,1259284219,7072
28165,1259277376,1259285575,8199
28166,1259277971,1259287975,10004
28167,1259279195,1259288905,9710
28168,1259280135,1259289815,9680
28169,1259283818,1259293712,9894
28170,1259284219,1259293958,9739
28171,1259285575,1259295397,9822
28172,1259287975,1259296360,8385
28173,1259288905,1259297301,8396
28174,1259289815,1259297487,7672
28175,1259293712,1259297552,3840
28176,1259293958,1259301957,7999
28177,1259295397,1259304964,9567
28178,1259296360,1259305871,9511
28179,1259297301,1259306056,8755
28180,1259297487,1259306549,9062
28181,1259297552,1259308002,10450
28182,1259301957,1259309500,7543
28183,1259304964,1259309893,4929
28184,1259305871,1259309999,4128
28185,1259306056,1259310119,4063
28186,1259306549,1259310556,4007
28187,1259308002,1259311580,3578
28188,1259309500,1259311670,2170
28189,1259309893,1259312414,2521
28190,1259309999,1259313038,3039
28191,1259310119,1259313933,3814
28192,1259310556,1259314118,3562
28193,1259311580,1259314506,2926
28194,1259311670,1259316525,4855
28195,1259312414,1259317392,4978
28196,1259313038,1259318051,5013
28197,1259313933,1259319624,5691
28198,1259314118,1259320861,6743
28199,1259314506,1259321347,6841
28200,1259316525,1259323402,6877
28201,1259317392,1259326222,8830
28202,1259318051,1259331165,13114
28203,1259319624,1259331384,11760
28204,1259320861,1259332249,11388
28205,1259321347,1259334827,13480
28206,1259323402,1259335348,11946
28207,1259326222,1259337410,11188
28208,1259331165,1259338145,6980
28209,1259331384,1259338335,6951
28210,1259332249,1259340947,8698
28211,1259334827,1259341974,7147
28212,1259335348,1259343384,8036
28213,1259337410,1259343597,6187
28214,1259338145,1259345360,7215
28215,1259338335,1259349106,10771
28216,1259340947,1259349479,8532
28217,1259341974,1259350183,8209
28218,1259343384,1259353030,9646
28219,1259343597,1259353190,9593
28220,1259345360,1259356611,11251
28221,1259349106,1259356746,7640
28222,1259349479,1259357797,8318
28223,1259350183,1259358448,8265
28224,1259353030,1259358667,5637
28225,1259353190,1259359317,6127
28226,1259356611,1259359423,2812
28227,1259356746,1259360734,3988
28228,1259357797,1259361664,3867
28229,1259358448,1259361829,3381
28230,1259358667,1259361962,3295
28231,1259359317,1259363704,4387
28232,1259359423,1259364640,5217
28233,1259360734,1259365019,4285
28234,1259361664,1259365675,4011
28235,1259361829,1259366362,4533
28236,1259361962,1259367349,5387
28237,1259363704,1259367722,4018
28238,1259364640,1259368487,3847
28239,1259365019,1259368931,3912
28240,1259365675,1259370768,5093
28241,1259366362,1259371429,5067
28242,1259367349,1259373143,5794
28243,1259367722,1259374030,6308
28244,1259368487,1259374433,5946
28245,1259368931,1259375166,6235
28246,1259370768,1259375751,4983
28247,1259371429,1259376258,4829
28248,1259373143,1259376896,3753
28249,1259374030,1259376917,2887
28250,1259374433,1259378228,3795
28251,1259375166,1259379724,4558
28252,1259375751,1259380158,4407
28253,1259376258,1259380371,4113
28254,1259376896,1259380691,3795
28255,1259376917,1259380971,4054
28256,1259378228,1259382548,4320
28257,1259379724,1259383993,4269
28258,1259380158,1259385027,4869
28259,1259380371,1259386906,6535
28260,1259380691,1259387583,6892
28261,1259380971,1259391236,10265
28262,1259382548,1259391540,8992
28263,1259383993,1259392151,8158
28264,1259385027,1259393494,8467
28265,1259386906,1259396570,9664
28266,1259387583,1259397444,9861
28267,1259391236,1259398190,6954
28268,1259391540,1259400251,8711
28269,1259392151,1259401782,9631
28270,1259393494,1259401939,8445
28271,1259396570,1259404968,8398
28272,1259397444,1259406079,8635
28273,1259398190,1259406869,8679
28274,1259400251,1259408628,8377
28275,1259401782,1259409744,7962
28276,1259401939,1259410571,8632
28277,1259404968,1259412202,7234
28278,1259406079,1259413863,7784
28279,1259406869,1259415440,8571
28280,1259408628,1259418173,9545
28281,1259409744,1259419520,9776
28282,1259410571,1259420102,9531
28283,1259412202,1259420225,8023
28284,1259413863,1259420681,6818
28285,1259415440,1259421708,6268
28286,1259418173,1259423022,4849
28287,1259419520,1259425392,5872
28288,1259420102,1259426462,6360
28289,1259420225,1259426663,6438
28290,1259420681,1259426915,6234
28291,1259421708,1259427001,5293
28292,1259423022,1259428363,5341
28293,1259425392,1259432663,7271
28294,1259426462,1259432930,6468
28295,1259426663,1259437215,10552
28296,1259426915,1259437645,10730
28297,1259427001,1259439800,12799
28298,1259428363,1259441382,13019
28299,1259432663,1259443471,10808
28300,1259432930,1259444149,11219
28301,1259437215,1259444173,6958
28302,1259437645,1259446291,8646
28303,1259439800,1259448938,9138
28304,1259441382,1259450586,9204
28305,1259443471,1259452116,8645
28306,1259444149,1259452782,8633
28307,1259444173,1259452995,8822
28308,1259446291,1259453800,7509
28309,1259448938,1259454431,5493
28310,1259450586,1259456868,6282
28311,1259452116,1259459038,6922
28312,1259452782,1259459694,6912
28313,1259452995,1259460316,7321
28314,1259453800,1259461126,7326
28315,1259454431,1259461285,6854
28316,1259456868,1259462112,5244
28317,1259459038,1259462485,3447
28318,1259459694,1259463424,3730
28319,1259460316,1259465337,5021
28320,1259461126,1259467787,6661
28321,1259461285,1259468463,7178
28322,1259462112,1259469105,6993
28323,1259462485,1259473248,10763
28324,1259463424,1259474830,11406
28325,1259465337,1259479502,14165
28326,1259467787,1259479722,11935
28327,1259468463,1259481253,12790
28328,1259469105,1259484287,15182
28329,1259473248,1259489339,16091
28330,1259474830,1259489728,14898
28331,1259479502,1259490864,11362
28332,1259479722,1259491311,11589
28333,1259481253,1259493687,12434
28334,1259484287,1259495645,11358
28335,1259489339,1259495939,6600
28336,1259489728,1259496758,7030
28337,1259490864,1259498596,7732
28338,1259491311,1259500458,9147
28339,1259493687,1259503552,9865
28340,1259495645,1259503647,8002
28341,1259495939,1259505003,9064
28342,1259496758,1259506696,9938
28343,1259498596,1259511450,12854
28344,1259500458,1259511648,11190
28345,1259503552,1259511775,8223
28346,1259503647,1259513092,9445
28347,1259505003,1259515345,10342
28348,1259506696,1259515786,9090
28349,1259511450,1259516284,4834
28350,1259511648,1259516904,5256
28351,1259511775,1259521992,10217
28352,1259513092,1259522354,9262
28353,1259515345,1259523942,8597
28354,1259515786,1259528067,12281
28355,1259516284,1259530268,13984
28356,1259516904,1259532027,15123
28357,1259521992,1259532044,10052
28358,1259522354,1259533302,10948
28359,1259523942,1259533817,9875
28360,1259528067,1259533877,5810
28361,1259530268,1259534605,4337
28362,1259532027,1259534749,2722
28363,1259532044,1259535387,3343
28364,1259533302,1259535907,2605
28365,1259533817,1259536467,2650
28366,1259533877,1259538980,5103
28367,1259534605,1259540762,6157
28368,1259534749,1259541184,6435
28369,1259535387,1259541439,6052
28370,1259535907,1259544424,8517
28371,1259536467,1259544948,8481
28372,1259538980,1259545688,6708
28373,1259540762,1259547249,6487
28374,1259541184,1259547655,6471
28375,1259541439,1259548120,6681
28376,1259544424,1259548574,4150
28377,1259544948,1259550496,5548
28378,1259545688,1259551905,6217
28379,1259547249,1259552291,5042
28380,1259547655,1259552990,5335
28381,1259548120,1259555254,7134
28382,1259548574,1259556036,7462
28383,1259550496,1259556076,5580
28384,1259551905,1259556691,4786
28385,1259552291,1259559349,7058
28386,1259552990,1259559586,6596
28387,1259555254,1259559876,4622
28388,1259556036,1259561172,5136
28389,1259556076,1259561722,5646
28390,1259556691,1259563957,7266
28391,1259559349,1259564983,5634
28392,1259559586,1259566257,6671
28393,1259559876,1259568706,8830
28394,1259561172,1259569612,8440
28395,1259561722,1259570124,8402
28396,1259563957,1259570606,6649
28397,1259564983,1259571843,6860
28398,1259566257,1259574459,8202
28399,1259568706,1259575425,6719
28400,1259569612,1259578893,9281
28401,1259570124,1259582557,12433
28402,1259570606,1259582968,12362
28403,1259571843,1259583740,11897
28404,1259574459,1259584311,9852
28405,1259575425,1259586268,10843
28406,1259578893,1259586702,7809
28407,1259582557,1259587439,4882
28408,1259582968,1259588634,5666
28409,1259583740,1259588946,5206
28410,1259584311,1259589016,4705
28411,1259586268,1259589913,3645
28412,1259586702,1259590385,3683
28413,1259587439,1259591750,4311
28414,1259588634,1259592774,4140
28415,1259588946,1259592991,4045
28416,1259589016,1259593966,4950
28417,1259589913,1259595592,5679
28418,1259590385,1259597580,7195
28419,1259591750,1259598622,6872
28420,1259592774,1259599154,6380
28421,1259592991,1259599651,6660
28422,1259593966,1259599654,5688
28423,1259595592,1259599880,4288
28424,1259597580,1259604360,6780
28425,1259598622,1259606805,8183
28426,1259599154,1259607349,8195
28427,1259599651,1259608429,8778
28428,1259599654,1259608888,9234
28429,1259599880,1259609616,9736
28430,1259604360,1259610425,6065
28431,1259606805,1259611042,4237
28432,1259607349,1259612344,4995
28433,1259608429,1259613629,5200
28434,1259608888,1259617024,8136
28435,1259609616,1259617227,7611
28436,1259610425,1259620121,9696
28437,1259611042,1259620554,9512
28438,1259612344,1259620577,8233
28439,1259613629,1259623429,9800
28440,1259617024,1259625358,8334
28441,1259617227,1259625429,8202
28442,1259620121,1259627882,7761
28443,1259620554,1259627935,7381
28444,1259620577,1259632417,11840
28445,1259623429,1259632815,9386
28446,1259625358,1259637128,11770
28447,1259625429,1259638951,13522
28448,1259627882,1259638528,10646
28449,1259627935,1259642028,14093
28450,1259632417,1259643086,10669
28451,1259632815,1259643745,10930
28452,1259637128,1259645421,8293
28453,1259638528,1259646162,7634
28454,1259638951,1259648909,9958
28455,1259642028,1259650114,8086
28456,1259643086,1259650565,7479
28457,1259643745,1259651000,7255
28458,1259645421,1259651137,5716
28459,1259646162,1259654545,8383
28460,1259648909,1259655612,6703
28461,1259650114,1259657716,7602
28462,1259650565,1259659740,9175
28463,1259651000,1259659788,8788
28464,1259651137,1259659925,8788
28465,1259654545,1259660882,6337
28466,1259655612,1259662025,6413
28467,1259657716,1259664641,6925
28468,1259659740,1259665717,5977
28469,1259659788,1259666515,6727
28470,1259659925,1259670206,10281
28471,1259660882,1259671202,10320
28472,1259662025,1259670804,8779
28473,1259664641,1259671161,6520
28474,1259665717,1259672417,6700
28475,1259666515,1259675067,8552
28476,1259670206,1259676693,6487
28477,1259670804,1259677136,6332
28478,1259671161,1259677223,6062
28479,1259671202,1259678177,6975
28480,1259672417,1259678303,5886
28481,1259675067,1259680301,5234
28482,1259676693,1259682809,6116
28483,1259677136,1259683166,6030
28484,1259677223,1259684036,6813
28485,1259678177,1259685153,6976
28486,1259678303,1259685366,7063
28487,1259680301,1259687208,6907
28488,1259682809,1259688988,6179
28489,1259683166,1259689304,6138
28490,1259684036,1259689863,5827
28491,1259685153,1259691336,6183
28492,1259685366,1259692070,6704
28493,1259687208,1259692526,5318
28494,1259688988,1259693247,4259
28495,1259689304,1259694024,4720
28496,1259689863,1259695533,5670
28497,1259691336,1259695890,4554
28498,1259692070,1259696524,4454
28499,1259692526,1259698771,6245
28500,1259693247,1259699096,5849
28501,1259694024,1259699475,5451
28502,1259695533,1259700805,5272
28503,1259695890,1259701375,5485
28504,1259696524,1259702150,5626
28505,1259698771,1259702853,4082
28506,1259699096,1259703364,4268
28507,1259699475,1259703959,4484
28508,1259700805,1259707568,6763
28509,1259701375,1259708868,7493
28510,1259702150,1259709528,7378
28511,1259702853,1259709937,7084
28512,1259703364,1259710509,7145
28513,1259703959,1259710973,7014
28514,1259707568,1259711529,3961
28515,1259708868,1259713146,4278
28516,1259709528,1259712938,3410
28517,1259709937,1259714245,4308
28518,1259710509,1259717543,7034
28519,1259710973,1259717642,6669
28520,1259711529,1259718059,6530
28521,1259712938,1259719267,6329
28522,1259713146,1259719501,6355
28523,1259714245,1259719649,5404
28524,1259717543,1259719883,2340
28525,1259717642,1259720796,3154
28526,1259718059,1259722044,3985
28527,1259719267,1259722472,3205
28528,1259719501,1259724673,5172
28529,1259719649,1259724829,5180
28530,1259719883,1259724768,4885
28531,1259720796,1259727136,6340
28532,1259722044,1259728083,6039
28533,1259722472,1259728941,6469
28534,1259724673,1259731323,6650
28535,1259724768,1259731849,7081
28536,1259724829,1259734530,9701
28537,1259727136,1259734634,7498
28538,1259728083,1259734661,6578
28539,1259728941,1259735081,6140
28540,1259731323,1259735353,4030
28541,1259731849,1259735715,3866
28542,1259734530,1259736766,2236
28543,1259734634,1259738113,3479
28544,1259734661,1259738302,3641
28545,1259735081,1259739572,4491
28546,1259735353,1259739933,4580
28547,1259735715,1259740073,4358
28548,1259736766,1259742726,5960
28549,1259738113,1259742898,4785
28550,1259738302,1259744185,5883
28551,1259739572,1259745018,5446
28552,1259739933,1259745107,5174
28553,1259740073,1259745956,5883
28554,1259742726,1259746169,3443
28555,1259742898,1259747677,4779
28556,1259744185,1259747759,3574
28557,1259745018,1259748066,3048
28558,1259745107,1259748814,3707
28559,1259745956,1259748913,2957
28560,1259746169,1259749754,3585
28561,1259747677,1259750536,2859
28562,1259747759,1259750622,2863
28563,1259748066,1259752222,4156
28564,1259748814,1259752510,3696
28565,1259748913,1259753349,4436
28566,1259749754,1259754409,4655
28567,1259750536,1259755067,4531
28568,1259750622,1259755204,4582
28569,1259752222,1259755831,3609
28570,1259752510,1259756245,3735
28571,1259753349,1259757370,4021
28572,1259754409,1259759514,5105
28573,1259755067,1259760080,5013
28574,1259755204,1259763516,8312
28575,1259755831,1259763730,7899
28576,1259756245,1259764552,8307
28577,1259757370,1259766652,9282
28578,1259759514,1259768036,8522
28579,1259760080,1259768534,8454
28580,1259763516,1259769473,5957
28581,1259763730,1259770786,7056
28582,1259764552,1259773481,8929
28583,1259766652,1259774371,7719
28584,1259768036,1259774819,6783
28585,1259768534,1259775649,7115
28586,1259769473,1259775988,6515
28587,1259770786,1259776062,5276
28588,1259773481,1259776234,2753
28589,1259774371,1259778954,4583
28590,1259774819,1259780196,5377
28591,1259775649,1259780405,4756
28592,1259775988,1259781129,5141
28593,1259776062,1259782343,6281
28594,1259776234,1259783270,7036
28595,1259778954,1259783780,4826
28596,1259780196,1259784207,4011
28597,1259780405,1259787321,6916
28598,1259781129,1259787553,6424
28599,1259782343,1259787940,5597
28600,1259783270,1259788392,5122
28601,1259783780,1259790007,6227
28602,1259784207,1259790571,6364
28603,1259787321,1259791390,4069
28604,1259787553,1259792209,4656
28605,1259787940,1259794381,6441
28606,1259788392,1259794736,6344
28607,1259790007,1259797030,7023
28608,1259790571,1259798060,7489
28609,1259791390,1259801049,9659
28610,1259792209,1259804330,12121
28611,1259794381,1259804459,10078
28612,1259794736,1259805930,11194
28613,1259797030,1259808061,11031
28614,1259798060,1259809213,11153
28615,1259801049,1259809465,8416
28616,1259804330,1259812351,8021
28617,1259804459,1259812707,8248
28618,1259805930,1259812733,6803
28619,1259808061,1259812880,4819
28620,1259809213,1259815439,6226
28621,1259809465,1259815599,6134
28622,1259812351,1259816405,4054
28623,1259812707,1259817907,5200
28624,1259812733,1259818490,5757
28625,1259812880,1259818533,5653
28626,1259815439,1259818681,3242
28627,1259815599,1259819770,4171
28628,1259816405,1259821585,5180
28629,1259817907,1259824914,7007
28630,1259818490,1259825005,6515
28631,1259818533,1259825463,6930
28632,1259818681,1259825975,7294
28633,1259819770,1259826816,7046
28634,1259821585,1259828197,6612
28635,1259824914,1259829130,4216
28636,1259825005,1259830133,5128
28637,1259825463,1259831490,6027
28638,1259825975,1259831863,5888
28639,1259826816,1259833355,6539
28640,1259828197,1259834328,6131
28641,1259829130,1259834582,5452
28642,1259830133,1259836617,6484
28643,1259831490,1259836614,5124
28644,1259831863,1259837533,5670
28645,1259833355,1259837649,4294
28646,1259834328,1259839068,4740
28647,1259834582,1259840311,5729
28648,1259836614,1259840492,3878
28649,1259836617,1259840766,4149
28650,1259837533,1259842158,4625
28651,1259837649,1259843038,5389
28652,1259839068,1259844408,5340
28653,1259840311,1259847858,7547
28654,1259840492,1259851960,11468
28655,1259840766,1259852059,11293
28656,1259842158,1259852147,9989
28657,1259843038,1259852860,9822
28658,1259844408,1259855881,11473
28659,1259847858,1259856433,8575
28660,1259851960,1259856855,4895
28661,1259852059,1259857840,5781
28662,1259852147,1259857843,5696
28663,1259852860,1259858411,5551
28664,1259855881,1259858740,2859
28665,1259856433,1259858769,2336
28666,1259856855,1259859276,2421
28667,1259857840,1259859399,1559
28668,1259857843,1259860773,2930
28669,1259858411,1259861004,2593
28670,1259858740,1259861006,2266
28671,1259858769,1259861177,2408
28672,1259859276,1259862217,2941
28673,1259859399,1259862363,2964
28674,1259860773,1259864632,3859
28675,1259861004,1259866480,5476
28676,1259861006,1259868153,7147
28677,1259861177,1259868319,7142
28678,1259862217,1259868908,6691
28679,1259862363,1259869014,6651
28680,1259864632,1259869856,5224
28681,1259866480,1259869892,3412
28682,1259868153,1259870696,2543
28683,1259868319,1259871363,3044
28684,1259868908,1259873178,4270
28685,1259869014,1259874153,5139
28686,1259869856,1259874200,4344
28687,1259869892,1259875255,5363
28688,1259870696,1259875727,5031
28689,1259871363,1259875849,4486
28690,1259873178,1259876254,3076
28691,1259874153,1259877211,3058
28692,1259874200,1259879419,5219
28693,1259875255,1259881466,6211
28694,1259875727,1259881537,5810
28695,1259875849,1259881683,5834
28696,1259876254,1259881705,5451
28697,1259877211,1259888020,10809
28698,1259879419,1259890286,10867
28699,1259881466,1259890366,8900
28700,1259881537,1259892325,10788
28701,1259881683,1259896958,15275
28702,1259881705,1259904172,22467
28703,1259888020,1259905726,17706
28704,1259890286,1259906025,15739
28705,1259890366,1259919604,29238
28706,1259892325,1259922723,30398
28707,1259896958,1259924237,27279
28708,1259904172,1259927163,22991
28709,1259905726,1259927399,21673
28710,1259906025,1259927541,21516
28711,1259919604,1259930482,10878
28712,1259922723,1259932100,9377
28713,1259924237,1259935853,11616
28714,1259927163,1259936303,9140
28715,1259927399,1259937956,10557
28716,1259927541,1259939453,11912
28717,1259930482,1259940519,10037
28718,1259932100,1259944383,12283
28719,1259935853,1259945538,9685
28720,1259936303,1259946509,10206
28721,1259937956,1259948080,10124
28722,1259939453,1259948420,8967
28723,1259940519,1259952240,11721
28724,1259944383,1259955725,11342
28725,1259945538,1259957124,11586
28726,1259946509,1259957269,10760
28727,1259948080,1259957488,9408
28728,1259948420,1259959620,11200
28729,1259952240,1259963360,11120
28730,1259955725,1259964587,8862
28731,1259957124,1259971077,13953
28732,1259957269,1259971131,13862
28733,1259957488,1259972104,14616
28734,1259959620,1259974895,15275
28735,1259963360,1259977953,14593
28736,1259964587,1259978047,13460
28737,1259971077,1259978190,7113
28738,1259971131,1259979166,8035
28739,1259972104,1259981405,9301
28740,1259974895,1259982116,7221
28741,1259977953,1259983983,6030
28742,1259978047,1259993242,15195
28743,1259978190,1259994366,16176
28744,1259979166,1259994808,15642
28745,1259981405,1259995067,13662
28746,1259982116,1259995313,13197
28747,1259983983,1259996658,12675
28748,1259993242,1259997769,4527
28749,1259994366,1260003892,9526
28750,1259994808,1260007341,12533
28751,1259995067,1260008472,13405
28752,1259995313,1260008624,13311
28753,1259996658,1260008855,12197
28754,1259997769,1260009980,12211
28755,1260003892,1260010861,6969
28756,1260007341,1260011219,3878
28757,1260008472,1260011277,2805
28758,1260008624,1260012608,3984
28759,1260008855,1260012835,3980
28760,1260009980,1260015562,5582
28761,1260010861,1260016301,5440
28762,1260011219,1260016684,5465
28763,1260011277,1260017432,6155
28764,1260012608,1260021077,8469
28765,1260012835,1260022053,9218
28766,1260015562,1260022435,6873
28767,1260016301,1260022523,6222
28768,1260016684,1260023249,6565
28769,1260017432,1260024043,6611
28770,1260021077,1260024284,3207
28771,1260022053,1260030492,8439
28772,1260022435,1260032114,9679
28773,1260022523,1260032131,9608
28774,1260023249,1260032197,8948
28775,1260024043,1260036994,12951
28776,1260024284,1260038517,14233
28777,1260030492,1260039496,9004
28778,1260032114,1260039552,7438
28779,1260032131,1260040260,8129
28780,1260032197,1260041379,9182
28781,1260036994,1260041764,4770
28782,1260038517,1260041842,3325
28783,1260039496,1260043276,3780
28784,1260039552,1260045287,5735
28785,1260040260,1260046159,5899
28786,1260041379,1260048461,7082
28787,1260041764,1260048960,7196
28788,1260041842,1260049026,7184
28789,1260043276,1260051245,7969
28790,1260045287,1260051535,6248
28791,1260046159,1260054846,8687
28792,1260048461,1260055163,6702
28793,1260048960,1260055386,6426
28794,1260049026,1260055717,6691
28795,1260051245,1260056218,4973
28796,1260051535,1260056649,5114
28797,1260054846,1260059017,4171
28798,1260055163,1260059044,3881
28799,1260055386,1260059201,3815
28800,1260055717,1260059629,3912
28801,1260056218,1260059761,3543
28802,1260056649,1260059942,3293
28803,1260059017,1260060369,1352
28804,1260059044,1260063143,4099
28805,1260059201,1260064998,5797
28806,1260059629,1260065091,5462
28807,1260059761,1260066485,6724
28808,1260059942,1260066998,7056
28809,1260060369,1260067234,6865
28810,1260063143,1260067740,4597
28811,1260064998,1260070110,5112
28812,1260065091,1260070290,5199
28813,1260066485,1260072666,6181
28814,1260066998,1260074245,7247
28815,1260067234,1260076598,9364
28816,1260067740,1260077766,10026
28817,1260070110,1260079317,9207
28818,1260070290,1260081681,11391
28819,1260072666,1260081973,9307
28820,1260074245,1260083160,8915
28821,1260076598,1260083310,6712
28822,1260077766,1260084558,6792
28823,1260079317,1260084891,5574
28824,1260081681,1260084952,3271
28825,1260081973,1260085384,3411
28826,1260083160,1260086154,2994
28827,1260083310,1260086361,3051
28828,1260084558,1260087090,2532
28829,1260084891,1260087792,2901
28830,1260084952,1260088057,3105
28831,1260085384,1260089030,3646
28832,1260086154,1260089459,3305
28833,1260086361,1260090750,4389
28834,1260087090,1260091722,4632
28835,1260087792,1260092654,4862
28836,1260088057,1260093549,5492
28837,1260089030,1260094311,5281
28838,1260089459,1260094567,5108
28839,1260090750,1260095244,4494
28840,1260091722,1260097346,5624
28841,1260092654,1260098099,5445
28842,1260093549,1260099181,5632
28843,1260094311,1260099347,5036
28844,1260094567,1260099657,5090
28845,1260095244,1260100082,4838
28846,1260097346,1260101057,3711
28847,1260098099,1260101735,3636
28848,1260099181,1260102319,3138
28849,1260099347,1260103013,3666
28850,1260099657,1260103377,3720
28851,1260100082,1260103610,3528
28852,1260101057,1260104359,3302
28853,1260101735,1260105228,3493
28854,1260102319,1260105751,3432
28855,1260103013,1260109110,6097
28856,1260103377,1260109128,5751
28857,1260103610,1260109185,5575
28858,1260104359,1260109539,5180
28859,1260105228,1260110366,5138
28860,1260105751,1260110733,4982
28861,1260109110,1260111339,2229
28862,1260109128,1260111463,2335
28863,1260109185,1260111513,2328
28864,1260109539,1260111548,2009
28865,1260110366,1260111790,1424
28866,1260110733,1260112754,2021
28867,1260111339,1260113692,2353
28868,1260111463,1260114926,3463
28869,1260111513,1260117420,5907
28870,1260111548,1260118184,6636
28871,1260111790,1260118708,6918
28872,1260112754,1260119663,6909
28873,1260113692,1260119983,6291
28874,1260114926,1260120357,5431
28875,1260117420,1260121471,4051
28876,1260118184,1260122057,3873
28877,1260118708,1260122222,3514
28878,1260119663,1260122212,2549
28879,1260119983,1260122515,2532
28880,1260120357,1260123643,3286
28881,1260121471,1260126306,4835
28882,1260122057,1260128605,6548
28883,1260122212,1260129934,7722
28884,1260122222,1260130399,8177
28885,1260122515,1260131068,8553
28886,1260123643,1260132576,8933
28887,1260126306,1260133603,7297
28888,1260128605,1260134843,6238
28889,1260129934,1260136255,6321
28890,1260130399,1260137172,6773
28891,1260131068,1260137357,6289
28892,1260132576,1260139077,6501
28893,1260133603,1260139363,5760
28894,1260134843,1260140097,5254
28895,1260136255,1260140524,4269
28896,1260137172,1260140992,3820
28897,1260137357,1260141180,3823
28898,1260139077,1260141635,2558
28899,1260139363,1260142313,2950
28900,1260140097,1260145931,5834
28901,1260140524,1260146045,5521
28902,1260140992,1260146380,5388
28903,1260141180,1260147030,5850
28904,1260141635,1260147498,5863
28905,1260142313,1260148926,6613
28906,1260145931,1260151364,5433
28907,1260146045,1260152026,5981
28908,1260146380,1260152762,6382
28909,1260147030,1260153076,6046
28910,1260147498,1260153110,5612
28911,1260148926,1260153584,4658
28912,1260151364,1260155052,3688
28913,1260152026,1260155687,3661
28914,1260152762,1260156281,3519
28915,1260153076,1260156468,3392
28916,1260153110,1260156819,3709
28917,1260153584,1260157013,3429
28918,1260155052,1260157481,2429
28919,1260155687,1260157632,1945
28920,1260156281,1260159261,2980
28921,1260156468,1260160554,4086
28922,1260156819,1260161033,4214
28923,1260157013,1260161660,4647
28924,1260157481,1260164216,6735
28925,1260157632,1260164484,6852
28926,1260159261,1260165363,6102
28927,1260160554,1260165538,4984
28928,1260161033,1260167405,6372
28929,1260161660,1260169413,7753
28930,1260164216,1260170574,6358
28931,1260164484,1260173821,9337
28932,1260165363,1260174220,8857
28933,1260165538,1260174704,9166
28934,1260167405,1260175071,7666
28935,1260169413,1260176102,6689
28936,1260170574,1260177872,7298
28937,1260173821,1260178361,4540
28938,1260174220,1260178674,4454
28939,1260174704,1260178760,4056
28940,1260175071,1260179971,4900
28941,1260176102,1260182730,6628
28942,1260177872,1260182915,5043
28943,1260178361,1260186947,8586
28944,1260178674,1260187968,9294
28945,1260178760,1260189201,10441
28946,1260179971,1260189693,9722
28947,1260182730,1260190662,7932
28948,1260182915,1260191492,8577
28949,1260186947,1260192146,5199
28950,1260187968,1260194149,6181
28951,1260189201,1260195197,5996
28952,1260189693,1260195234,5541
28953,1260190662,1260195264,4602
28954,1260191492,1260195768,4276
28955,1260192146,1260196281,4135
28956,1260194149,1260196720,2571
28957,1260195197,1260196751,1554
28958,1260195234,1260197035,1801
28959,1260195264,1260197171,1907
28960,1260195768,1260197593,1825
28961,1260196281,1260199453,3172
28962,1260196720,1260199687,2967
28963,1260196751,1260199915,3164
28964,1260197035,1260202374,5339
28965,1260197171,1260202542,5371
28966,1260197593,1260202574,4981
28967,1260199453,1260203239,3786
28968,1260199687,1260203712,4025
28969,1260199915,1260204439,4524
28970,1260202374,1260206346,3972
28971,1260202542,1260206826,4284
28972,1260202574,1260207348,4774
28973,1260203239,1260209087,5848
28974,1260203712,1260210028,6316
28975,1260204439,1260210216,5777
28976,1260206346,1260210940,4594
28977,1260206826,1260211095,4269
28978,1260207348,1260211421,4073
28979,1260209087,1260211802,2715
28980,1260210028,1260212039,2011
28981,1260210216,1260212217,2001
28982,1260210940,1260212841,1901
28983,1260211095,1260213241,2146
28984,1260211421,1260213490,2069
28985,1260211802,1260213622,1820
28986,1260212039,1260214881,2842
28987,1260212217,1260215020,2803
28988,1260212841,1260215458,2617
28989,1260213241,1260215608,2367
28990,1260213490,1260216347,2857
28991,1260213622,1260216862,3240
28992,1260214881,1260217176,2295
28993,1260215020,1260218160,3140
28994,1260215458,1260219267,3809
28995,1260215608,1260219907,4299
28996,1260216347,1260220464,4117
28997,1260216862,1260220862,4000
28998,1260217176,1260221778,4602
28999,1260218160,1260222287,4127
29000,1260219267,1260223785,4518
29001,1260219907,1260224539,4632
29002,1260220464,1260225594,5130
29003,1260220862,1260226352,5490
29004,1260221778,1260227159,5381
29005,1260222287,1260227559,5272
29006,1260223785,1260227834,4049
29007,1260224539,1260228231,3692
29008,1260225594,1260229157,3563
29009,1260226352,1260229228,2876
29010,1260227159,1260229503,2344
29011,1260227559,1260229670,2111
29012,1260227834,1260231893,4059
29013,1260228231,1260232127,3896
29014,1260229157,1260233664,4507
29015,1260229228,1260235281,6053
29016,1260229503,1260237133,7630
29017,1260229670,1260237891,8221
29018,1260231893,1260238129,6236
29019,1260232127,1260238194,6067
29020,1260233664,1260238970,5306
29021,1260235281,1260239306,4025
29022,1260237133,1260239470,2337
29023,1260237891,1260239887,1996
29024,1260238129,1260240674,2545
29025,1260238194,1260242345,4151
29026,1260238970,1260242507,3537
29027,1260239306,1260244111,4805
29028,1260239470,1260244670,5200
29029,1260239887,1260246197,6310
29030,1260240674,1260246428,5754
29031,1260242345,1260246785,4440
29032,1260242507,1260247224,4717
29033,1260244111,1260248065,3954
29034,1260244670,1260249936,5266
29035,1260246197,1260250158,3961
29036,1260246428,1260250344,3916
29037,1260246785,1260251164,4379
29038,1260247224,1260252718,5494
29039,1260248065,1260253987,5922
29040,1260249936,1260254084,4148
29041,1260250158,1260256025,5867
29042,1260250344,1260256601,6257
29043,1260251164,1260257227,6063
29044,1260252718,1260258129,5411
29045,1260253987,1260258265,4278
29046,1260254084,1260258368,4284
29047,1260256025,1260258558,2533
29048,1260256601,1260259248,2647
29049,1260257227,1260259751,2524
29050,1260258129,1260259915,1786
29051,1260258265,1260260129,1864
29052,1260258368,1260260397,2029
29053,1260258558,1260262062,3504
29054,1260259248,1260262523,3275
29055,1260259751,1260262747,2996
29056,1260259915,1260263580,3665
29057,1260260129,1260263764,3635
29058,1260260397,1260263927,3530
29059,1260262062,1260263981,1919
29060,1260262523,1260266159,3636
29061,1260262747,1260266599,3852
29062,1260263580,1260267334,3754
29063,1260263764,1260268853,5089
29064,1260263927,1260269534,5607
29065,1260263981,1260269663,5682
29066,1260266159,1260271779,5620
29067,1260266599,1260273615,7016
29068,1260267334,1260275832,8498
29069,1260268853,1260277705,8852
29070,1260269534,1260278760,9226
29071,1260269663,1260278805,9142
29072,1260271779,1260280100,8321
29073,1260273615,1260281495,7880
29074,1260275832,1260281996,6164
29075,1260277705,1260283309,5604
29076,1260278760,1260284109,5349
29077,1260278805,1260284885,6080
29078,1260280100,1260284906,4806
29079,1260281495,1260286450,4955
29080,1260281996,1260287501,5505
29081,1260283309,1260287572,4263
29082,1260284109,1260288552,4443
29083,1260284885,1260289306,4421
29084,1260284906,1260290919,6013
29085,1260286450,1260292392,5942
29086,1260287501,1260293153,5652
29087,1260287572,1260293231,5659
29088,1260288552,1260293350,4798
29089,1260289306,1260293698,4392
29090,1260290919,1260294827,3908
29091,1260292392,1260295766,3374
29092,1260293153,1260295850,2697
29093,1260293231,1260296416,3185
29094,1260293350,1260296940,3590
29095,1260293698,1260300136,6438
29096,1260294827,1260300666,5839
29097,1260295766,1260300740,4974
29098,1260295850,1260300929,5079
29099,1260296416,1260301976,5560
29100,1260296940,1260302801,5861
29101,1260300136,1260303958,3822
29102,1260300666,1260304483,3817
29103,1260300740,1260305977,5237
29104,1260300929,1260306295,5366
29105,1260301976,1260306640,4664
29106,1260302801,1260307732,4931
29107,1260303958,1260308963,5005
29108,1260304483,1260309187,4704
29109,1260305977,1260311790,5813
29110,1260306295,1260311916,5621
29111,1260306640,1260312762,6122
29112,1260307732,1260312919,5187
29113,1260308963,1260314248,5285
29114,1260309187,1260314679,5492
29115,1260311790,1260315146,3356
29116,1260311916,1260315685,3769
29117,1260312762,1260319320,6558
29118,1260312919,1260319911,6992
29119,1260314248,1260320799,6551
29120,1260314679,1260321681,7002
29121,1260315146,1260321972,6826
29122,1260315685,1260322173,6488
29123,1260319320,1260322732,3412
29124,1260319911,1260323795,3884
29125,1260320799,1260324616,3817
29126,1260321681,1260325936,4255
29127,1260321972,1260326824,4852
29128,1260322173,1260327981,5808
29129,1260322732,1260329610,6878
29130,1260323795,1260330513,6718
29131,1260324616,1260331920,7304
29132,1260325936,1260332080,6144
29133,1260326824,1260332537,5713
29134,1260327981,1260335731,7750
29135,1260329610,1260337520,7910
29136,1260330513,1260337713,7200
29137,1260331920,1260338523,6603
29138,1260332080,1260338538,6458
29139,1260332537,1260340273,7736
29140,1260335731,1260341265,5534
29141,1260337520,1260343648,6128
29142,1260337713,1260343687,5974
29143,1260338523,1260344033,5510
29144,1260338538,1260344996,6458
29145,1260340273,1260346065,5792
29146,1260341265,1260347339,6074
29147,1260343648,1260347709,4061
29148,1260343687,1260348787,5100
29149,1260344033,1260349435,5402
29150,1260344996,1260350629,5633
29151,1260346065,1260350990,4925
29152,1260347339,1260351624,4285
29153,1260347709,1260351992,4283
29154,1260348787,1260352013,3226
29155,1260349435,1260352147,2712
29156,1260350629,1260354104,3475
29157,1260350990,1260354690,3700
29158,1260351624,1260355402,3778
29159,1260351992,1260355745,3753
29160,1260352013,1260356542,4529
29161,1260352147,1260356731,4584
29162,1260354104,1260357224,3120
29163,1260354690,1260357500,2810
29164,1260355402,1260357847,2445
29165,1260355745,1260358676,2931
29166,1260356542,1260360167,3625
29167,1260356731,1260361685,4954
29168,1260357224,1260365264,8040
29169,1260357500,1260365770,8270
29170,1260357847,1260366172,8325
29171,1260358676,1260367647,8971
29172,1260360167,1260369426,9259
29173,1260361685,1260370899,9214
29174,1260365264,1260373499,8235
29175,1260365770,1260374262,8492
29176,1260366172,1260374526,8354
29177,1260367647,1260375841,8194
29178,1260369426,1260376179,6753
29179,1260370899,1260377317,6418
29180,1260373499,1260377334,3835
29181,1260374262,1260377504,3242
29182,1260374526,1260378963,4437
29183,1260375841,1260381376,5535
29184,1260376179,1260382124,5945
29185,1260377317,1260382428,5111
29186,1260377334,1260382491,5157
29187,1260377504,1260383194,5690
29188,1260378963,1260385138,6175
29189,1260381376,1260386943,5567
29190,1260382124,1260389017,6893
29191,1260382428,1260389768,7340
29192,1260382491,1260391020,8529
29193,1260383194,1260391641,8447
29194,1260385138,1260391884,6746
29195,1260386943,1260392189,5246
29196,1260389017,1260394152,5135
29197,1260389768,1260394211,4443
29198,1260391020,1260395011,3991
29199,1260391641,1260395919,4278
29200,1260391884,1260396936,5052
29201,1260392189,1260397060,4871
29202,1260394152,1260397115,2963
29203,1260394211,1260398144,3933
29204,1260395011,1260398873,3862
29205,1260395919,1260399002,3083
29206,1260396936,1260399206,2270
29207,1260397060,1260399394,2334
29208,1260397115,1260399625,2510
29209,1260398144,1260400283,2139
29210,1260398873,1260401022,2149
29211,1260399002,1260401280,2278
29212,1260399206,1260402163,2957
29213,1260399394,1260403880,4486
29214,1260399625,1260404247,4622
29215,1260400283,1260405299,5016
29216,1260401022,1260407126,6104
29217,1260401280,1260407987,6707
29218,1260402163,1260408479,6316
29219,1260403880,1260409890,6010
29220,1260404247,1260410787,6540
29221,1260405299,1260411412,6113
29222,1260407126,1260412536,5410
29223,1260407987,1260413892,5905
29224,1260408479,1260414420,5941
29225,1260409890,1260414810,4920
29226,1260410787,1260416400,5613
29227,1260411412,1260416715,5303
29228,1260412536,1260418078,5542
29229,1260413892,1260418420,4528
29230,1260414420,1260419039,4619
29231,1260414810,1260419289,4479
29232,1260416400,1260422290,5890
29233,1260416715,1260422671,5956
29234,1260418078,1260423320,5242
29235,1260418420,1260424600,6180
29236,1260419039,1260425378,6339
29237,1260419289,1260425691,6402
29238,1260422290,1260427849,5559
29239,1260422671,1260432327,9656
29240,1260423320,1260433174,9854
29241,1260424600,1260433967,9367
29242,1260425378,1260435094,9716
29243,1260425691,1260435359,9668
29244,1260427849,1260435499,7650
29245,1260432327,1260436433,4106
29246,1260433174,1260437243,4069
29247,1260433967,1260437417,3450
29248,1260435094,1260440265,5171
29249,1260435359,1260440375,5016
29250,1260435499,1260440629,5130
29251,1260436433,1260440790,4357
29252,1260437243,1260440863,3620
29253,1260437417,1260441020,3603
29254,1260440265,1260441416,1151
29255,1260440375,1260443058,2683
29256,1260440629,1260443066,2437
29257,1260440790,1260443448,2658
29258,1260440863,1260443582,2719
29259,1260441020,1260445132,4112
29260,1260441416,1260445995,4579
29261,1260443058,1260446758,3700
29262,1260443066,1260448764,5698
29263,1260443448,1260449122,5674
29264,1260443582,1260449267,5685
29265,1260445132,1260449414,4282
29266,1260445995,1260449466,3471
29267,1260446758,1260450516,3758
29268,1260448764,1260450733,1969
29269,1260449122,1260450882,1760
29270,1260449267,1260451477,2210
29271,1260449414,1260453924,4510
29272,1260449466,1260454424,4958
29273,1260450516,1260456543,6027
29274,1260450733,1260457375,6642
29275,1260450882,1260458258,7376
29276,1260451477,1260460679,9202
29277,1260453924,1260462609,8685
29278,1260454424,1260464356,9932
29279,1260456543,1260464490,7947
29280,1260457375,1260464819,7444
29281,1260458258,1260465305,7047
29282,1260460679,1260465602,4923
29283,1260462609,1260465885,3276
29284,1260464356,1260466547,2191
29285,1260464490,1260467059,2569
29286,1260464819,1260467389,2570
29287,1260465305,1260467633,2328
29288,1260465602,1260467672,2070
29289,1260465885,1260467744,1859
29290,1260466547,1260469623,3076
29291,1260467059,1260469996,2937
29292,1260467389,1260470126,2737
29293,1260467633,1260470427,2794
29294,1260467672,1260471099,3427
29295,1260467744,1260472148,4404
29296,1260469623,1260476043,6420
29297,1260469996,1260476192,6196
29298,1260470126,1260476990,6864
29299,1260470427,1260479116,8689
29300,1260471099,1260480957,9858
29301,1260472148,1260481376,9228
29302,1260476043,1260481529,5486
29303,1260476192,1260482491,6299
29304,1260476990,1260483180,6190
29305,1260479116,1260483937,4821
29306,1260480957,1260484484,3527
29307,1260481376,1260484717,3341
29308,1260481529,1260486142,4613
29309,1260482491,1260486200,3709
29310,1260483180,1260487634,4454
29311,1260483937,1260487683,3746
29312,1260484484,1260487878,3394
29313,1260484717,1260487991,3274
29314,1260486142,1260488036,1894
29315,1260486200,1260489192,2992
29316,1260487634,1260489240,1606
29317,1260487683,1260490496,2813
29318,1260487878,1260491087,3209
29319,1260487991,1260491223,3232
29320,1260488036,1260491697,3661
29321,1260489192,1260492827,3635
29322,1260489240,1260493683,4443
29323,1260490496,1260494076,3580
29324,1260491087,1260494516,3429
29325,1260491223,1260495143,3920
29326,1260491697,1260496396,4699
29327,1260492827,1260496579,3752
29328,1260493683,1260496942,3259
29329,1260494076,1260498527,4451
29330,1260494516,1260498697,4181
29331,1260495143,1260498765,3622
29332,1260496396,1260499003,2607
29333,1260496579,1260499270,2691
29334,1260496942,1260499792,2850
29335,1260498527,1260500006,1479
29336,1260498697,1260500968,2271
29337,1260498765,1260503192,4427
29338,1260499003,1260503771,4768
29339,1260499270,1260504020,4750
29340,1260499792,1260504541,4749
29341,1260500006,1260505510,5504
29342,1260500968,1260506232,5264
29343,1260503192,1260506724,3532
29344,1260503771,1260508927,5156
29345,1260504020,1260509251,5231
29346,1260504541,1260509489,4948
29347,1260505510,1260510003,4493
29348,1260506232,1260510108,3876
29349,1260506724,1260510587,3863
29350,1260508927,1260512748,3821
29351,1260509251,1260513595,4344
29352,1260509489,1260513819,4330
29353,1260510003,1260513973,3970
29354,1260510108,1260514137,4029
29355,1260510587,1260514361,3774
29356,1260512748,1260514652,1904
29357,1260513595,1260514988,1393
29358,1260513819,1260515336,1517
29359,1260513973,1260515461,1488
29360,1260514137,1260515873,1736
29361,1260514361,1260517671,3310
29362,1260514652,1260517775,3123
29363,1260514988,1260518871,3883
29364,1260515336,1260519023,3687
29365,1260515461,1260519524,4063
29366,1260515873,1260519544,3671
29367,1260517671,1260519722,2051
29368,1260517775,1260520191,2416
29369,1260518871,1260521068,2197
29370,1260519023,1260521273,2250
29371,1260519524,1260521958,2434
29372,1260519544,1260522613,3069
29373,1260519722,1260523552,3830
29374,1260520191,1260523735,3544
29375,1260521068,1260526132,5064
29376,1260521273,1260526401,5128
29377,1260521958,1260527178,5220
29378,1260522613,1260527856,5243
29379,1260523552,1260529204,5652
29380,1260523735,1260529692,5957
29381,1260526132,1260530435,4303
29382,1260526401,1260531755,5354
29383,1260527178,1260532050,4872
29384,1260527856,1260532325,4469
29385,1260529204,1260532818,3614
29386,1260529692,1260533353,3661
29387,1260530435,1260533503,3068
29388,1260531755,1260534499,2744
29389,1260532050,1260534546,2496
29390,1260532325,1260534574,2249
29391,1260532818,1260535286,2468
29392,1260533353,1260535723,2370
29393,1260533503,1260535837,2334
29394,1260534499,1260538088,3589
29395,1260534546,1260538642,4096
29396,1260534574,1260538988,4414
29397,1260535286,1260539766,4480
29398,1260535723,1260540236,4513
29399,1260535837,1260540279,4442
29400,1260538088,1260540442,2354
29401,1260538642,1260542386,3744
29402,1260538988,1260543556,4568
29403,1260539766,1260544013,4247
29404,1260540236,1260544827,4591
29405,1260540279,1260545094,4815
29406,1260540442,1260545892,5450
29407,1260542386,1260547843,5457
29408,1260543556,1260548820,5264
29409,1260544013,1260549348,5335
29410,1260544827,1260551514,6687
29411,1260545094,1260553116,8022
29412,1260545892,1260553467,7575
29413,1260547843,1260554325,6482
29414,1260548820,1260555065,6245
29415,1260549348,1260556988,7640
29416,1260551514,1260558635,7121
29417,1260553116,1260558665,5549
29418,1260553467,1260560957,7490
29419,1260554325,1260563715,9390
29420,1260555065,1260564963,9898
29421,1260556988,1260565818,8830
29422,1260558635,1260567061,8426
29423,1260558665,1260567453,8788
29424,1260560957,1260567881,6924
29425,1260563715,1260568969,5254
29426,1260564963,1260571226,6263
29427,1260565818,1260571989,6171
29428,1260567061,1260573718,6657
29429,1260567453,1260576543,9090
29430,1260567881,1260576670,8789
29431,1260568969,1260576915,7946
29432,1260571226,1260577102,5876
29433,1260571989,1260577164,5175
29434,1260573718,1260577614,3896
29435,1260576543,1260577833,1290
29436,1260576670,1260580641,3971
29437,1260576915,1260581053,4138
29438,1260577102,1260581536,4434
29439,1260577164,1260581911,4747
29440,1260577614,1260582614,5000
29441,1260577833,1260583867,6034
29442,1260580641,1260583926,3285
29443,1260581053,1260584260,3207
29444,1260581536,1260584281,2745
29445,1260581911,1260584390,2479
29446,1260582614,1260585127,2513
29447,1260583867,1260586636,2769
29448,1260583926,1260586687,2761
29449,1260584260,1260586781,2521
29450,1260584281,1260588654,4373
29451,1260584390,1260589224,4834
29452,1260585127,1260589960,4833
29453,1260586636,1260590648,4012
29454,1260586687,1260590936,4249
29455,1260586781,1260592568,5787
29456,1260588654,1260593425,4771
29457,1260589224,1260594297,5073
29458,1260589960,1260595287,5327
29459,1260590648,1260596820,6172
29460,1260590936,1260597580,6644
29461,1260592568,1260597759,5191
29462,1260593425,1260601214,7789
29463,1260594297,1260602681,8384
29464,1260595287,1260604207,8920
29465,1260596820,1260604833,8013
29466,1260597580,1260606236,8656
29467,1260597759,1260606757,8998
29468,1260601214,1260606825,5611
29469,1260602681,1260607230,4549
29470,1260604207,1260607637,3430
29471,1260604833,1260610031,5198
29472,1260606236,1260610607,4371
29473,1260606757,1260610732,3975
29474,1260606825,1260611086,4261
29475,1260607230,1260611923,4693
29476,1260607637,1260613835,6198
29477,1260610031,1260613997,3966
29478,1260610607,1260615643,5036
29479,1260610732,1260616068,5336
29480,1260611086,1260618165,7079
29481,1260611923,1260618403,6480
29482,1260613835,1260619037,5202
29483,1260613997,1260619926,5929
29484,1260615643,1260620378,4735
29485,1260616068,1260621202,5134
29486,1260618165,1260621385,3220
29487,1260618403,1260621711,3308
29488,1260619037,1260622314,3277
29489,1260619926,1260622789,2863
29490,1260620378,1260624659,4281
29491,1260621202,1260625293,4091
29492,1260621385,1260627056,5671
29493,1260621711,1260627800,6089
29494,1260622314,1260628586,6272
29495,1260622789,1260629541,6752
29496,1260624659,1260630762,6103
29497,1260625293,1260630927,5634
29498,1260627056,1260632205,5149
29499,1260627800,1260632355,4555
29500,1260628586,1260632474,3888
29501,1260629541,1260632521,2980
29502,1260630762,1260632628,1866
29503,1260630927,1260632659,1732
29504,1260632205,1260633221,1016
29505,1260632355,1260634486,2131
29506,1260632474,1260635522,3048
29507,1260632521,1260636270,3749
29508,1260632628,1260637467,4839
29509,1260632659,1260637603,4944
29510,1260633221,1260638507,5286
29511,1260634486,1260639618,5132
29512,1260635522,1260640463,4941
29513,1260636270,1260640991,4721
29514,1260637467,1260641067,3600
29515,1260637603,1260641409,3806
29516,1260638507,1260642473,3966
29517,1260639618,1260643168,3550
29518,1260640463,1260643184,2721
29519,1260640991,1260644106,3115
29520,1260641067,1260644456,3389
29521,1260641409,1260645354,3945
29522,1260642473,1260646048,3575
29523,1260643168,1260646955,3787
29524,1260643184,1260647821,4637
29525,1260644106,1260650103,5997
29526,1260644456,1260650655,6199
29527,1260645354,1260650872,5518
29528,1260646048,1260651610,5562
29529,1260646955,1260651796,4841
29530,1260647821,1260652899,5078
29531,1260650103,1260653033,2930
29532,1260650655,1260653492,2837
29533,1260650872,1260653666,2794
29534,1260651610,1260657199,5589
29535,1260651796,1260657331,5535
29536,1260652899,1260657776,4877
29537,1260653033,1260659703,6670
29538,1260653492,1260661590,8098
29539,1260653666,1260662447,8781
29540,1260657199,1260662832,5633
29541,1260657331,1260662983,5652
29542,1260657776,1260663381,5605
29543,1260659703,1260665264,5561
29544,1260661590,1260665700,4110
29545,1260662447,1260665730,3283
29546,1260662832,1260667483,4651
29547,1260662983,1260667553,4570
29548,1260663381,1260667985,4604
29549,1260665264,1260668569,3305
29550,1260665700,1260669988,4288
29551,1260665730,1260670351,4621
29552,1260667483,1260672276,4793
29553,1260667553,1260672914,5361
29554,1260667985,1260673658,5673
29555,1260668569,1260673949,5380
29556,1260669988,1260674442,4454
29557,1260670351,1260678142,7791
29558,1260672276,1260678480,6204
29559,1260672914,1260678510,5596
29560,1260673658,1260678806,5148
29561,1260673949,1260678885,4936
29562,1260674442,1260679126,4684
29563,1260678142,1260680065,1923
29564,1260678480,1260680704,2224
29565,1260678510,1260684732,6222
29566,1260678806,1260685199,6393
29567,1260678885,1260686266,7381
29568,1260679126,1260686573,7447
29569,1260680065,1260686735,6670
29570,1260680704,1260687740,7036
29571,1260684732,1260688733,4001
29572,1260685199,1260689320,4121
29573,1260686266,1260691048,4782
29574,1260686573,1260691751,5178
29575,1260686735,1260693511,6776
29576,1260687740,1260694185,6445
29577,1260688733,1260695916,7183
29578,1260689320,1260696542,7222
29579,1260691048,1260696971,5923
29580,1260691751,1260697699,5948
29581,1260693511,1260698823,5312
29582,1260694185,1260699112,4927
29583,1260695916,1260701839,5923
29584,1260696542,1260704049,7507
29585,1260696971,1260704898,7927
29586,1260697699,1260705037,7338
29587,1260698823,1260706483,7660
29588,1260699112,1260707272,8160
29589,1260701839,1260707333,5494
29590,1260704049,1260709314,5265
29591,1260704898,1260710100,5202
29592,1260705037,1260711273,6236
29593,1260706483,1260712246,5763
29594,1260707272,1260712750,5478
29595,1260707333,1260713035,5702
29596,1260709314,1260713288,3974
29597,1260710100,1260713382,3282
29598,1260711273,1260714269,2996
29599,1260712246,1260715589,3343
29600,1260712750,1260715905,3155
29601,1260713035,1260716174,3139
29602,1260713288,1260716743,3455
29603,1260713382,1260716768,3386
29604,1260714269,1260716819,2550
29605,1260715589,1260716898,1309
29606,1260715905,1260719484,3579
29607,1260716174,1260719779,3605
29608,1260716743,1260720255,3512
29609,1260716768,1260721027,4259
29610,1260716819,1260721615,4796
29611,1260716898,1260722138,5240
29612,1260719484,1260723147,3663
29613,1260719779,1260723867,4088
29614,1260720255,1260724691,4436
29615,1260721027,1260724865,3838
29616,1260721615,1260725560,3945
29617,1260722138,1260725736,3598
29618,1260723147,1260726355,3208
29619,1260723867,1260727728,3861
29620,1260724691,1260728259,3568
29621,1260724865,1260728879,4014
29622,1260725560,1260729368,3808
29623,1260725736,1260729591,3855
29624,1260726355,1260730054,3699
29625,1260727728,1260730348,2620
29626,1260728259,1260731067,2808
29627,1260728879,1260731928,3049
29628,1260729368,1260732102,2734
29629,1260729591,1260732438,2847
29630,1260730054,1260732891,2837
29631,1260730348,1260733816,3468
29632,1260731067,1260734102,3035
29633,1260731928,1260734157,2229
29634,1260732102,1260734277,2175
29635,1260732438,1260736962,4524
29636,1260732891,1260737921,5030
29637,1260733816,1260738814,4998
29638,1260734102,1260739270,5168
29639,1260734157,1260739400,5243
29640,1260734277,1260739593,5316
29641,1260736962,1260740368,3406
29642,1260737921,1260741961,4040
29643,1260738814,1260742235,3421
29644,1260739270,1260743016,3746
29645,1260739400,1260743514,4114
29646,1260739593,1260744457,4864
29647,1260740368,1260745432,5064
29648,1260741961,1260745640,3679
29649,1260742235,1260745828,3593
29650,1260743016,1260746366,3350
29651,1260743514,1260747220,3706
29652,1260744457,1260748253,3796
29653,1260745432,1260748956,3524
29654,1260745640,1260749117,3477
29655,1260745828,1260749406,3578
29656,1260746366,1260749728,3362
29657,1260747220,1260749932,2712
29658,1260748253,1260750594,2341
29659,1260748956,1260750972,2016
29660,1260749117,1260752546,3429
29661,1260749406,1260754758,5352
29662,1260749728,1260757961,8233
29663,1260749932,1260760986,11054
29664,1260750594,1260761289,10695
29665,1260750972,1260761318,10346
29666,1260752546,1260761604,9058
29667,1260754758,1260761930,7172
29668,1260757961,1260763661,5700
29669,1260760986,1260764025,3039
29670,1260761289,1260764118,2829
29671,1260761318,1260764551,3233
29672,1260761604,1260765490,3886
29673,1260761930,1260766084,4154
29674,1260763661,1260766552,2891
29675,1260764025,1260768367,4342
29676,1260764118,1260771298,7180
29677,1260764551,1260774590,10039
29678,1260765490,1260775328,9838
29679,1260766084,1260777239,11155
29680,1260766552,1260778622,12070
29681,1260768367,1260779922,11555
29682,1260771298,1260780788,9490
29683,1260774590,1260781694,7104
29684,1260775328,1260781711,6383
29685,1260777239,1260784211,6972
29686,1260778622,1260784435,5813
29687,1260779922,1260785815,5893
29688,1260780788,1260785918,5130
29689,1260781694,1260787203,5509
29690,1260781711,1260787260,5549
29691,1260784211,1260788484,4273
29692,1260784435,1260789702,5267
29693,1260785815,1260789734,3919
29694,1260785918,1260791170,5252
29695,1260787203,1260791333,4130
29696,1260787260,1260791498,4238
29697,1260788484,1260792021,3537
29698,1260789702,1260792231,2529
29699,1260789734,1260793649,3915
29700,1260791170,1260794182,3012
29701,1260791333,1260795342,4009
29702,1260791498,1260795936,4438
29703,1260792021,1260797722,5701
29704,1260792231,1260798789,6558
29705,1260793649,1260801791,8142
29706,1260794182,1260803432,9250
29707,1260795342,1260804029,8687
29708,1260795936,1260804700,8764
29709,1260797722,1260804796,7074
29710,1260798789,1260805035,6246
29711,1260801791,1260805560,3769
29712,1260803432,1260805814,2382
29713,1260804029,1260806884,2855
29714,1260804700,1260807732,3032
29715,1260804796,1260807873,3077
29716,1260805035,1260808784,3749
29717,1260805560,1260808968,3408
29718,1260805814,1260810056,4242
29719,1260806884,1260811220,4336
29720,1260807732,1260811533,3801
29721,1260807873,1260811917,4044
29722,1260808784,1260812429,3645
29723,1260808968,1260812683,3715
29724,1260810056,1260812769,2713
29725,1260811220,1260813104,1884
29726,1260811533,1260813427,1894
29727,1260811917,1260813591,1674
29728,1260812429,1260816041,3612
29729,1260812683,1260816231,3548
29730,1260812769,1260816934,4165
29731,1260813104,1260817349,4245
29732,1260813427,1260817570,4143
29733,1260813591,1260818155,4564
29734,1260816041,1260818998,2957
29735,1260816231,1260820831,4600
29736,1260816934,1260821544,4610
29737,1260817349,1260821832,4483
29738,1260817570,1260822112,4542
29739,1260818155,1260824205,6050
29740,1260818998,1260824300,5302
29741,1260820831,1260824536,3705
29742,1260821544,1260825857,4313
29743,1260821832,1260827938,6106
29744,1260822112,1260828619,6507
29745,1260824205,1260828981,4776
29746,1260824300,1260830675,6375
29747,1260824536,1260830778,6242
29748,1260825857,1260832087,6230
29749,1260827938,1260833127,5189
29750,1260828619,1260833245,4626
29751,1260828981,1260833637,4656
29752,1260830675,1260833639,2964
29753,1260830778,1260834060,3282
29754,1260832087,1260834355,2268
29755,1260833127,1260835230,2103
29756,1260833245,1260835543,2298
29757,1260833637,1260835610,1973
29758,1260833639,1260837686,4047
29759,1260834060,1260838494,4434
29760,1260834355,1260841012,6657
29761,1260835230,1260842871,7641
29762,1260835543,1260843088,7545
29763,1260835610,1260843835,8225
29764,1260837686,1260844319,6633
29765,1260838494,1260844350,5856
29766,1260841012,1260844976,3964
29767,1260842871,1260845142,2271
29768,1260843088,1260845664,2576
29769,1260843835,1260846121,2286
29770,1260844319,1260846298,1979
29771,1260844350,1260846336,1986
29772,1260844976,1260846955,1979
29773,1260845142,1260847273,2131
29774,1260845664,1260847456,1792
29775,1260846121,1260848533,2412
29776,1260846298,1260849044,2746
29777,1260846336,1260850291,3955
29778,1260846955,1260852939,5984
29779,1260847273,1260853101,5828
29780,1260847456,1260853549,6093
29781,1260848533,1260853807,5274
29782,1260849044,1260854170,5126
29783,1260850291,1260855848,5557
29784,1260852939,1260856199,3260
29785,1260853101,1260856918,3817
29786,1260853549,1260857010,3461
29787,1260853807,1260858074,4267
29788,1260854170,1260858394,4224
29789,1260855848,1260859104,3256
29790,1260856199,1260859572,3373
29791,1260856918,1260859732,2814
29792,1260857010,1260862263,5253
29793,1260858074,1260863099,5025
29794,1260858394,1260863241,4847
29795,1260859104,1260865038,5934
29796,1260859572,1260866658,7086
29797,1260859732,1260866721,6989
29798,1260862263,1260868619,6356
29799,1260863099,1260869077,5978
29800,1260863241,1260869167,5926
29801,1260865038,1260869751,4713
29802,1260866658,1260870355,3697
29803,1260866721,1260871024,4303
29804,1260868619,1260872145,3526
29805,1260869077,1260873112,4035
29806,1260869167,1260873997,4830
29807,1260869751,1260876249,6498
29808,1260870355,1260876414,6059
29809,1260871024,1260876848,5824
29810,1260872145,1260877271,5126
29811,1260873112,1260877386,4274
29812,1260873997,1260877681,3684
29813,1260876249,1260878373,2124
29814,1260876414,1260879697,3283
29815,1260876848,1260880815,3967
29816,1260877271,1260880862,3591
29817,1260877386,1260881360,3974
29818,1260877681,1260881686,4005
29819,1260878373,1260883557,5184
29820,1260879697,1260883828,4131
29821,1260880815,1260885859,5044
29822,1260880862,1260887978,7116
29823,1260881360,1260888668,7308
29824,1260881686,1260888815,7129
29825,1260883557,1260889664,6107
29826,1260883828,1260890119,6291
29827,1260885859,1260890444,4585
29828,1260887978,1260891120,3142
29829,1260888668,1260891982,3314
29830,1260888815,1260892247,3432
29831,1260889664,1260893815,4151
29832,1260890119,1260894002,3883
29833,1260890444,1260894994,4550
29834,1260891120,1260895145,4025
29835,1260891982,1260895283,3301
29836,1260892247,1260896607,4360
29837,1260893815,1260896875,3060
29838,1260894002,1260897332,3330
29839,1260894994,1260897878,2884
29840,1260895145,1260898387,3242
29841,1260895283,1260898783,3500
29842,1260896607,1260899075,2468
29843,1260896875,1260899622,2747
29844,1260897332,1260902567,5235
29845,1260897878,1260902696,4818
29846,1260898387,1260903056,4669
29847,1260898783,1260903102,4319
29848,1260899075,1260904564,5489
29849,1260899622,1260905503,5881
29850,1260902567,1260907119,4552
29851,1260902696,1260908553,5857
29852,1260903056,1260909829,6773
29853,1260903102,1260910240,7138
29854,1260904564,1260912456,7892
29855,1260905503,1260912611,7108
29856,1260907119,1260912665,5546
29857,1260908553,1260912867,4314
29858,1260909829,1260913177,3348
29859,1260910240,1260913857,3617
29860,1260912456,1260915812,3356
29861,1260912611,1260917394,4783
29862,1260912665,1260918191,5526
29863,1260912867,1260919854,6987
29864,1260913177,1260920081,6904
29865,1260913857,1260922441,8584
29866,1260915812,1260922529,6717
29867,1260917394,1260922801,5407
29868,1260918191,1260925534,7343
29869,1260919854,1260925808,5954
29870,1260920081,1260926285,6204
29871,1260922441,1260926768,4327
29872,1260922529,1260926861,4332
29873,1260922801,1260928514,5713
29874,1260925534,1260929031,3497
29875,1260925808,1260931555,5747
29876,1260926285,1260931601,5316
29877,1260926768,1260931708,4940
29878,1260926861,1260932098,5237
29879,1260928514,1260932256,3742
29880,1260929031,1260933075,4044
29881,1260931555,1260933113,1558
29882,1260931601,1260933332,1731
29883,1260931708,1260934655,2947
29884,1260932098,1260934874,2776
29885,1260932256,1260935041,2785
29886,1260933075,1260935864,2789
29887,1260933113,1260937050,3937
29888,1260933332,1260938264,4932
29889,1260934655,1260939703,5048
29890,1260934874,1260940036,5162
29891,1260935041,1260940138,5097
29892,1260935864,1260941202,5338
29893,1260937050,1260941372,4322
29894,1260938264,1260941805,3541
29895,1260939703,1260941942,2239
29896,1260940036,1260944862,4826
29897,1260940138,1260946110,5972
29898,1260941202,1260947603,6401
29899,1260941372,1260947797,6425
29900,1260941805,1260949547,7742
29901,1260941942,1260951575,9633
29902,1260944862,1260951641,6779
29903,1260946110,1260952144,6034
29904,1260947603,1260954637,7034
29905,1260947797,1260954887,7090
29906,1260949547,1260955127,5580
29907,1260951575,1260955421,3846
29908,1260951641,1260956240,4599
29909,1260952144,1260956467,4323
29910,1260954637,1260956969,2332
29911,1260954887,1260958013,3126
29912,1260955127,1260958112,2985
29913,1260955421,1260958886,3465
29914,1260956240,1260960573,4333
29915,1260956467,1260960625,4158
29916,1260956969,1260961019,4050
29917,1260958013,1260961216,3203
29918,1260958112,1260961411,3299
29919,1260958886,1260961895,3009
29920,1260960573,1260963467,2894
29921,1260960625,1260964208,3583
29922,1260961019,1260964975,3956
29923,1260961216,1260965585,4369
29924,1260961411,1260966001,4590
29925,1260961895,1260966636,4741
29926,1260963467,1260966713,3246
29927,1260964208,1260968426,4218
29928,1260964975,1260968612,3637
29929,1260965585,1260969602,4017
29930,1260966001,1260970121,4120
29931,1260966636,1260970364,3728
29932,1260966713,1260970996,4283
29933,1260968426,1260971085,2659
29934,1260968612,1260971483,2871
29935,1260969602,1260971560,1958
29936,1260970121,1260971738,1617
29937,1260970364,1260971914,1550
29938,1260970996,1260972476,1480
29939,1260971085,1260972760,1675
29940,1260971483,1260972923,1440
29941,1260971560,1260974675,3115
29942,1260971738,1260976008,4270
29943,1260971914,1260976398,4484
29944,1260972476,1260977177,4701
29945,1260972760,1260979165,6405
29946,1260972923,1260979319,6396
29947,1260974675,1260980348,5673
29948,1260976008,1260980545,4537
29949,1260976398,1260980955,4557
29950,1260977177,1260981273,4096
29951,1260979165,1260982200,3035
29952,1260979319,1260982403,3084
29953,1260980348,1260982943,2595
29954,1260980545,1260983340,2795
29955,1260980955,1260984301,3346
29956,1260981273,1260984668,3395
29957,1260982200,1260984851,2651
29958,1260982403,1260985022,2619
29959,1260982943,1260986020,3077
29960,1260983340,1260986058,2718
29961,1260984301,1260986285,1984
29962,1260984668,1260986372,1704
29963,1260984851,1260988580,3729
29964,1260985022,1260989471,4449
29965,1260986020,1260990455,4435
29966,1260986058,1260990995,4937
29967,1260986285,1260993507,7222
29968,1260986372,1260994672,8300
29969,1260988580,1260995003,6423
29970,1260989471,1260995541,6070
29971,1260990455,1260995815,5360
29972,1260990995,1260995861,4866
29973,1260993507,1260995966,2459
29974,1260994672,1260996107,1435
29975,1260995003,1260996329,1326
29976,1260995541,1260996882,1341
29977,1260995815,1260997347,1532
29978,1260995861,1260998017,2156
29979,1260995966,1260998128,2162
29980,1260996107,1260998553,2446
29981,1260996329,1260999099,2770
29982,1260996882,1260999307,2425
29983,1260997347,1260999840,2493
29984,1260998017,1260999985,1968
29985,1260998128,1261000552,2424
29986,1260998553,1261001029,2476
29987,1260999099,1261001451,2352
29988,1260999307,1261001897,2590
29989,1260999840,1261002231,2391
29990,1260999985,1261002357,2372
29991,1261000552,1261002531,1979
29992,1261001029,1261003073,2044
29993,1261001451,1261003099,1648
29994,1261001897,1261003219,1322
29995,1261002231,1261004323,2092
29996,1261002357,1261005640,3283
29997,1261002531,1261006465,3934
29998,1261003073,1261006687,3614
29999,1261003099,1261006767,3668
30000,1261003219,1261007544,4325
30001,1261004323,1261008004,3681
30002,1261005640,1261008319,2679
30003,1261006465,1261009090,2625
30004,1261006687,1261009357,2670
30005,1261006767,1261011132,4365
30006,1261007544,1261012180,4636
30007,1261008004,1261012559,4555
30008,1261008319,1261013857,5538
30009,1261009090,1261014546,5456
30010,1261009357,1261014952,5595
30011,1261011132,1261017415,6283
30012,1261012180,1261017908,5728
30013,1261012559,1261018452,5893
30014,1261013857,1261018742,4885
30015,1261014546,1261019078,4532
30016,1261014952,1261019181,4229
30017,1261017415,1261020653,3238
30018,1261017908,1261022081,4173
30019,1261018452,1261022674,4222
30020,1261018742,1261023004,4262
30021,1261019078,1261023024,3946
30022,1261019181,1261024371,5190
30023,1261020653,1261024864,4211
30024,1261022081,1261024961,2880
30025,1261022674,1261026482,3808
30026,1261023004,1261027214,4210
30027,1261023024,1261027239,4215
30028,1261024371,1261027903,3532
30029,1261024864,1261029357,4493
30030,1261024961,1261029785,4824
30031,1261026482,1261029799,3317
30032,1261027214,1261029959,2745
30033,1261027239,1261031143,3904
30034,1261027903,1261031171,3268
30035,1261029357,1261033005,3648
30036,1261029785,1261033058,3273
30037,1261029799,1261033080,3281
30038,1261029959,1261033694,3735
30039,1261031143,1261033849,2706
30040,1261031171,1261034379,3208
30041,1261033005,1261034531,1526
30042,1261033058,1261034868,1810
30043,1261033080,1261035662,2582
30044,1261033694,1261035898,2204
30045,1261033849,1261036018,2169
30046,1261034379,1261036272,1893
30047,1261034531,1261036472,1941
30048,1261034868,1261036795,1927
30049,1261035662,1261036800,1138
30050,1261035898,1261038475,2577
30051,1261036018,1261039243,3225
30052,1261036272,1261039560,3288
30053,1261036472,1261039672,3200
30054,1261036795,1261040251,3456
30055,1261036800,1261040719,3919
30056,1261038475,1261041608,3133
30057,1261039243,1261042878,3635
30058,1261039560,1261043285,3725
30059,1261039672,1261043848,4176
30060,1261040251,1261044136,3885
30061,1261040719,1261044813,4094
30062,1261041608,1261045151,3543
30063,1261042878,1261045180,2302
30064,1261043285,1261045436,2151
30065,1261043848,1261046960,3112
30066,1261044136,1261047493,3357
30067,1261044813,1261047727,2914
30068,1261045151,1261048278,3127
30069,1261045180,1261048421,3241
30070,1261045436,1261049150,3714
30071,1261046960,1261049283,2323
30072,1261047493,1261049933,2440
30073,1261047727,1261049947,2220
30074,1261048278,1261050040,1762
30075,1261048421,1261050448,2027
30076,1261049150,1261050609,1459
30077,1261049283,1261050810,1527
30078,1261049933,1261051325,1392
30079,1261049947,1261051654,1707
30080,1261050040,1261052597,2557
30081,1261050448,1261053693,3245
30082,1261050609,1261054450,3841
30083,1261050810,1261054882,4072
30084,1261051325,1261055645,4320
30085,1261051654,1261056100,4446
30086,1261052597,1261056480,3883
30087,1261053693,1261058225,4532
30088,1261054450,1261058364,3914
30089,1261054882,1261059427,4545
30090,1261055645,1261059436,3791
30091,1261056100,1261059809,3709
30092,1261056480,1261060080,3600
30093,1261058225,1261060851,2626
30094,1261058364,1261061232,2868
30095,1261059427,1261061423,1996
30096,1261059436,1261061664,2228
30097,1261059809,1261062048,2239
30098,1261060080,1261062091,2011
30099,1261060851,1261062124,1273
30100,1261061232,1261062547,1315
30101,1261061423,1261062645,1222
30102,1261061664,1261063049,1385
30103,1261062048,1261063628,1580
30104,1261062091,1261065010,2919
30105,1261062124,1261065573,3449
30106,1261062547,1261065594,3047
30107,1261062645,1261065785,3140
30108,1261063049,1261065995,2946
30109,1261063628,1261066900,3272
30110,1261065010,1261066951,1941
30111,1261065573,1261068022,2449
30112,1261065594,1261068088,2494
30113,1261065785,1261068106,2321
30114,1261065995,1261070082,4087
30115,1261066900,1261070463,3563
30116,1261066951,1261070498,3547
30117,1261068022,1261070689,2667
30118,1261068088,1261070719,2631
30119,1261068106,1261071362,3256
30120,1261070082,1261072046,1964
30121,1261070463,1261072140,1677
30122,1261070498,1261072260,1762
30123,1261070689,1261072687,1998
30124,1261070719,1261073866,3147
30125,1261071362,1261074238,2876
30126,1261072046,1261074815,2769
30127,1261072140,1261075119,2979
30128,1261072260,1261075259,2999
30129,1261072687,1261076663,3976
30130,1261073866,1261076942,3076
30131,1261074238,1261077029,2791
30132,1261074815,1261078101,3286
30133,1261075119,1261078803,3684
30134,1261075259,1261079417,4158
30135,1261076663,1261079594,2931
30136,1261076942,1261079742,2800
30137,1261077029,1261079944,2915
30138,1261078101,1261080272,2171
30139,1261078803,1261080333,1530
30140,1261079417,1261080443,1026
30141,1261079594,1261080464,870
30142,1261079742,1261080771,1029
30143,1261079944,1261081673,1729
30144,1261080272,1261081851,1579
30145,1261080333,1261082470,2137
30146,1261080443,1261083123,2680
30147,1261080464,1261083158,2694
30148,1261080771,1261083338,2567
30149,1261081673,1261083808,2135
30150,1261081851,1261085138,3287
30151,1261082470,1261085913,3443
30152,1261083123,1261085943,2820
30153,1261083158,1261087922,4764
30154,1261083338,1261087939,4601
30155,1261083808,1261088343,4535
30156,1261085138,1261088649,3511
30157,1261085913,1261088729,2816
30158,1261085943,1261090051,4108
30159,1261087922,1261089909,1987
30160,1261087939,1261090240,2301
30161,1261088343,1261090821,2478
30162,1261088649,1261090994,2345
30163,1261088729,1261091704,2975
30164,1261089909,1261092842,2933
30165,1261090051,1261092995,2944
30166,1261090240,1261093302,3062
30167,1261090821,1261093483,2662
30168,1261090994,1261093299,2305
30169,1261091704,1261094294,2590
30170,1261092842,1261094844,2002
30171,1261092995,1261094953,1958
30172,1261093299,1261096049,2750
30173,1261093302,1261096035,2733
30174,1261093483,1261096926,3443
30175,1261094294,1261097107,2813
30176,1261094844,1261097292,2448
30177,1261094953,1261097678,2725
30178,1261096035,1261097799,1764
30179,1261096049,1261099583,3534
30180,1261096926,1261099935,3009
30181,1261097107,1261099974,2867
30182,1261097292,1261100467,3175
30183,1261097678,1261101705,4027
30184,1261097799,1261101933,4134
30185,1261099583,1261102500,2917
30186,1261099935,1261102820,2885
30187,1261099974,1261103814,3840
30188,1261100467,1261104503,4036
30189,1261101705,1261104576,2871
30190,1261101933,1261105308,3375
30191,1261102500,1261105529,3029
30192,1261102820,1261105763,2943
30193,1261103814,1261107018,3204
30194,1261104503,1261107329,2826
30195,1261104576,1261107552,2976
30196,1261105308,1261107719,2411
30197,1261105529,1261108205,2676
30198,1261105763,1261108707,2944
30199,1261107018,1261108787,1769
30200,1261107329,1261109171,1842
30201,1261107552,1261109240,1688
30202,1261107719,1261109693,1974
30203,1261108205,1261110075,1870
30204,1261108707,1261110519,1812
30205,1261108787,1261110520,1733
30206,1261109171,1261111662,2491
30207,1261109240,1261112463,3223
30208,1261109693,1261112553,2860
30209,1261110075,1261112708,2633
30210,1261110519,1261112964,2445
30211,1261110520,1261113828,3308
30212,1261111662,1261113994,2332
30213,1261112463,1261114050,1587
30214,1261112553,1261114817,2264
30215,1261112708,1261115918,3210
30216,1261112964,1261116812,3848
30217,1261113828,1261117188,3360
30218,1261113994,1261117702,3708
30219,1261114050,1261117806,3756
30220,1261114817,1261118041,3224
30221,1261115918,1261118136,2218
30222,1261116812,1261118788,1976
30223,1261117188,1261118857,1669
30224,1261117702,1261119053,1351
30225,1261117806,1261119344,1538
30226,1261118041,1261119554,1513
30227,1261118136,1261119833,1697
30228,1261118788,1261120095,1307
30229,1261118857,1261120361,1504
30230,1261119053,1261122194,3141
30231,1261119344,1261122541,3197
30232,1261119554,1261123052,3498
30233,1261119833,1261124064,4231
30234,1261120095,1261124583,4488
30235,1261120361,1261124749,4388
30236,1261122194,1261125413,3219
30237,1261122541,1261127280,4739
30238,1261123052,1261127635,4583
30239,1261124064,1261128623,4559
30240,1261124583,1261130161,5578
30241,1261124749,1261130164,5415
30242,1261125413,1261130501,5088
30243,1261127280,1261130522,3242
30244,1261127635,1261130691,3056
30245,1261128623,1261130923,2300
30246,1261130161,1261131046,885
30247,1261130164,1261131345,1181
30248,1261130501,1261131493,992
30249,1261130522,1261132029,1507
30250,1261130691,1261133300,2609
30251,1261130923,1261133802,2879
30252,1261131046,1261134100,3054
30253,1261131345,1261134113,2768
30254,1261131493,1261134195,2702
30255,1261132029,1261135014,2985
30256,1261133300,1261136339,3039
30257,1261133802,1261136537,2735
30258,1261134100,1261136831,2731
30259,1261134113,1261136999,2886
30260,1261134195,1261137298,3103
30261,1261135014,1261137830,2816
30262,1261136339,1261138015,1676
30263,1261136537,1261138221,1684
30264,1261136831,1261139629,2798
30265,1261136999,1261139673,2674
30266,1261137298,1261139861,2563
30267,1261137830,1261140042,2212
30268,1261138015,1261140302,2287
30269,1261138221,1261140361,2140
30270,1261139629,1261141583,1954
30271,1261139673,1261142308,2635
30272,1261139861,1261142447,2586
30273,1261140042,1261143096,3054
30274,1261140302,1261143417,3115
30275,1261140361,1261143633,3272
30276,1261141583,1261143790,2207
30277,1261142308,1261144064,1756
30278,1261142447,1261144197,1750
30279,1261143096,1261144302,1206
30280,1261143417,1261145456,2039
30281,1261143633,1261145590,1957
30282,1261143790,1261145619,1829
30283,1261144064,1261145975,1911
30284,1261144197,1261145981,1784
30285,1261144302,1261146923,2621
30286,1261145456,1261147014,1558
30287,1261145590,1261147301,1711
30288,1261145619,1261147368,1749
30289,1261145975,1261148604,2629
30290,1261145981,1261149043,3062
30291,1261146923,1261149101,2178
30292,1261147014,1261149361,2347
30293,1261147301,1261149689,2388
30294,1261147368,1261150305,2937
30295,1261148604,1261150545,1941
30296,1261149043,1261150768,1725
30297,1261149101,1261151100,1999
30298,1261149361,1261151243,1882
30299,1261149689,1261151323,1634
30300,1261150305,1261152194,1889
30301,1261150545,1261152407,1862
30302,1261150768,1261152486,1718
30303,1261151100,1261152542,1442
30304,1261151243,1261152731,1488
30305,1261151323,1261153708,2385
30306,1261152194,1261153742,1548
30307,1261152407,1261153851,1444
30308,1261152486,1261154335,1849
30309,1261152542,1261154516,1974
30310,1261152731,1261154793,2062
30311,1261153708,1261155378,1670
30312,1261153742,1261155904,2162
30313,1261153851,1261156011,2160
30314,1261154335,1261156793,2458
30315,1261154516,1261157556,3040
30316,1261154793,1261157693,2900
30317,1261155378,1261158177,2799
30318,1261155904,1261158189,2285
30319,1261156011,1261158243,2232
30320,1261156793,1261158272,1479
30321,1261157556,1261158339,783
30322,1261157693,1261159247,1554
30323,1261158177,1261159855,1678
30324,1261158189,1261160433,2244
30325,1261158243,1261160440,2197
30326,1261158272,1261160554,2282
30327,1261158339,1261161371,3032
30328,1261159247,1261161616,2369
30329,1261159855,1261162082,2227
30330,1261160433,1261162207,1774
30331,1261160440,1261162890,2450
30332,1261160554,1261163332,2778
30333,1261161371,1261163696,2325
30334,1261161616,1261163807,2191
30335,1261162082,1261164183,2101
30336,1261162207,1261164408,2201
30337,1261162890,1261164533,1643
30338,1261163332,1261165079,1747
30339,1261163696,1261165447,1751
30340,1261163807,1261165667,1860
30341,1261164183,1261165709,1526
30342,1261164408,1261165774,1366
30343,1261164533,1261165996,1463
30344,1261165079,1261166360,1281
30345,1261165447,1261167293,1846
30346,1261165667,1261167312,1645
30347,1261165709,1261167495,1786
30348,1261165774,1261167588,1814
30349,1261165996,1261167766,1770
30350,1261166360,1261167773,1413
30351,1261167293,1261168027,734
30352,1261167312,1261168288,976
30353,1261167495,1261168353,858
30354,1261167588,1261168362,774
30355,1261167766,1261168940,1174
30356,1261167773,1261169573,1800
30357,1261168027,1261169930,1903
30358,1261168288,1261170240,1952
30359,1261168353,1261170370,2017
30360,1261168362,1261170448,2086
30361,1261168940,1261170530,1590
30362,1261169573,1261170571,998
30363,1261169930,1261170738,808
30364,1261170240,1261171847,1607
30365,1261170370,1261171895,1525
30366,1261170448,1261172151,1703
30367,1261170530,1261172311,1781
30368,1261170571,1261172554,1983
30369,1261170738,1261172579,1841
30370,1261171847,1261172808,961
30371,1261171895,1261173357,1462
30372,1261172151,1261173490,1339
30373,1261172311,1261173747,1436
30374,1261172554,1261174204,1650
30375,1261172579,1261174743,2164
30376,1261172808,1261174890,2082
30377,1261173357,1261175105,1748
30378,1261173490,1261175974,2484
30379,1261173747,1261176119,2372
30380,1261174204,1261176389,2185
30381,1261174743,1261176545,1802
30382,1261174890,1261176589,1699
30383,1261175105,1261176639,1534
30384,1261175974,1261176739,765
30385,1261176119,1261177029,910
30386,1261176389,1261177234,845
30387,1261176545,1261177436,891
30388,1261176589,1261177964,1375
30389,1261176639,1261178042,1403
30390,1261176739,1261179508,2769
30391,1261177029,1261179922,2893
30392,1261177234,1261180652,3418
30393,1261177436,1261180684,3248
30394,1261177964,1261180720,2756
30395,1261178042,1261180953,2911
30396,1261179508,1261182027,2519
30397,1261179922,1261182379,2457
30398,1261180652,1261182699,2047
30399,1261180684,1261182784,2100
30400,1261180720,1261182863,2143
30401,1261180953,1261183837,2884
30402,1261182027,1261183963,1936
30403,1261182379,1261184530,2151
30404,1261182699,1261185598,2899
30405,1261182784,1261185787,3003
30406,1261182863,1261185841,2978
30407,1261183837,1261185957,2120
30408,1261183963,1261186582,2619
30409,1261184530,1261189312,4782
30410,1261185598,1261190056,4458
30411,1261185787,1261190361,4574
30412,1261185841,1261190623,4782
30413,1261185957,1261190649,4692
30414,1261186582,1261190722,4140
30415,1261189312,1261190774,1462
30416,1261190056,1261191124,1068
30417,1261190361,1261191194,833
30418,1261190623,1261191201,578
30419,1261190649,1261191428,779
30420,1261190722,1261192294,1572
30421,1261190774,1261193264,2490
30422,1261191124,1261194643,3519
30423,1261191194,1261195717,4523
30424,1261191201,1261195731,4530
30425,1261191428,1261196159,4731
30426,1261192294,1261196673,4379
30427,1261193264,1261197110,3846
30428,1261194643,1261197587,2944
30429,1261195717,1261197855,2138
30430,1261195731,1261197991,2260
30431,1261196159,1261198317,2158
30432,1261196673,1261198514,1841
30433,1261197110,1261199055,1945
30434,1261197587,1261199125,1538
30435,1261197855,1261199366,1511
30436,1261197991,1261199859,1868
30437,1261198317,1261199943,1626
30438,1261198514,1261199958,1444
30439,1261199055,1261200290,1235
30440,1261199125,1261200339,1214
30441,1261199366,1261200339,973
30442,1261199859,1261200699,840
30443,1261199943,1261201050,1107
30444,1261199958,1261201093,1135
30445,1261200290,1261201215,925
30446,1261200339,1261202244,1905
30447,1261200339,1261203407,3068
30448,1261200699,1261203745,3046
30449,1261201050,1261203895,2845
30450,1261201093,1261204436,3343
30451,1261201215,1261204677,3462
30452,1261202244,1261204849,2605
30453,1261203407,1261205565,2158
30454,1261203745,1261205838,2093
30455,1261203895,1261205999,2104
30456,1261204436,1261206619,2183
30457,1261204677,1261208004,3327
30458,1261204849,1261208148,3299
30459,1261205565,1261208555,2990
30460,1261205838,1261209172,3334
30461,1261205999,1261209465,3466
30462,1261206619,1261210252,3633
30463,1261208004,1261210357,2353
30464,1261208148,1261210756,2608
30465,1261208555,1261211880,3325
30466,1261209172,1261213040,3868
30467,1261209465,1261213247,3782
30468,1261210252,1261213746,3494
30469,1261210357,1261213941,3584
30470,1261210756,1261214209,3453
30471,1261211880,1261214490,2610
30472,1261213040,1261214636,1596
30473,1261213247,1261214679,1432
30474,1261213746,1261214676,930
30475,1261213941,1261216258,2317
30476,1261214209,1261216304,2095
30477,1261214490,1261216342,1852
30478,1261214636,1261217011,2375
30479,1261214676,1261217822,3146
30480,1261214679,1261218324,3645
30481,1261216258,1261219098,2840
30482,1261216304,1261219374,3070
30483,1261216342,1261219404,3062
30484,1261217011,1261220271,3260
30485,1261217822,1261221075,3253
30486,1261218324,1261221675,3351
30487,1261219098,1261221801,2703
30488,1261219374,1261221907,2533
30489,1261219404,1261222381,2977
30490,1261220271,1261223005,2734
30491,1261221075,1261225161,4086
30492,1261221675,1261226454,4779
30493,1261221801,1261226677,4876
30494,1261221907,1261226696,4789
30495,1261222381,1261227294,4913
30496,1261223005,1261227517,4512
30497,1261225161,1261227679,2518
30498,1261226454,1261229858,3404
30499,1261226677,1261230048,3371
30500,1261226696,1261230216,3520
30501,1261227294,1261231069,3775
30502,1261227517,1261231573,4056
30503,1261227679,1261231750,4071
30504,1261229858,1261231823,1965
30505,1261230048,1261232130,2082
30506,1261230216,1261232532,2316
30507,1261231069,1261232709,1640
30508,1261231573,1261233059,1486
30509,1261231750,1261233082,1332
30510,1261231823,1261233920,2097
30511,1261232130,1261234005,1875
30512,1261232532,1261234049,1517
30513,1261232709,1261234158,1449
30514,1261233059,1261234404,1345
30515,1261233082,1261234996,1914
30516,1261233920,1261235369,1449
30517,1261234005,1261235488,1483
30518,1261234049,1261236287,2238
30519,1261234158,1261237088,2930
30520,1261234404,1261237584,3180
30521,1261234996,1261237675,2679
30522,1261235369,1261237814,2445
30523,1261235488,1261238625,3137
30524,1261236287,1261238728,2441
30525,1261237088,1261239077,1989
30526,1261237584,1261239159,1575
30527,1261237675,1261239410,1735
30528,1261237814,1261239526,1712
30529,1261238625,1261239750,1125
30530,1261238728,1261239966,1238
30531,1261239077,1261240152,1075
30532,1261239159,1261240299,1140
30533,1261239410,1261241175,1765
30534,1261239526,1261241189,1663
30535,1261239750,1261241494,1744
30536,1261239966,1261242308,2342
30537,1261240152,1261242801,2649
30538,1261240299,1261243393,3094
30539,1261241175,1261243972,2797
30540,1261241189,1261244602,3413
30541,1261241494,1261245381,3887
30542,1261242308,1261245571,3263
30543,1261242801,1261245702,2901
30544,1261243393,1261245973,2580
30545,1261243972,1261246173,2201
30546,1261244602,1261246356,1754
30547,1261245381,1261246404,1023
30548,1261245571,1261246919,1348
30549,1261245702,1261247203,1501
30550,1261245973,1261247544,1571
30551,1261246173,1261247638,1465
30552,1261246356,1261248175,1819
30553,1261246404,1261248470,2066
30554,1261246919,1261248647,1728
30555,1261247203,1261249030,1827
30556,1261247544,1261249143,1599
30557,1261247638,1261249693,2055
30558,1261248175,1261250432,2257
30559,1261248470,1261251122,2652
30560,1261248647,1261251214,2567
30561,1261249030,1261251605,2575
30562,1261249143,1261251666,2523
30563,1261249693,1261252011,2318
30564,1261250432,1261252212,1780
30565,1261251122,1261252238,1116
30566,1261251214,1261252960,1746
30567,1261251605,1261253222,1617
30568,1261251666,1261253963,2297
30569,1261252011,1261256789,4778
30570,1261252212,1261256844,4632
30571,1261252238,1261256870,4632
30572,1261252960,1261257223,4263
30573,1261253222,1261258331,5109
30574,1261253963,1261258483,4520
30575,1261256789,1261258553,1764
30576,1261256844,1261258770,1926
30577,1261256870,1261258960,2090
30578,1261257223,1261260799,3576
30579,1261258331,1261261145,2814
30580,1261258483,1261261612,3129
30581,1261258553,1261261945,3392
30582,1261258770,1261261978,3208
30583,1261258960,1261262765,3805
30584,1261260799,1261263001,2202
30585,1261261145,1261263255,2110
30586,1261261612,1261263590,1978
30587,1261261945,1261264547,2602
30588,1261261978,1261264728,2750
30589,1261262765,1261264910,2145
30590,1261263001,1261265103,2102
30591,1261263255,1261265975,2720
30592,1261263590,1261266576,2986
30593,1261264547,1261268071,3524
30594,1261264728,1261269451,4723
30595,1261264910,1261269741,4831
30596,1261265103,1261270693,5590
30597,1261265975,1261271423,5448
30598,1261266576,1261272830,6254
30599,1261268071,1261273429,5358
30600,1261269451,1261273503,4052
30601,1261269741,1261273883,4142
30602,1261270693,1261273987,3294
30603,1261271423,1261274446,3023
30604,1261272830,1261274593,1763
30605,1261273429,1261274661,1232
30606,1261273503,1261274666,1163
30607,1261273883,1261275215,1332
30608,1261273987,1261275625,1638
30609,1261274446,1261275889,1443
30610,1261274593,1261276566,1973
30611,1261274661,1261276842,2181
30612,1261274666,1261277691,3025
30613,1261275215,1261278850,3635
30614,1261275625,1261278867,3242
30615,1261275889,1261279393,3504
30616,1261276566,1261279745,3179
30617,1261276842,1261279901,3059
30618,1261277691,1261279938,2247
30619,1261278850,1261279985,1135
30620,1261278867,1261280494,1627
30621,1261279393,1261281090,1697
30622,1261279745,1261281627,1882
30623,1261279901,1261281708,1807
30624,1261279938,1261281879,1941
30625,1261279985,1261282038,2053
30626,1261280494,1261282952,2458
30627,1261281090,1261283324,2234
30628,1261281627,1261284896,3269
30629,1261281708,1261285565,3857
30630,1261281879,1261286563,4684
30631,1261282038,1261287062,5024
30632,1261282952,1261288348,5396
30633,1261283324,1261288358,5034
30634,1261284896,1261288467,3571
30635,1261285565,1261289237,3672
30636,1261286563,1261289403,2840
30637,1261287062,1261289583,2521
30638,1261288348,1261289742,1394
30639,1261288358,1261289808,1450
30640,1261288467,1261289884,1417
30641,1261289237,1261289899,662
30642,1261289403,1261290495,1092
30643,1261289583,1261290690,1107
30644,1261289742,1261290888,1146
30645,1261289808,1261291833,2025
30646,1261289884,1261293413,3529
30647,1261289899,1261293528,3629
30648,1261290495,1261293893,3398
30649,1261290690,1261294993,4303
30650,1261290888,1261296189,5301
30651,1261291833,1261297716,5883
30652,1261293413,1261297816,4403
30653,1261293528,1261297838,4310
30654,1261293893,1261298394,4501
30655,1261294993,1261298598,3605
30656,1261296189,1261298990,2801
30657,1261297716,1261299032,1316
30658,1261297816,1261299119,1303
30659,1261297838,1261299788,1950
30660,1261298394,1261299832,1438
30661,1261298598,1261300538,1940
30662,1261298990,1261300922,1932
30663,1261299032,1261302008,2976
30664,1261299119,1261302174,3055
30665,1261299788,1261302489,2701
30666,1261299832,1261303453,3621
30667,1261300538,1261304591,4053
30668,1261300922,1261304813,3891
30669,1261302008,1261305444,3436
30670,1261302174,1261306977,4803
30671,1261302489,1261307065,4576
30672,1261303453,1261307417,3964
30673,1261304591,1261307504,2913
30674,1261304813,1261308880,4067
30675,1261305444,1261308901,3457
30676,1261306977,1261309731,2754
30677,1261307065,1261309851,2786
30678,1261307417,1261312328,4911
30679,1261307504,1261312633,5129
30680,1261308880,1261312854,3974
30681,1261308901,1261313576,4675
30682,1261309731,1261314075,4344
30683,1261309851,1261314563,4712
30684,1261312328,1261315365,3037
30685,1261312633,1261315844,3211
30686,1261312854,1261317537,4683
30687,1261313576,1261317890,4314
30688,1261314075,1261318649,4574
30689,1261314563,1261318797,4234
30690,1261315365,1261319037,3672
30691,1261315844,1261319306,3462
30692,1261317537,1261319640,2103
30693,1261317890,1261319921,2031
30694,1261318649,1261320369,1720
30695,1261318797,1261320806,2009
30696,1261319037,1261321245,2208
30697,1261319306,1261321402,2096
30698,1261319640,1261321699,2059
30699,1261319921,1261321794,1873
30700,1261320369,1261322122,1753
30701,1261320806,1261322432,1626
30702,1261321245,1261322688,1443
30703,1261321402,1261324182,2780
30704,1261321699,1261324241,2542
30705,1261321794,1261324965,3171
30706,1261322122,1261326113,3991
30707,1261322432,1261326756,4324
30708,1261322688,1261327207,4519
30709,1261324182,1261327289,3107
30710,1261324241,1261328057,3816
30711,1261324965,1261329201,4236
30712,1261326113,1261329358,3245
30713,1261326756,1261329565,2809
30714,1261327207,1261330633,3426
30715,1261327289,1261330776,3487
30716,1261328057,1261330943,2886
30717,1261329201,1261331507,2306
30718,1261329358,1261331523,2165
30719,1261329565,1261331645,2080
30720,1261330633,1261331840,1207
30721,1261330776,1261332453,1677
30722,1261330943,1261332459,1516
30723,1261331507,1261332939,1432
30724,1261331523,1261333165,1642
30725,1261331645,1261333186,1541
30726,1261331840,1261333203,1363
30727,1261332453,1261333706,1253
30728,1261332459,1261334365,1906
30729,1261332939,1261334817,1878
30730,1261333165,1261334995,1830
30731,1261333186,1261335202,2016
30732,1261333203,1261335336,2133
30733,1261333706,1261335802,2096
30734,1261334365,1261336351,1986
30735,1261334817,1261336473,1656
30736,1261334995,1261337127,2132
30737,1261335202,1261337290,2088
30738,1261335336,1261337374,2038
30739,1261335802,1261338147,2345
30740,1261336351,1261338543,2192
30741,1261336473,1261338622,2149
30742,1261337127,1261339356,2229
30743,1261337290,1261340368,3078
30744,1261337374,1261340619,3245
30745,1261338147,1261341061,2914
30746,1261338543,1261341218,2675
30747,1261338622,1261341425,2803
30748,1261339356,1261342269,2913
30749,1261340368,1261342483,2115
30750,1261340619,1261342512,1893
30751,1261341061,1261344747,3686
30752,1261341218,1261344933,3715
30753,1261341425,1261345658,4233
30754,1261342269,1261346122,3853
30755,1261342483,1261347376,4893
30756,1261342512,1261347409,4897
30757,1261344747,1261348868,4121
30758,1261344933,1261349006,4073
30759,1261345658,1261349211,3553
30760,1261346122,1261350595,4473
30761,1261347376,1261350795,3419
30762,1261347409,1261351001,3592
30763,1261348868,1261351023,2155
30764,1261349006,1261351318,2312
30765,1261349211,1261351397,2186
30766,1261350595,1261352016,1421
30767,1261350795,1261352037,1242
30768,1261351001,1261354068,3067
30769,1261351023,1261354202,3179
30770,1261351318,1261354465,3147
30771,1261351397,1261354852,3455
30772,1261352016,1261355153,3137
30773,1261352037,1261355256,3219
30774,1261354068,1261356637,2569
30775,1261354202,1261356819,2617
30776,1261354465,1261356827,2362
30777,1261354852,1261356874,2022
30778,1261355153,1261357362,2209
30779,1261355256,1261358784,3528
30780,1261356637,1261359075,2438
30781,1261356819,1261359258,2439
30782,1261356827,1261359663,2836
30783,1261356874,1261359892,3018
30784,1261357362,1261359996,2634
30785,1261358784,1261360376,1592
30786,1261359075,1261360561,1486
30787,1261359258,1261360739,1481
30788,1261359663,1261362697,3034
30789,1261359892,1261363099,3207
30790,1261359996,1261363190,3194
30791,1261360376,1261363688,3312
30792,1261360561,1261363728,3167
30793,1261360739,1261363788,3049
30794,1261362697,1261364562,1865
30795,1261363099,1261364594,1495
30796,1261363190,1261364934,1744
30797,1261363688,1261365609,1921
30798,1261363728,1261365642,1914
30799,1261363788,1261365669,1881
30800,1261364562,1261367313,2751
30801,1261364594,1261368965,4371
30802,1261364934,1261369339,4405
30803,1261365609,1261369355,3746
30804,1261365642,1261369702,4060
30805,1261365669,1261370158,4489
30806,1261367313,1261370175,2862
30807,1261368965,1261371020,2055
30808,1261369339,1261371558,2219
30809,1261369355,1261371932,2577
30810,1261369702,1261372064,2362
30811,1261370158,1261372551,2393
30812,1261370175,1261372894,2719
30813,1261371020,1261373028,2008
30814,1261371558,1261373122,1564
30815,1261371932,1261373591,1659
30816,1261372064,1261374249,2185
30817,1261372551,1261374435,1884
30818,1261372894,1261374658,1764
30819,1261373028,1261375365,2337
30820,1261373122,1261376057,2935
30821,1261373591,1261376839,3248
30822,1261374249,1261377036,2787
30823,1261374435,1261377191,2756
30824,1261374658,1261377422,2764
30825,1261375365,1261378703,3338
30826,1261376057,1261379033,2976
30827,1261376839,1261379343,2504
30828,1261377036,1261379690,2654
30829,1261377191,1261379891,2700
30830,1261377422,1261381673,4251
30831,1261378703,1261382430,3727
30832,1261379033,1261382656,3623
30833,1261379343,1261383293,3950
30834,1261379690,1261384319,4629
30835,1261379891,1261384451,4560
30836,1261381673,1261386242,4569
30837,1261382430,1261387391,4961
30838,1261382656,1261387551,4895
30839,1261383293,1261388276,4983
30840,1261384319,1261388542,4223
30841,1261384451,1261388738,4287
30842,1261386242,1261388812,2570
30843,1261387391,1261389260,1869
30844,1261387551,1261389557,2006
30845,1261388276,1261389580,1304
30846,1261388542,1261390945,2403
30847,1261388738,1261391538,2800
30848,1261388812,1261391769,2957
30849,1261389260,1261391833,2573
30850,1261389557,1261391863,2306
30851,1261389580,1261392175,2595
30852,1261390945,1261392646,1701
30853,1261391538,1261393498,1960
30854,1261391769,1261393511,1742
30855,1261391833,1261394491,2658
30856,1261391863,1261394575,2712
30857,1261392175,1261394704,2529
30858,1261392646,1261394853,2207
30859,1261393498,1261395970,2472
30860,1261393511,1261396630,3119
30861,1261394491,1261396727,2236
30862,1261394575,1261396760,2185
30863,1261394704,1261397517,2813
30864,1261394853,1261397984,3131
30865,1261395970,1261398149,2179
30866,1261396630,1261398303,1673
30867,1261396727,1261399766,3039
30868,1261396760,1261400970,4210
30869,1261397517,1261401048,3531
30870,1261397984,1261401352,3368
30871,1261398149,1261401410,3261
30872,1261398303,1261402144,3841
30873,1261399766,1261402510,2744
30874,1261400970,1261402710,1740
30875,1261401048,1261402872,1824
30876,1261401352,1261403302,1950
30877,1261401410,1261403770,2360
30878,1261402144,1261404543,2399
30879,1261402510,1261404676,2166
30880,1261402710,1261405660,2950
30881,1261402872,1261405795,2923
30882,1261403302,1261406154,2852
30883,1261403770,1261407174,3404
30884,1261404543,1261408023,3480
30885,1261404676,1261408072,3396
30886,1261405660,1261409382,3722
30887,1261405795,1261409723,3928
30888,1261406154,1261409752,3598
30889,1261407174,1261410013,2839
30890,1261408023,1261410574,2551
30891,1261408072,1261411130,3058
30892,1261409382,1261411818,2436
30893,1261409723,1261412015,2292
30894,1261409752,1261412611,2859
30895,1261410013,1261413146,3133
30896,1261410574,1261413857,3283
30897,1261411130,1261414226,3096
30898,1261411818,1261414885,3067
30899,1261412015,1261414935,2920
30900,1261412611,1261415259,2648
30901,1261413146,1261415472,2326
30902,1261413857,1261415647,1790
30903,1261414226,1261415786,1560
30904,1261414885,1261417946,3061
30905,1261414935,1261418363,3428
30906,1261415259,1261418534,3275
30907,1261415472,1261418798,3326
30908,1261415647,1261418916,3269
30909,1261415786,1261419234,3448
30910,1261417946,1261420629,2683
30911,1261418363,1261420991,2628
30912,1261418534,1261422366,3832
30913,1261418798,1261422925,4127
30914,1261418916,1261423398,4482
30915,1261419234,1261423934,4700
30916,1261420629,1261424864,4235
30917,1261420991,1261425175,4184
30918,1261422366,1261425827,3461
30919,1261422925,1261426275,3350
30920,1261423398,1261426917,3519
30921,1261423934,1261427138,3204
30922,1261424864,1261427620,2756
30923,1261425175,1261427911,2736
30924,1261425827,1261428405,2578
30925,1261426275,1261429175,2900
30926,1261426917,1261429930,3013
30927,1261427138,1261430156,3018
30928,1261427620,1261430228,2608
30929,1261427911,1261430240,2329
30930,1261428405,1261431165,2760
30931,1261429175,1261432019,2844
30932,1261429930,1261432086,2156
30933,1261430156,1261432150,1994
30934,1261430228,1261433396,3168
30935,1261430240,1261434055,3815
30936,1261431165,1261434505,3340
30937,1261432019,1261435418,3399
30938,1261432086,1261437248,5162
30939,1261432150,1261437671,5521
30940,1261433396,1261437844,4448
30941,1261434055,1261439010,4955
30942,1261434505,1261439685,5180
30943,1261435418,1261440016,4598
30944,1261437248,1261440237,2989
30945,1261437671,1261441036,3365
30946,1261437844,1261441234,3390
30947,1261439010,1261441352,2342
30948,1261439685,1261442370,2685
30949,1261440016,1261442889,2873
30950,1261440237,1261443005,2768
30951,1261441036,1261444129,3093
30952,1261441234,1261444374,3140
30953,1261441352,1261446067,4715
30954,1261442370,1261446208,3838
30955,1261442889,1261446354,3465
30956,1261443005,1261446643,3638
30957,1261444129,1261447257,3128
30958,1261444374,1261448110,3736
30959,1261446067,1261449084,3017
30960,1261446208,1261449177,2969
30961,1261446354,1261451066,4712
30962,1261446643,1261451512,4869
30963,1261447257,1261451842,4585
30964,1261448110,1261452643,4533
30965,1261449084,1261453315,4231
30966,1261449177,1261453330,4153
30967,1261451066,1261453953,2887
30968,1261451512,1261454417,2905
30969,1261451842,1261455577,3735
30970,1261452643,1261455609,2966
30971,1261453315,1261457400,4085
30972,1261453330,1261457939,4609
30973,1261453953,1261458252,4299
30974,1261454417,1261459124,4707
30975,1261455577,1261459213,3636
30976,1261455609,1261459483,3874
30977,1261457400,1261459598,2198
30978,1261457939,1261459730,1791
30979,1261458252,1261460432,2180
30980,1261459124,1261460558,1434
30981,1261459213,1261461576,2363
30982,1261459483,1261461640,2157
30983,1261459598,1261463893,4295
30984,1261459730,1261464009,4279
30985,1261460432,1261464130,3698
30986,1261460558,1261464964,4406
30987,1261461576,1261465779,4203
30988,1261461640,1261466163,4523
30989,1261463893,1261467024,3131
30990,1261464009,1261467366,3357
30991,1261464130,1261468738,4608
30992,1261464964,1261468883,3919
30993,1261465779,1261469495,3716
30994,1261466163,1261469954,3791
30995,1261467024,1261470052,3028
30996,1261467366,1261470148,2782
30997,1261468738,1261470658,1920
30998,1261468883,1261471462,2579
30999,1261469495,1261471798,2303
31000,1261469954,1261471970,2016
31001,1261470052,1261472634,2582
31002,1261470148,1261474243,4095
31003,1261470658,1261474382,3724
31004,1261471462,1261475258,3796
31005,1261471798,1261475380,3582
31006,1261471970,1261475451,3481
31007,1261472634,1261476725,4091
31008,1261474243,1261477153,2910
31009,1261474382,1261478270,3888
31010,1261475258,1261478784,3526
31011,1261475380,1261479276,3896
31012,1261475451,1261479974,4523
31013,1261476725,1261481229,4504
31014,1261477153,1261481283,4130
31015,1261478270,1261482005,3735
31016,1261478784,1261482108,3324
31017,1261479276,1261482382,3106
31018,1261479974,1261484285,4311
31019,1261481229,1261484742,3513
31020,1261481283,1261484986,3703
31021,1261482005,1261485364,3359
31022,1261482108,1261485652,3544
31023,1261482382,1261487218,4836
31024,1261484285,1261487469,3184
31025,1261484742,1261488500,3758
31026,1261484986,1261488975,3989
31027,1261485364,1261489999,4635
31028,1261485652,1261490311,4659
31029,1261487218,1261491625,4407
31030,1261487469,1261491779,4310
31031,1261488500,1261491902,3402
31032,1261488975,1261492423,3448
31033,1261489999,1261492914,2915
31034,1261490311,1261493098,2787
31035,1261491625,1261493323,1698
31036,1261491779,1261493666,1887
31037,1261491902,1261494025,2123
31038,1261492423,1261494173,1750
31039,1261492914,1261494315,1401
31040,1261493098,1261494561,1463
31041,1261493323,1261494688,1365
31042,1261493666,1261494815,1149
31043,1261494025,1261496387,2362
31044,1261494173,1261497408,3235
31045,1261494315,1261497701,3386
31046,1261494561,1261498185,3624
31047,1261494688,1261498788,4100
31048,1261494815,1261498884,4069
31049,1261496387,1261498978,2591
31050,1261497408,1261499336,1928
31051,1261497701,1261499626,1925
31052,1261498185,1261499720,1535
31053,1261498788,1261500918,2130
31054,1261498884,1261501003,2119
31055,1261498978,1261501586,2608
31056,1261499336,1261503333,3997
31057,1261499626,1261503496,3870
31058,1261499720,1261503880,4160
31059,1261500918,1261504240,3322
31060,1261501003,1261504985,3982
31061,1261501586,1261505432,3846
31062,1261503333,1261506263,2930
31063,1261503496,1261506512,3016
31064,1261503880,1261506866,2986
31065,1261504240,1261508137,3897
31066,1261504985,1261509012,4027
31067,1261505432,1261509224,3792
31068,1261506263,1261509283,3020
31069,1261506512,1261509463,2951
31070,1261506866,1261509567,2701
31071,1261508137,1261510514,2377
31072,1261509012,1261511209,2197
31073,1261509224,1261511449,2225
31074,1261509283,1261512489,3206
31075,1261509463,1261512491,3028
31076,1261509567,1261513303,3736
31077,1261510514,1261513786,3272
31078,1261511209,1261513861,2652
31079,1261511449,1261513905,2456
31080,1261512489,1261514088,1599
31081,1261512491,1261515345,2854
31082,1261513303,1261515553,2250
31083,1261513786,1261515625,1839
31084,1261513861,1261516808,2947
31085,1261513905,1261517595,3690
31086,1261514088,1261518015,3927
31087,1261515345,1261518336,2991
31088,1261515553,1261518675,3122
31089,1261515625,1261518920,3295
31090,1261516808,1261519014,2206
31091,1261517595,1261519214,1619
31092,1261518015,1261519231,1216
31093,1261518336,1261520265,1929
31094,1261518675,1261520899,2224
31095,1261518920,1261521011,2091
31096,1261519014,1261521230,2216
31097,1261519214,1261521242,2028
31098,1261519231,1261521239,2008
31099,1261520265,1261521459,1194
31100,1261520899,1261521962,1063
31101,1261521011,1261522950,1939
31102,1261521230,1261523318,2088
31103,1261521239,1261524577,3338
31104,1261521242,1261525542,4300
31105,1261521459,1261526548,5089
31106,1261521962,1261526752,4790
31107,1261522950,1261526887,3937
31108,1261523318,1261528387,5069
31109,1261524577,1261528736,4159
31110,1261525542,1261529055,3513
31111,1261526548,1261529153,2605
31112,1261526752,1261529511,2759
31113,1261526887,1261529653,2766
31114,1261528387,1261529751,1364
31115,1261528736,1261530022,1286
31116,1261529055,1261530066,1011
31117,1261529153,1261530586,1433
31118,1261529511,1261532052,2541
31119,1261529653,1261533808,4155
31120,1261529751,1261534245,4494
31121,1261530022,1261534307,4285
31122,1261530066,1261535300,5234
31123,1261530586,1261535671,5085
31124,1261532052,1261535817,3765
31125,1261533808,1261536267,2459
31126,1261534245,1261536285,2040
31127,1261534307,1261536748,2441
31128,1261535300,1261537170,1870
31129,1261535671,1261538709,3038
31130,1261535817,1261538961,3144
31131,1261536267,1261539670,3403
31132,1261536285,1261539810,3525
31133,1261536748,1261540274,3526
31134,1261537170,1261540600,3430
31135,1261538709,1261541185,2476
31136,1261538961,1261541211,2250
31137,1261539670,1261541721,2051
31138,1261539810,1261541991,2181
31139,1261540274,1261542896,2622
31140,1261540600,1261543003,2403
31141,1261541185,1261544329,3144
31142,1261541211,1261544736,3525
31143,1261541721,1261545826,4105
31144,1261541991,1261546143,4152
31145,1261542896,1261546481,3585
31146,1261543003,1261546904,3901
31147,1261544329,1261547092,2763
31148,1261544736,1261547093,2357
31149,1261545826,1261548311,2485
31150,1261546143,1261548802,2659
31151,1261546481,1261550530,4049
31152,1261546904,1261550980,4076
31153,1261547092,1261551037,3945
31154,1261547093,1261551192,4099
31155,1261548311,1261551461,3150
31156,1261548802,1261551689,2887
31157,1261550530,1261552730,2200
31158,1261550980,1261553437,2457
31159,1261551037,1261553749,2712
31160,1261551192,1261554021,2829
31161,1261551461,1261554743,3282
31162,1261551689,1261555494,3805
31163,1261552730,1261556067,3337
31164,1261553437,1261556355,2918
31165,1261553749,1261556417,2668
31166,1261554021,1261556806,2785
31167,1261554743,1261557260,2517
31168,1261555494,1261557836,2342
31169,1261556067,1261558282,2215
31170,1261556355,1261558782,2427
31171,1261556417,1261558792,2375
31172,1261556806,1261560086,3280
31173,1261557260,1261560242,2982
31174,1261557836,1261560682,2846
31175,1261558282,1261561094,2812
31176,1261558782,1261562277,3495
31177,1261558792,1261562418,3626
31178,1261560086,1261564808,4722
31179,1261560242,1261565060,4818
31180,1261560682,1261565324,4642
31181,1261561094,1261565609,4515
31182,1261562277,1261566831,4554
31183,1261562418,1261567158,4740
31184,1261564808,1261567434,2626
31185,1261565060,1261567557,2497
31186,1261565324,1261567975,2651
31187,1261565609,1261568618,3009
31188,1261566831,1261568754,1923
31189,1261567158,1261569079,1921
31190,1261567434,1261569842,2408
31191,1261567557,1261570164,2607
31192,1261567975,1261570408,2433
31193,1261568618,1261570652,2034
31194,1261568754,1261571397,2643
31195,1261569079,1261571702,2623
31196,1261569842,1261571908,2066
31197,1261570164,1261572611,2447
31198,1261570408,1261573459,3051
31199,1261570652,1261573590,2938
31200,1261571397,1261573765,2368
31201,1261571702,1261574019,2317
31202,1261571908,1261576060,4152
31203,1261572611,1261576090,3479
31204,1261573459,1261576542,3083
31205,1261573590,1261577537,3947
31206,1261573765,1261577602,3837
31207,1261574019,1261578149,4130
31208,1261576060,1261578523,2463
31209,1261576090,1261578757,2667
31210,1261576542,1261580127,3585
31211,1261577537,1261581502,3965
31212,1261577602,1261581840,4238
31213,1261578149,1261581901,3752
31214,1261578523,1261582859,4336
31215,1261578757,1261583570,4813
31216,1261580127,1261583625,3498
31217,1261581502,1261583932,2430
31218,1261581840,1261584066,2226
31219,1261581901,1261584103,2202
31220,1261582859,1261584363,1504
31221,1261583570,1261585411,1841
31222,1261583625,1261585717,2092
31223,1261583932,1261587994,4062
31224,1261584066,1261588686,4620
31225,1261584103,1261589751,5648
31226,1261584363,1261589922,5559
31227,1261585411,1261590386,4975
31228,1261585717,1261590593,4876
31229,1261587994,1261591516,3522
31230,1261588686,1261591845,3159
31231,1261589751,1261592716,2965
31232,1261589922,1261595414,5492
31233,1261590386,1261597327,6941
31234,1261590593,1261598254,7661
31235,1261591516,1261598439,6923
31236,1261591845,1261598663,6818
31237,1261592716,1261599018,6302
31238,1261595414,1261599282,3868
31239,1261597327,1261599830,2503
31240,1261598254,1261600100,1846
31241,1261598439,1261601227,2788
31242,1261598663,1261603611,4948
31243,1261599018,1261603729,4711
31244,1261599282,1261604146,4864
31245,1261599830,1261604813,4983
31246,1261600100,1261606302,6202
31247,1261601227,1261606594,5367
31248,1261603611,1261607856,4245
31249,1261603729,1261608236,4507
31250,1261604146,1261609768,5622
31251,1261604813,1261609890,5077
31252,1261606302,1261609995,3693
31253,1261606594,1261610325,3731
31254,1261607856,1261610594,2738
31255,1261608236,1261610860,2624
31256,1261609768,1261612183,2415
31257,1261609890,1261612652,2762
31258,1261609995,1261612792,2797
31259,1261610325,1261613055,2730
31260,1261610594,1261613427,2833
31261,1261610860,1261613676,2816
31262,1261612183,1261613904,1721
31263,1261612652,1261614041,1389
31264,1261612792,1261614277,1485
31265,1261613055,1261614319,1264
31266,1261613427,1261614427,1000
31267,1261613676,1261615447,1771
31268,1261613904,1261615629,1725
31269,1261614041,1261615666,1625
31270,1261614277,1261616412,2135
31271,1261614319,1261616746,2427
31272,1261614427,1261617057,2630
31273,1261615447,1261617599,2152
31274,1261615629,1261618036,2407
31275,1261615666,1261618790,3124
31276,1261616412,1261619538,3126
31277,1261616746,1261620349,3603
31278,1261617057,1261620636,3579
31279,1261617599,1261620744,3145
31280,1261618036,1261621966,3930
31281,1261618790,1261622398,3608
31282,1261619538,1261622930,3392
31283,1261620349,1261623182,2833
31284,1261620636,1261623830,3194
31285,1261620744,1261623946,3202
31286,1261621966,1261624544,2578
31287,1261622398,1261626245,3847
31288,1261622930,1261626322,3392
31289,1261623182,1261629120,5938
31290,1261623830,1261630117,6287
31291,1261623946,1261630516,6570
31292,1261624544,1261630572,6028
31293,1261626245,1261630908,4663
31294,1261626322,1261631213,4891
31295,1261629120,1261631661,2541
31296,1261630117,1261631871,1754
31297,1261630516,1261631920,1404
31298,1261630572,1261632131,1559
31299,1261630908,1261632350,1442
31300,1261631213,1261632673,1460
31301,1261631661,1261632728,1067
31302,1261631871,1261633958,2087
31303,1261631920,1261634138,2218
31304,1261632131,1261634264,2133
31305,1261632350,1261634318,1968
31306,1261632673,1261634735,2062
31307,1261632728,1261635624,2896
31308,1261633958,1261636901,2943
31309,1261634138,1261638138,4000
31310,1261634264,1261638175,3911
31311,1261634318,1261640989,6671
31312,1261634735,1261641433,6698
31313,1261635624,1261642372,6748
31314,1261636901,1261642432,5531
31315,1261638138,1261644326,6188
31316,1261638175,1261645433,7258
31317,1261640989,1261645475,4486
31318,1261641433,1261646019,4586
31319,1261642372,1261647146,4774
31320,1261642432,1261647657,5225
31321,1261644326,1261648715,4389
31322,1261645433,1261648864,3431
31323,1261645475,1261649778,4303
31324,1261646019,1261650129,4110
31325,1261647146,1261650592,3446
31326,1261647657,1261651453,3796
31327,1261648715,1261651775,3060
31328,1261648864,1261652660,3796
31329,1261649778,1261652917,3139
31330,1261650129,1261653222,3093
31331,1261650592,1261653715,3123
31332,1261651453,1261653976,2523
31333,1261651775,1261654456,2681
31334,1261652660,1261654981,2321
31335,1261652917,1261655310,2393
31336,1261653222,1261655372,2150
31337,1261653715,1261655635,1920
31338,1261653976,1261656772,2796
31339,1261654456,1261657337,2881
31340,1261654981,1261657676,2695
31341,1261655310,1261658544,3234
31342,1261655372,1261659599,4227
31343,1261655635,1261659623,3988
31344,1261656772,1261659633,2861
31345,1261657337,1261659793,2456
31346,1261657676,1261660037,2361
31347,1261658544,1261660703,2159
31348,1261659599,1261661965,2366
31349,1261659623,1261662152,2529
31350,1261659633,1261664736,5103
31351,1261659793,1261664875,5082
31352,1261660037,1261664950,4913
31353,1261660703,1261666032,5329
31354,1261661965,1261667524,5559
31355,1261662152,1261668002,5850
31356,1261664736,1261668713,3977
31357,1261664875,1261668872,3997
31358,1261664950,1261669885,4935
31359,1261666032,1261670160,4128
31360,1261667524,1261670678,3154
31361,1261668002,1261673280,5278
31362,1261668713,1261673760,5047
31363,1261668872,1261674266,5394
31364,1261669885,1261674844,4959
31365,1261670160,1261675164,5004
31366,1261670678,1261675215,4537
31367,1261673280,1261675419,2139
31368,1261673760,1261676582,2822
31369,1261674266,1261676605,2339
31370,1261674844,1261677080,2236
31371,1261675164,1261677091,1927
31372,1261675215,1261677361,2146
31373,1261675419,1261677656,2237
31374,1261676582,1261677999,1417
31375,1261676605,1261678855,2250
31376,1261677080,1261678947,1867
31377,1261677091,1261679000,1909
31378,1261677361,1261679800,2439
31379,1261677656,1261680135,2479
31380,1261677999,1261680694,2695
31381,1261678855,1261681443,2588
31382,1261678947,1261681791,2844
31383,1261679000,1261681974,2974
31384,1261679800,1261682435,2635
31385,1261680135,1261682824,2689
31386,1261680694,1261682878,2184
31387,1261681443,1261683477,2034
31388,1261681791,1261684114,2323
31389,1261681974,1261685055,3081
31390,1261682435,1261685538,3103
31391,1261682824,1261686128,3304
31392,1261682878,1261686616,3738
31393,1261683477,1261686965,3488
31394,1261684114,1261688443,4329
31395,1261685055,1261689265,4210
31396,1261685538,1261689292,3754
31397,1261686128,1261690203,4075
31398,1261686616,1261690839,4223
31399,1261686965,1261690887,3922
31400,1261688443,1261692383,3940
31401,1261689265,1261693121,3856
31402,1261689292,1261695463,6171
31403,1261690203,1261695698,5495
31404,1261690839,1261696142,5303
31405,1261690887,1261696812,5925
31406,1261692383,1261697392,5009
31407,1261693121,1261697860,4739
31408,1261695463,1261697913,2450
31409,1261695698,1261698306,2608
31410,1261696142,1261698558,2416
31411,1261696812,1261698592,1780
31412,1261697392,1261698962,1570
31413,1261697860,1261699411,1551
31414,1261697913,1261700320,2407
31415,1261698306,1261700338,2032
31416,1261698558,1261701563,3005
31417,1261698592,1261701799,3207
31418,1261698962,1261701798,2836
31419,1261699411,1261703238,3827
31420,1261700320,1261703354,3034
31421,1261700338,1261704624,4286
31422,1261701563,1261704794,3231
31423,1261701798,1261705133,3335
31424,1261701799,1261706630,4831
31425,1261703238,1261707526,4288
31426,1261703354,1261708317,4963
31427,1261704624,1261708882,4258
31428,1261704794,1261709359,4565
31429,1261705133,1261710218,5085
31430,1261706630,1261710285,3655
31431,1261707526,1261710639,3113
31432,1261708317,1261711324,3007
31433,1261708882,1261711688,2806
31434,1261709359,1261712086,2727
31435,1261710218,1261712475,2257
31436,1261710285,1261712592,2307
31437,1261710639,1261713375,2736
31438,1261711324,1261713618,2294
31439,1261711688,1261713744,2056
31440,1261712086,1261714093,2007
31441,1261712475,1261714364,1889
31442,1261712592,1261714430,1838
31443,1261713375,1261714720,1345
31444,1261713618,1261715578,1960
31445,1261713744,1261715675,1931
31446,1261714093,1261716614,2521
31447,1261714364,1261716777,2413
31448,1261714430,1261717298,2868
31449,1261714720,1261717492,2772
31450,1261715578,1261718246,2668
31451,1261715675,1261719651,3976
31452,1261716614,1261719980,3366
31453,1261716777,1261720346,3569
31454,1261717298,1261720466,3168
31455,1261717492,1261720705,3213
31456,1261718246,1261720783,2537
31457,1261719651,1261720794,1143
31458,1261719980,1261720981,1001
31459,1261720346,1261721167,821
31460,1261720466,1261721570,1104
31461,1261720705,1261721583,878
31462,1261720783,1261721961,1178
31463,1261720794,1261722484,1690
31464,1261720981,1261723240,2259
31465,1261721167,1261723907,2740
31466,1261721570,1261724226,2656
31467,1261721583,1261724877,3294
31468,1261721961,1261725119,3158
31469,1261722484,1261725682,3198
31470,1261723240,1261727379,4139
31471,1261723907,1261727415,3508
31472,1261724226,1261727670,3444
31473,1261724877,1261728524,3647
31474,1261725119,1261728979,3860
31475,1261725682,1261729608,3926
31476,1261727379,1261730450,3071
31477,1261727415,1261731185,3770
31478,1261727670,1261731910,4240
31479,1261728524,1261732523,3999
31480,1261728979,1261732601,3622
31481,1261729608,1261733461,3853
31482,1261730450,1261733522,3072
31483,1261731185,1261733579,2394
31484,1261731910,1261734329,2419
31485,1261732523,1261735219,2696
31486,1261732601,1261735313,2712
31487,1261733461,1261735614,2153
31488,1261733522,1261736410,2888
31489,1261733579,1261736546,2967
31490,1261734329,1261736635,2306
31491,1261735219,1261736693,1474
31492,1261735313,1261736877,1564
31493,1261735614,1261737662,2048
31494,1261736410,1261737847,1437
31495,1261736546,1261738579,2033
31496,1261736635,1261739316,2681
31497,1261736693,1261739891,3198
31498,1261736877,1261741054,4177
31499,1261737662,1261741454,3792
31500,1261737847,1261743287,5440
31501,1261738579,1261743616,5037
31502,1261739316,1261744409,5093
31503,1261739891,1261744721,4830
31504,1261741054,1261745777,4723
31505,1261741454,1261746178,4724
31506,1261743287,1261746855,3568
31507,1261743616,1261747162,3546
31508,1261744409,1261747576,3167
31509,1261744721,1261748410,3689
31510,1261745777,1261748458,2681
31511,1261746178,1261748697,2519
31512,1261746855,1261748807,1952
31513,1261747162,1261749461,2299
31514,1261747576,1261749464,1888
31515,1261748410,1261751338,2928
31516,1261748458,1261751800,3342
31517,1261748697,1261753106,4409
31518,1261748807,1261753359,4552
31519,1261749461,1261754313,4852
31520,1261749464,1261754422,4958
31521,1261751338,1261755123,3785
31522,1261751800,1261755741,3941
31523,1261753106,1261757318,4212
31524,1261753359,1261757487,4128
31525,1261754313,1261758021,3708
31526,1261754422,1261758775,4353
31527,1261755123,1261759182,4059
31528,1261755741,1261759384,3643
31529,1261757318,1261759829,2511
31530,1261757487,1261760822,3335
31531,1261758021,1261762048,4027
31532,1261758775,1261765511,6736
31533,1261759182,1261765627,6445
31534,1261759384,1261765727,6343
31535,1261759829,1261765787,5958
31536,1261760822,1261766041,5219
31537,1261762048,1261766394,4346
31538,1261765511,1261766420,909
31539,1261765627,1261767337,1710
31540,1261765727,1261767464,1737
31541,1261765787,1261768362,2575
31542,1261766041,1261769009,2968
31543,1261766394,1261769314,2920
31544,1261766420,1261769358,2938
31545,1261767337,1261770729,3392
31546,1261767464,1261771244,3780
31547,1261768362,1261771955,3593
31548,1261769009,1261772277,3268
31549,1261769314,1261773525,4211
31550,1261769358,1261774387,5029
31551,1261770729,1261774763,4034
31552,1261771244,1261775207,3963
31553,1261771955,1261778283,6328
31554,1261772277,1261779201,6924
31555,1261773525,1261779530,6005
31556,1261774387,1261779801,5414
31557,1261774763,1261782377,7614
31558,1261775207,1261782526,7319
31559,1261778283,1261784203,5920
31560,1261779201,1261784288,5087
31561,1261779530,1261784379,4849
31562,1261779801,1261785812,6011
31563,1261782377,1261786457,4080
31564,1261782526,1261787094,4568
31565,1261784203,1261788050,3847
31566,1261784288,1261788188,3900
31567,1261784379,1261788726,4347
31568,1261785812,1261790143,4331
31569,1261786457,1261791554,5097
31570,1261787094,1261791756,4662
31571,1261788050,1261792762,4712
31572,1261788188,1261792873,4685
31573,1261788726,1261794284,5558
31574,1261790143,1261794878,4735
31575,1261791554,1261795664,4110
31576,1261791756,1261795720,3964
31577,1261792762,1261796750,3988
31578,1261792873,1261796902,4029
31579,1261794284,1261797038,2754
31580,1261794878,1261797330,2452
31581,1261795664,1261797477,1813
31582,1261795720,1261797782,2062
31583,1261796750,1261798402,1652
31584,1261796902,1261798476,1574
31585,1261797038,1261798708,1670
31586,1261797330,1261799879,2549
31587,1261797477,1261800007,2530
31588,1261797782,1261800074,2292
31589,1261798402,1261800350,1948
31590,1261798476,1261801907,3431
31591,1261798708,1261802679,3971
31592,1261799879,1261803135,3256
31593,1261800007,1261804362,4355
31594,1261800074,1261805237,5163
31595,1261800350,1261805349,4999
31596,1261801907,1261805450,3543
31597,1261802679,1261805988,3309
31598,1261803135,1261806231,3096
31599,1261804362,1261807009,2647
31600,1261805237,1261807072,1835
31601,1261805349,1261808028,2679
31602,1261805450,1261808452,3002
31603,1261805988,1261808903,2915
31604,1261806231,1261809100,2869
31605,1261807009,1261809303,2294
31606,1261807072,1261809550,2478
31607,1261808028,1261810447,2419
31608,1261808452,1261810535,2083
31609,1261808903,1261810981,2078
31610,1261809100,1261811318,2218
31611,1261809303,1261812018,2715
31612,1261809550,1261812663,3113
31613,1261810447,1261812835,2388
31614,1261810535,1261812854,2319
31615,1261810981,1261813029,2048
31616,1261811318,1261813331,2013
31617,1261812018,1261813390,1372
31618,1261812663,1261814649,1986
31619,1261812835,1261815211,2376
31620,1261812854,1261815446,2592
31621,1261813029,1261815555,2526
31622,1261813331,1261815659,2328
31623,1261813390,1261815678,2288
31624,1261814649,1261819213,4564
31625,1261815211,1261819237,4026
31626,1261815446,1261820072,4626
31627,1261815555,1261820806,5251
31628,1261815659,1261820864,5205
31629,1261815678,1261821260,5582
31630,1261819213,1261822657,3444
31631,1261819237,1261823015,3778
31632,1261820072,1261823621,3549
31633,1261820806,1261823796,2990
31634,1261820864,1261823904,3040
31635,1261821260,1261823947,2687
31636,1261822657,1261824125,1468
31637,1261823015,1261824943,1928
31638,1261823621,1261824999,1378
31639,1261823796,1261825313,1517
31640,1261823904,1261825354,1450
31641,1261823947,1261826292,2345
31642,1261824125,1261826413,2288
31643,1261824943,1261826854,1911
31644,1261824999,1261827486,2487
31645,1261825313,1261827950,2637
31646,1261825354,1261828371,3017
31647,1261826292,1261829862,3570
31648,1261826413,1261830289,3876
31649,1261826854,1261830941,4087
31650,1261827486,1261830945,3459
31651,1261827950,1261831678,3728
31652,1261828371,1261832027,3656
31653,1261829862,1261832461,2599
31654,1261830289,1261833010,2721
31655,1261830941,1261833520,2579
31656,1261830945,1261833992,3047
31657,1261831678,1261835861,4183
31658,1261832027,1261836266,4239
31659,1261832461,1261836764,4303
31660,1261833010,1261837488,4478
31661,1261833520,1261838245,4725
31662,1261833992,1261839149,5157
31663,1261835861,1261839177,3316
31664,1261836266,1261839544,3278
31665,1261836764,1261840481,3717
31666,1261837488,1261841032,3544
31667,1261838245,1261841269,3024
31668,1261839149,1261841635,2486
31669,1261839177,1261842550,3373
31670,1261839544,1261842879,3335
31671,1261840481,1261843949,3468
31672,1261841032,1261845484,4452
31673,1261841269,1261845700,4431
31674,1261841635,1261846535,4900
31675,1261842550,1261847064,4514
31676,1261842879,1261847075,4196
31677,1261843949,1261847116,3167
31678,1261845484,1261847409,1925
31679,1261845700,1261847505,1805
31680,1261846535,1261847597,1062
31681,1261847064,1261847676,612
31682,1261847075,1261848197,1122
31683,1261847116,1261848791,1675
31684,1261847409,1261848904,1495
31685,1261847505,1261849694,2189
31686,1261847597,1261849773,2176
31687,1261847676,1261849821,2145
31688,1261848197,1261850283,2086
31689,1261848791,1261850893,2102
31690,1261848904,1261851201,2297
31691,1261849694,1261851466,1772
31692,1261849773,1261851603,1830
31693,1261849821,1261851820,1999
31694,1261850283,1261852987,2704
31695,1261850893,1261853010,2117
31696,1261851201,1261853302,2101
31697,1261851466,1261853656,2190
31698,1261851603,1261854235,2632
31699,1261851820,1261854848,3028
31700,1261852987,1261854982,1995
31701,1261853010,1261855183,2173
31702,1261853302,1261855767,2465
31703,1261853656,1261855985,2329
31704,1261854235,1261856433,2198
31705,1261854848,1261857028,2180
31706,1261854982,1261857417,2435
31707,1261855183,1261858427,3244
31708,1261855767,1261858648,2881
31709,1261855985,1261858689,2704
31710,1261856433,1261859487,3054
31711,1261857028,1261859516,2488
31712,1261857417,1261861027,3610
31713,1261858427,1261861319,2892
31714,1261858648,1261862155,3507
31715,1261858689,1261862329,3640
31716,1261859487,1261862743,3256
31717,1261859516,1261863323,3807
31718,1261861027,1261863467,2440
31719,1261861319,1261863515,2196
31720,1261862155,1261863601,1446
31721,1261862329,1261865173,2844
31722,1261862743,1261865402,2659
31723,1261863323,1261865698,2375
31724,1261863467,1261865885,2418
31725,1261863515,1261866101,2586
31726,1261863601,1261866223,2622
31727,1261865173,1261866483,1310
31728,1261865402,1261866605,1203
31729,1261865698,1261866999,1301
31730,1261865885,1261868235,2350
31731,1261866101,1261868553,2452
31732,1261866223,1261869341,3118
31733,1261866483,1261870209,3726
31734,1261866605,1261871511,4906
31735,1261866999,1261871778,4779
31736,1261868235,1261872770,4535
31737,1261868553,1261874258,5705
31738,1261869341,1261874431,5090
31739,1261870209,1261874520,4311
31740,1261871511,1261874684,3173
31741,1261871778,1261876160,4382
31742,1261872770,1261876274,3504
31743,1261874258,1261877131,2873
31744,1261874431,1261877716,3285
31745,1261874520,1261877782,3262
31746,1261874684,1261879018,4334
31747,1261876160,1261879540,3380
31748,1261876274,1261879972,3698
31749,1261877131,1261880167,3036
31750,1261877716,1261880311,2595
31751,1261877782,1261880405,2623
31752,1261879018,1261881251,2233
31753,1261879540,1261881694,2154
31754,1261879972,1261881766,1794
31755,1261880167,1261882296,2129
31756,1261880311,1261883583,3272
31757,1261880405,1261884043,3638
31758,1261881251,1261884274,3023
31759,1261881694,1261884425,2731
31760,1261881766,1261884753,2987
31761,1261882296,1261885708,3412
31762,1261883583,1261886399,2816
31763,1261884043,1261888020,3977
31764,1261884274,1261888193,3919
31765,1261884425,1261888990,4565
31766,1261884753,1261889076,4323
31767,1261885708,1261889452,3744
31768,1261886399,1261890111,3712
31769,1261888020,1261890902,2882
31770,1261888193,1261891217,3024
31771,1261888990,1261891585,2595
31772,1261889076,1261892419,3343
31773,1261889452,1261892851,3399
31774,1261890111,1261893024,2913
31775,1261890902,1261893542,2640
31776,1261891217,1261893694,2477
31777,1261891585,1261894849,3264
31778,1261892419,1261895460,3041
31779,1261892851,1261896306,3455
31780,1261893024,1261897994,4970
31781,1261893542,1261899238,5696
31782,1261893694,1261899542,5848
31783,1261894849,1261899577,4728
31784,1261895460,1261901296,5836
31785,1261896306,1261901550,5244
31786,1261897994,1261901643,3649
31787,1261899238,1261902126,2888
31788,1261899542,1261903180,3638
31789,1261899577,1261903196,3619
31790,1261901296,1261903730,2434
31791,1261901550,1261904353,2803
31792,1261901643,1261905395,3752
31793,1261902126,1261906729,4603
31794,1261903180,1261908065,4885
31795,1261903196,1261908692,5496
31796,1261903730,1261909159,5429
31797,1261904353,1261910204,5851
31798,1261905395,1261910662,5267
31799,1261906729,1261911599,4870
31800,1261908065,1261911870,3805
31801,1261908692,1261912285,3593
31802,1261909159,1261912382,3223
31803,1261910204,1261913546,3342
31804,1261910662,1261913603,2941
31805,1261911599,1261914087,2488
31806,1261911870,1261914348,2478
31807,1261912285,1261914684,2399
31808,1261912382,1261916110,3728
31809,1261913546,1261916763,3217
31810,1261913603,1261916873,3270
31811,1261914087,1261918463,4376
31812,1261914348,1261918977,4629
31813,1261914684,1261919349,4665
31814,1261916110,1261919447,3337
31815,1261916763,1261919559,2796
31816,1261916873,1261919710,2837
31817,1261918463,1261921273,2810
31818,1261918977,1261921415,2438
31819,1261919349,1261921445,2096
31820,1261919447,1261921565,2118
31821,1261919559,1261921595,2036
31822,1261919710,1261921797,2087
31823,1261921273,1261921809,536
31824,1261921415,1261921889,474
31825,1261921445,1261922060,615
31826,1261921565,1261922239,674
31827,1261921595,1261922625,1030
31828,1261921797,1261922681,884
31829,1261921809,1261924292,2483
31830,1261921889,1261924850,2961
31831,1261922060,1261925905,3845
31832,1261922239,1261926228,3989
31833,1261922625,1261926620,3995
31834,1261922681,1261927506,4825
31835,1261924292,1261927628,3336
31836,1261924850,1261928747,3897
31837,1261925905,1261929337,3432
31838,1261926228,1261929476,3248
31839,1261926620,1261929620,3000
31840,1261927506,1261929660,2154
31841,1261927628,1261930189,2561
31842,1261928747,1261930464,1717
31843,1261929337,1261931052,1715
31844,1261929476,1261931949,2473
31845,1261929620,1261932181,2561
31846,1261929660,1261932428,2768
31847,1261930189,1261932595,2406
31848,1261930464,1261932971,2507
31849,1261931052,1261933347,2295
31850,1261931949,1261933454,1505
31851,1261932181,1261933645,1464
31852,1261932428,1261934569,2141
31853,1261932595,1261934817,2222
31854,1261932971,1261935075,2104
31855,1261933347,1261935106,1759
31856,1261933454,1261936006,2552
31857,1261933645,1261936163,2518
31858,1261934569,1261937259,2690
31859,1261934817,1261937292,2475
31860,1261935075,1261937802,2727
31861,1261935106,1261938175,3069
31862,1261936006,1261938854,2848
31863,1261936163,1261938971,2808
31864,1261937259,1261942385,5126
31865,1261937292,1261942804,5512
31866,1261937802,1261943150,5348
31867,1261938175,1261943903,5728
31868,1261938854,1261944206,5352
31869,1261938971,1261945204,6233
31870,1261942385,1261945347,2962
31871,1261942804,1261945448,2644
31872,1261943150,1261945719,2569
31873,1261943903,1261946301,2398
31874,1261944206,1261946950,2744
31875,1261945204,1261947871,2667
31876,1261945347,1261947918,2571
31877,1261945448,1261948112,2664
31878,1261945719,1261948457,2738
31879,1261946301,1261948916,2615
31880,1261946950,1261948945,1995
31881,1261947871,1261949025,1154
31882,1261947918,1261949272,1354
31883,1261948112,1261949697,1585
31884,1261948457,1261950513,2056
31885,1261948916,1261951546,2630
31886,1261948945,1261951842,2897
31887,1261949025,1261952613,3588
31888,1261949272,1261953260,3988
31889,1261949697,1261953504,3807
31890,1261950513,1261953575,3062
31891,1261951546,1261953685,2139
31892,1261951842,1261953736,1894
31893,1261952613,1261953962,1349
31894,1261953260,1261954127,867
31895,1261953504,1261954175,671
31896,1261953575,1261954214,639
31897,1261953685,1261954499,814
31898,1261953736,1261954728,992
31899,1261953962,1261955014,1052
31900,1261954127,1261955295,1168
31901,1261954175,1261955812,1637
31902,1261954214,1261957110,2896
31903,1261954499,1261960564,6065
31904,1261954728,1261961003,6275
31905,1261955014,1261961050,6036
31906,1261955295,1261961050,5755
31907,1261955812,1261961213,5401
31908,1261957110,1261961620,4510
31909,1261960564,1261962151,1587
31910,1261961003,1261962165,1162
31911,1261961050,1261962555,1505
31912,1261961050,1261963567,2517
31913,1261961213,1261963674,2461
31914,1261961620,1261964342,2722
31915,1261962151,1261964368,2217
31916,1261962165,1261964669,2504
31917,1261962555,1261964695,2140
31918,1261963567,1261965469,1902
31919,1261963674,1261965708,2034
31920,1261964342,1261966928,2586
31921,1261964368,1261967078,2710
31922,1261964669,1261967131,2462
31923,1261964695,1261968124,3429
31924,1261965469,1261968388,2919
31925,1261965708,1261968457,2749
31926,1261966928,1261969364,2436
31927,1261967078,1261971991,4913
31928,1261967131,1261972080,4949
31929,1261968124,1261972155,4031
31930,1261968388,1261972853,4465
31931,1261968457,1261973641,5184
31932,1261969364,1261973728,4364
31933,1261971991,1261973784,1793
31934,1261972080,1261974151,2071
31935,1261972155,1261976885,4730
31936,1261972853,1261977105,4252
31937,1261973641,1261977532,3891
31938,1261973728,1261978730,5002
31939,1261973784,1261979924,6140
31940,1261974151,1261980479,6328
31941,1261976885,1261981057,4172
31942,1261977105,1261981132,4027
31943,1261977532,1261981196,3664
31944,1261978730,1261981595,2865
31945,1261979924,1261981779,1855
31946,1261980479,1261982063,1584
31947,1261981057,1261982236,1179
31948,1261981132,1261982859,1727
31949,1261981196,1261983014,1818
31950,1261981595,1261983866,2271
31951,1261981779,1261984871,3092
31952,1261982063,1261986127,4064
31953,1261982236,1261986231,3995
31954,1261982859,1261987689,4830
31955,1261983014,1261990076,7062
31956,1261983866,1261990755,6889
31957,1261984871,1261990854,5983
31958,1261986127,1261994451,8324
31959,1261986231,1261995118,8887
31960,1261987689,1261997674,9985
31961,1261990076,1261997952,7876
31962,1261990755,1261999419,8664
31963,1261990854,1261999473,8619
31964,1261994451,1262000451,6000
31965,1261995118,1262000732,5614
31966,1261997674,1262001740,4066
31967,1261997952,1262003015,5063
31968,1261999419,1262004254,4835
31969,1261999473,1262007345,7872
31970,1262000451,1262007742,7291
31971,1262000732,1262008271,7539
31972,1262001740,1262009166,7426
31973,1262003015,1262011874,8859
31974,1262004254,1262012018,7764
31975,1262007345,1262012412,5067
31976,1262007742,1262013100,5358
31977,1262008271,1262013879,5608
31978,1262009166,1262013906,4740
31979,1262011874,1262014298,2424
31980,1262012018,1262015631,3613
31981,1262012412,1262015637,3225
31982,1262013100,1262015828,2728
31983,1262013879,1262016374,2495
31984,1262013906,1262016512,2606
31985,1262014298,1262017494,3196
31986,1262015631,1262017666,2035
31987,1262015637,1262017703,2066
31988,1262015828,1262018190,2362
31989,1262016374,1262021915,5541
31990,1262016512,1262018797,2285
31991,1262017494,1262022796,5302
31992,1262017666,1262019623,1957
31993,1262017703,1262019639,1936
31994,1262018190,1262023394,5204
31995,1262018797,1262020264,1467
31996,1262019623,1262022763,3140
31997,1262019639,1262023444,3805
31998,1262020264,1262024513,4249
31999,1262021915,1262025015,3100
32000,1262022763,1262025496,2733
32001,1262022796,1262025697,2901
32002,1262023394,1262025991,2597
32003,1262023444,1262027096,3652
32004,1262024513,1262027310,2797
32005,1262025015,1262027688,2673
32006,1262025496,1262027856,2360
32007,1262025697,1262031791,6094
32008,1262025991,1262031886,5895
32009,1262027096,1262028371,1275
32010,1262027310,1262029120,1810
32011,1262027688,1262029419,1731
32012,1262027856,1262029668,1812
32013,1262028371,1262029837,1466
32014,1262029120,1262030919,1799
32015,1262029419,1262031656,2237
32016,1262029668,1262031753,2085
32017,1262029837,1262032592,2755
32018,1262030919,1262032857,1938
32019,1262030919,1262033306,2387
32020,1262030919,1262035037,4118
32021,1262031656,1262035918,4262
32022,1262031753,1262036000,4247
32023,1262032592,1262036351,3759
32024,1262032857,1262036613,3756
32025,1262033306,1262036953,3647
32026,1262035037,1262038141,3104
32027,1262035918,1262039207,3289
32028,1262036000,1262039475,3475
32029,1262036351,1262039514,3163
32030,1262036613,1262039591,2978
32031,1262036953,1262040441,3488
32032,1262038141,1262040547,2406
32033,1262039207,1262041169,1962
32034,1262039475,1262042240,2765
32035,1262039514,1262043221,3707
32036,1262039591,1262043363,3772
32037,1262040441,1262043841,3400
32038,1262040547,1262044040,3493
32039,1262041169,1262044251,3082
32040,1262042240,1262048309,6069
32041,1262043221,1262047412,4191
32042,1262043363,1262048473,5110
32043,1262043841,1262048717,4876
32044,1262044040,1262050686,6646
32045,1262044251,1262050793,6542
32046,1262047412,1262051304,3892
32047,1262048309,1262051367,3058
32048,1262048473,1262053033,4560
32049,1262048717,1262053870,5153
32050,1262050686,1262054214,3528
32051,1262050793,1262054243,3450
32052,1262051304,1262054804,3500
32053,1262051367,1262055432,4065
32054,1262053033,1262055551,2518
32055,1262053870,1262055862,1992
32056,1262054214,1262056126,1912
32057,1262054243,1262056676,2433
32058,1262054804,1262057023,2219
32059,1262055432,1262057109,1677
32060,1262055551,1262057230,1679
32061,1262055862,1262057474,1612
32062,1262056126,1262057787,1661
32063,1262056676,1262058526,1850
32064,1262057023,1262058570,1547
32065,1262057109,1262059315,2206
32066,1262057230,1262059841,2611
32067,1262057474,1262060357,2883
32068,1262057787,1262061026,3239
32069,1262058526,1262061474,2948
32070,1262058570,1262061520,2950
32071,1262059315,1262061864,2549
32072,1262059841,1262063009,3168
32073,1262060357,1262063523,3166
32074,1262061026,1262063902,2876
32075,1262061474,1262064837,3363
32076,1262061520,1262065348,3828
32077,1262061864,1262065595,3731
32078,1262063009,1262066209,3200
32079,1262063523,1262066370,2847
32080,1262063902,1262066816,2914
32081,1262064837,1262066956,2119
32082,1262065348,1262067610,2262
32083,1262065595,1262069374,3779
32084,1262066209,1262071920,5711
32085,1262066370,1262072080,5710
32086,1262066816,1262072376,5560
32087,1262066956,1262072718,5762
32088,1262067610,1262072909,5299
32089,1262069374,1262073324,3950
32090,1262071920,1262073381,1461
32091,1262072080,1262074031,1951
32092,1262072376,1262074406,2030
32093,1262072718,1262074657,1939
32094,1262072909,1262074815,1906
32095,1262073324,1262075410,2086
32096,1262073381,1262075461,2080
32097,1262074031,1262076579,2548
32098,1262074406,1262076665,2259
32099,1262074657,1262076765,2108
32100,1262074815,1262076901,2086
32101,1262075410,1262077116,1706
32102,1262075461,1262077928,2467
32103,1262076579,1262078091,1512
32104,1262076665,1262078134,1469
32105,1262076765,1262078260,1495
32106,1262076901,1262078971,2070
32107,1262077116,1262079007,1891
32108,1262077928,1262079243,1315
32109,1262078091,1262080192,2101
32110,1262078134,1262080387,2253
32111,1262078260,1262080997,2737
32112,1262078971,1262081415,2444
32113,1262079007,1262081690,2683
32114,1262079243,1262082150,2907
32115,1262080192,1262082219,2027
32116,1262080387,1262082344,1957
32117,1262080997,1262082525,1528
32118,1262081415,1262083104,1689
32119,1262081690,1262084453,2763
32120,1262082150,1262085450,3300
32121,1262082219,1262085584,3365
32122,1262082344,1262085598,3254
32123,1262082525,1262086393,3868
32124,1262083104,1262088441,5337
32125,1262084453,1262088729,4276
32126,1262085450,1262089135,3685
32127,1262085584,1262089264,3680
32128,1262085598,1262089340,3742
32129,1262086393,1262089356,2963
32130,1262088441,1262089780,1339
32131,1262088729,1262090056,1327
32132,1262089135,1262090249,1114
32133,1262089264,1262090958,1694
32134,1262089340,1262091997,2657
32135,1262089356,1262092184,2828
32136,1262089780,1262092286,2506
32137,1262090056,1262093792,3736
32138,1262090249,1262094098,3849
32139,1262090958,1262094524,3566
32140,1262091997,1262095263,3266
32141,1262092184,1262095716,3532
32142,1262092286,1262096304,4018
32143,1262093792,1262096929,3137
32144,1262094098,1262097287,3189
32145,1262094524,1262098239,3715
32146,1262095263,1262098315,3052
32147,1262095716,1262098370,2654
32148,1262096304,1262098529,2225
32149,1262096929,1262098867,1938
32150,1262097287,1262099525,2238
32151,1262098239,1262100122,1883
32152,1262098315,1262100987,2672
32153,1262098370,1262101149,2779
32154,1262098529,1262101924,3395
32155,1262098867,1262103199,4332
32156,1262099525,1262103728,4203
32157,1262100122,1262104961,4839
32158,1262100987,1262107027,6040
32159,1262101149,1262109017,7868
32160,1262101924,1262109588,7664
32161,1262103199,1262109813,6614
32162,1262103728,1262110901,7173
32163,1262104961,1262111054,6093
32164,1262107027,1262111184,4157
32165,1262109017,1262112085,3068
32166,1262109588,1262112465,2877
32167,1262109813,1262113036,3223
32168,1262110901,1262113068,2167
32169,1262111054,1262114000,2946
32170,1262111184,1262114510,3326
32171,1262112085,1262115686,3601
32172,1262112465,1262116046,3581
32173,1262113036,1262116210,3174
32174,1262113068,1262116258,3190
32175,1262114000,1262116658,2658
32176,1262114510,1262116829,2319
32177,1262115686,1262117543,1857
32178,1262116046,1262117666,1620
32179,1262116210,1262119226,3016
32180,1262116258,1262119364,3106
32181,1262116658,1262119665,3007
32182,1262116829,1262120775,3946
32183,1262117543,1262121063,3520
32184,1262117666,1262121184,3518
32185,1262119226,1262121427,2201
32186,1262119364,1262121668,2304
32187,1262119665,1262121800,2135
32188,1262120775,1262122146,1371
32189,1262121063,1262122409,1346
32190,1262121184,1262122880,1696
32191,1262121427,1262123103,1676
32192,1262121668,1262124196,2528
32193,1262121800,1262125118,3318
32194,1262122146,1262125830,3684
32195,1262122409,1262126099,3690
32196,1262122880,1262126363,3483
32197,1262123103,1262126455,3352
32198,1262124196,1262126683,2487
32199,1262125118,1262126720,1602
32200,1262125830,1262126814,984
32201,1262126099,1262127878,1779
32202,1262126363,1262127958,1595
32203,1262126455,1262128319,1864
32204,1262126683,1262128741,2058
32205,1262126720,1262129426,2706
32206,1262126814,1262129925,3111
32207,1262127878,1262130129,2251
32208,1262127958,1262130367,2409
32209,1262128319,1262131136,2817
32210,1262128741,1262131197,2456
32211,1262129426,1262131422,1996
32212,1262129925,1262132132,2207
32213,1262130129,1262132371,2242
32214,1262130367,1262132547,2180
32215,1262131136,1262133147,2011
32216,1262131197,1262134300,3103
32217,1262131422,1262134719,3297
32218,1262132132,1262134855,2723
32219,1262132371,1262134877,2506
32220,1262132547,1262134931,2384
32221,1262133147,1262136133,2986
32222,1262134300,1262136749,2449
32223,1262134719,1262138062,3343
32224,1262134855,1262138347,3492
32225,1262134877,1262139888,5011
32226,1262134931,1262139953,5022
32227,1262136133,1262140283,4150
32228,1262136749,1262140500,3751
32229,1262138062,1262140599,2537
32230,1262138347,1262140818,2471
32231,1262139888,1262141362,1474
32232,1262139953,1262141426,1473
32233,1262140283,1262141817,1534
32234,1262140500,1262142199,1699
32235,1262140599,1262142624,2025
32236,1262140818,1262142817,1999
32237,1262141362,1262142935,1573
32238,1262141426,1262143345,1919
32239,1262141817,1262143478,1661
32240,1262142199,1262143636,1437
32241,1262142624,1262145242,2618
32242,1262142817,1262145603,2786
32243,1262142935,1262145660,2725
32244,1262143345,1262146336,2991
32245,1262143478,1262146470,2992
32246,1262143636,1262146941,3305
32247,1262145242,1262149581,4339
32248,1262145603,1262149719,4116
32249,1262145660,1262149814,4154
32250,1262146336,1262150129,3793
32251,1262146470,1262150214,3744
32252,1262146941,1262150242,3301
32253,1262149581,1262151952,2371
32254,1262149719,1262152015,2296
32255,1262149814,1262152739,2925
32256,1262150129,1262153464,3335
32256,1262150129,1262153464,3335
32256,1262150129,1262153464,3335
